20;0
200;108
2000;133,242
2001;630,659
2002;849,886
2003;1188,1217
2004;1533,1586
2005;1869,1898
2006;2298,2311
2007;2618,2671
2008;2881,2934
2009;3214,3251
2010;3470,3707
2011;4878,5083
2012;5631,5700
2013;6172,6377
2014;7326,8275
20140419;13535
20140426;13551
2015;13568,13637
2016;14235,14272
2017;14480,14658
2018;14743
2019;14936,14965
2021;15074
2050;15086
2054;15098
2055;15110
2059;15122
2060;15134
20th;15146,15543
21;17548,17583
210;17739
21st;17750,18003
22;19678
23;19702,19737
24;19796
25;19811,19822
250;19846
254;19857
2k;19866
2nd;19876
2ne1;19964
