20;0,2302
200;14132,14681
2000;17147,17930
20000;21764,21786
200000;21798
2000000;21861
20001736;21876
20002;21893
20007;21905
200078;21918
2000kcal;21932
2000n;21948
2000rmb;21960
2000td;21974
2000th;21995
2001;22009,22551
20010861;25545
200111;25561
20012;25575
20014;25588
200165;25601
20019ipcc;25615
2001draft;25632
2002;25650,26169
20021025;29447
200211;29463
20023;29478
20023941;29491
20024501;29507
20024776;29523
20025866;29539
20026346;29555
200278;29571
20029950;29586
2002draft;29602
2002pub;29620
2003;29635,30242
200302450;33463
20030711;33487
20032;33503
2003apr18;33515
2003cinema;33532
2003epigen;33551
2003pub;33569
2004;33584,34125
200403;37674
2004385921;37688
2004draft;37706
2005;37724,38346
200500;42309
20050610;42323
20054;42339
2005a;42352
2005b;42365
2006;42378,43016
20060301;47391
20060329;47407
20060524;47423
200606;47439
20060918;47453
20062699;47469
2006789;47492
200684;47507
2006959;47521
2006color;47536
2006draft;47553
2006feb3;47571
2006host;47587
2007;47603,48314
20070829;52790
20070918;52806
200722;52822
20079;52836
2007a;52849
2007b;52862
2007color;52875
2008;52892,53746
200806;58855
20080905;58869
20081;58885,58907
20081030;58920
200822;58936
2008230000;58950
2008242280;58968
2008319959;58986
200836;59004
2008b;59018
2008color;59120
2008edit;59137
2009;59153,60113
20090105;65573
20090401;65588
20090414;65604
200905;65620
20090518;65634
20090621;65650
20092008;65755
20094;65771
20095;65784
200981;65797
2009a;65811
2009b;65824
200k;65837
200m;65848
200px;65860,65906
200pxdate;66383
200th;66400
200x200px;66441
201;66466,66502
2010;66956,68094
20100;74812
20100142;74825
20100408;74842
20100409;74858
20100514;74874
20100521;74891
201012;74907
20101204;74921
20101209;74937
20101211;74953
20101219;74969
20101227;74985
20105414;75001
201080;75017
201088;75031
201096;75045
2010a;75059
2010b;75072
2010color;75086
2010last;75103
2010r;75120
2011;75133,76512
20110108;83461
201102;83477
20110201;83491
20110202;83507
20110204;83523
20110211;83539
20110311;83555
20110626;83571
20110629;83587
20110701;83603
20110712;83619
20110817;83635
20110901;83651
20111204;83667
201149;83683
201187;83697
201195;83711
2011april;83725
2012;83743,85048
20120218;92957
20120228;92973
201203;92989
20120321;93003
20120322;93019
201203504;93035
201204;93053
20120519;93074
20120703;93090
20120730;93106
20120927;93122
20121008;93138
20121112;93154
20121113;93259
20121115;93354
20121212;93370
201246986;93386
2012a;93403
2012b;93416
2012imag;93429
2012tim;93444
2013;93459,95242
20130124;105852
20130224;105868
20130301;105884
20130404;105907
20130505;105930
20130517;105946
20130520;105962
20130620;105978
20130627;105994
20130703;106010
20130807;106026
20130901;106042
20130911;106058
20130926;106074
20131516;106090
201317;106106
201332;106120
2013375202;106134
20135;106152
201370;106165
20138;106179
2013a;106192
2013b;106205
2013he;106225
2013jump;106239
2013the;106255
2013wayn;106269
2013z;106285
2014;106297,135419
20140128;140863
20140206;140879
20140213;140895
20140214;140912
20140301;140937
20140327;140967
20140425;140990
20140502;141006
20140507;141022
20140624;141038
20140628;141054
20140712;141070
201407189;141086
20140919;141103
20140920;141119
20140977;141135
20141102;141151
20141115;141167
20141127;141184
20141215;141200
20141222;141216
20142015;141232
201423;141255
201454;141269
201492;141283
2014asin;141297
2014b;141313
2014c;141340
2014cours;141353
2014end;141371
2014here;141387
2014th;141404
2015;141418,142913
20150320;151892
20150415;151908
20150515;151924
20150615;151940
201508;151956
20150929;151970
20151008;151986
20151130;152002
20152013;152018
201530;152034
20154094;152048
201546;152064
2015he;152078
2016;152091,153241
20160128;160284
20160721;160300
20160908;160316
20161215;160332
20161220;160348
20161222;160364
201630;160380
201653;160394
201691;160408
201698;160422
2016pna;160436
2016these;160451
2017;160475,161565
20170223;167038
20170303;167054
20170326;167070
20170401;167086
20170406;167102
20170517;167118
201706;167134
20170729;167148
20170915;167164
20170928;167180
20171019;167196
20171107;167212
20171130;167228
201729;167244
20174;167258
201752;167271
201782;167285
2017phelan;167299
2018;167317,168282
2018008232;173273
20180111;173290
20180116;173306
20180122;173322
20180215;173338
20180220;173354
20180222;173370
20180223;173386
20180316;173402
20180419;173418
20180710;173434
20180809;173450
20180928;173466
20181002;173482
20181025;173498
20181109;173514
20181204;173530
201820;173546
2018230011;173560
201859;173578
20187;173592
201877;173605
20189;173620
201891;173634
201897;173655
2018the;173669
2019;173683,174241
20190214;177980
20190305;177996
20190314;178012
20190329;178028
20190452;178044
20190628;178095
20190726;178111
20190802;178127
20190823;178143
20190920;178159
20190924;178175
20191122;178191
201929;178207
20193;178228
201959;178241
201988;178255
201999;178269
201st;178283
202;178303,178387
2020;178915,178968
20200073;179240
20200129;179257
20200130;179274
20200254;179291
20200310;179308
20200348;179325
202008;179342
202013;179356
202015;179370
202049;179385
2021;179399,179420
202148;179495
2022;179509,179522
202216;179576
20221758;179590
202286;179605
2022pt;179619
2023;179634
20231;179653
202324;179666
202362;179680
2024;179694
2024194349;179734
2024345249;179752
202446;179769
202449;179783
20246208;179797
2025;179812
20250;179864
202538;179877
202599;179891
2026;179905
202608;179931
2027;179945
2027189;179957
2028;179972
202827;179985
2029;179999
202902168;180011
202950;180027
202995;180042
20299934;180056
203;180071,180187
2030;180681,180694
2031;180734
203131;180760
2032;180775
20320;180794
203201;180807
20322;180821
20326459;180834
2033;180849,180862
2033821046;180881
2034;180898
20341090;180924
20341480;180948
203423;180965
2034276;180979
2035;180994
20356125;181020
2036;181036,181049
20361;181061
20362;181074
2036271244;181087
2036683;181104
203683852;181119
2037;181137
2037118;181169
2037146;181184
203773;181199
203779;181220
2038;181234
20382;181253
203857;181266
203880;181280
2039;181294
203979;181320
204;181334,181402
2040;182186
20406f;182198
20409;182213
2041;182226
204114;182245
204132;182259
20414171;182273
204147;182289
2042;182303
2043;182315
204325945;182341
204330;182358
204369;182372
2044030428;182386
204422;182403
204456;182417
204499212;182431
2045;182448
20453;182467
204597;182480
2046;182494
20461;182507
204689;182520
20469;182534
2047;182547
20473;182573
204763808;182586
204774418;182603
2048;182620
204813;182633
204865;182647
2048planet;182661
2049;182681
204948;182707
2049480;182721
204978888;182736
205;182753,182837
2050;183354,183367
20502661;183386
205048;183409
205093;183423
2051;183437
205101;183463
205152;183477
20516;183498
2052;183511
205200;183537
2053;183551
2054;183583
205496075;183609
2055;183625
205511;183644
205521;183658
205536;183672
20563;183686
2057;183699
2058;183718
2059;183730
205902;183756
20599;183770
206;183783,183852
2060;184425
20601;184437
206082;184450
2061;184465
206100;184491
206131;184505
206139;184519
206154;184533
20619;184547
2062;184560
206227;184573
2063;184587
206336;184599
2064;184620
206421;184632
2065;184646,184659
2066;184671
2066107;184683
2066367;184698
2066369;184713
206779;184728
2067793;184742
206792;184757
2068;184770
206801;184782
206886;184796
20688692;184810
2069;184826
206th;184837,184851
207;184864,184900
2070;185380
207004;185393,185448
20708;185586
2071;185599,185612
207123;185624
20714;185638
207161;185651
2072;185665
2072057;185677
207222;185693
20722412;185707
20727;185723
2073;185736
2073651701;185775
207383;185792
20739990;185806
207401;185822
207451;185843
207474;185857
2075;185871
2075828;185896
2076;185910
20763;185922
207642;185935
20765;185949
2077;185962
20770529;185988
207718;186011
207802;186025
20785;186039
2078592;186051
207878;186066
207886;186080
2079;186094
207aa;186113
208;186127,186179
2080;186599
208054;186611
208153;186625
208214;186639
20824;186653
2083;186666
208320695;186678
20842;186695
20844;186708
208450;186721
208457554;186735
208488;186752
2085;186766
208504;186785
208557;186799
20856122;186813,186830
2086;186846
208611;186857
20863;186871
2087;186884
208717;186903
208755;186917
2088;186931
2089;186957
208960;186982
209;186996,187064
2090;187553
2091;187565
20911;187577
209122;187590
2092;187604,187617
2093;187629
209343;187648
2094;187662
2095;187688
209518;187700
2096;187714
20960;187732
20962;187745
209679;187758
2097;187772
2097005248;187784
20973;187801
2098;187814
209853597;187827
20986;187844
209869;187857
2099;187871
209th;187883
20a;187896,187908
20a4;187926
20about;187938
20ad;187952
20ai;187963
20am;187975
20american;187988
20and;188006,188020
20anti;188032
20are;188047
20arriv;188061
20aspect;188076
20b44b;188092
20bi;188106
20c;188119
20cafr;188130
20come;188144
20critiqu;188158
20crue;188176
20cuomo;188190
20d;188205,188217
20data;188228
20dufour;188249
20em;188266,188287
20essay;188410
20exist;188426
20fall;188442
20ff;188456
20figur;188469
20first;188484
20for;188500
20french;188520
20fritz;188537
20from;188553
20h;188568
20igor;188586
20janev;188600
20journal;188616
20juli;188633
20k;188648
20kusel;188666
20larock;188681
20last;188698
20law;188719
20legal;188732
20legend;188747
20let;188763
20lgbt;188776
20life;188790
20louis;188805
20lynn;188821
20materi;188835
20mi;188858
20money;188871
20motley;188885
20mphil;188901
20mt;188917
20music;188930
20name;188945
20nation;188959
20new;188982
20not;188994
20note;189008
20of;189022,189035
20okinawa;189048
20osborn;189065
20out;189081
20parad;189094
20parent;189109
20period;189125
20pizza;189141
20plotarea;189156
20poem;189188
20posit;189203
20post;189218
20px;189231,189293
20region;189596
20report;189612
20safeti;189628
20sewol;189651
20sheet;189667
20should;189689
20stop;189706
20sunken;189720
20switzer;189736
20system;189753
20t12;189769
20t18;189782
20th;189795,190016
20that;191055
20the;191070,191084
20theori;191105
20thesi;191122
20thi;191138
20thth;191151
20to;191165
20top;191183
20unit;191196
20use;191210
20viru;191223
20with;191236
20work;191251
20z;191266
21;191277,193037
210;203559,203667
2100;204290,204303
21000;204370,204392
210030;204405
210052;204419
2100568414;204433
210136;204450
2102;204464
210213;204476
21024;204490
2102836668;204503
2104;204520
2105;204546,204559
210609;204585
2106413245;204599
210656;204616
210657;204630
210663;204644
2107;204658
210747;204677
210869;204691
2109;204705
210907;204725
210n521;204739
210px;204754
211;204809,204871
2110;205361,205374
21101;205386
21115;205399
21118695;205412
2112;205427
211227;205439
211327;205453
21135926;205467
2114;205482
211467059;205494
211469758;205511
211479;205528
21149;205542
21150;205556
21163;205570
211685;205583
2117;205597
211739;205609
211777;205623
211784;205637
21190;205651
21190863;205664
21192193;205680
211th;205695
211x211px;205708
212;205726,205819
2120;206358
21200038;206382
21200039;206399
2120326459;206416
2121;206433
2121911049;206452
21228;206469
21229;206482
2123;206495
212300;206514
212311;206529
212348399;206543
2124;206569
2125;206581
21254028;206600
212570;206644
2126;206658
2127;206677
212761;206689
2128;206703
212830;206715
2128571421;206729
2129;206746
2129663825;206758
213;206775,206843
2130;207318,207331
2131;207343
2131021;207356
2132;207370
213242;207381
213279965;207395
21328;207411
213280;207424
2132937;207438
2133;207453
21330109;207465
21336;207481
2134;207494
213483572;207506
2135;207522
213638;207535
2137;207549
213737;207561
21376597;207575
2138;207591
213821;207603
2139;207617
2139369994;207636
213943;207653
213944;207667
214;207681,207741
2140;208098
2140850;208124
2141;208139
214118;208151
21421e;208166
21429;208186
2144;208206
21441306;208218
214449;208241
21449247;208255
2145;208278
214571;208290
2146;208303
21464;208315
21464857;208328
21467;208351
2147;208364
21474;208376
214783;208389
214910860;208403
215;208420,208520
2150234;208961
2151;208976
21516;208988
2152;209001
215202;209013
2154;209027
215465423;209039
2155;209056
2156;209069
2157;209088
215813;209100
215878;209114
2159;209128
21593592;209147
21597;209163
215984;209176
215px;209190
216;209203,209271
21600;209717
2161;209730
2161706;209742
2162;209757
21622;209776
2163;209789
2164202;209801
216438;209816
21644;209830
2164614;209843
2164815;209858
2164839;209873
2164916;209887
2164985;209901
2165;209915
216537;209927
216644;209941
216667;209955
21667;209976
21668;209989
2166962624;210002
2167;210019
2167407721;210038
216743;210055
2168;210069
216904;210088
2169784009;210102
217;210119,210171
21708;210557
2171;210570
21720044;210582
217262;210598
21730;210612
2173501;210625
2174;210640
2175;210659
217506;210671
217512469;210685
217560;210702
217590;210716
217598;210730
21764;210744
217697;210757
217778;210771
21778;210785
21784;210798
217876792;210811
2179;210827
21794;210839
217941;210852
218;210866,211303
2180;211347
218048;211365
21806692;211379
2181;211402,211415
2182;211427
21823358;211446
218258;211469
218296410;211483
218297068;211500
2183;211517
2184;211530
21845;211556
21848512;211569
2185;211584
2186;211596
218658;211608
21866155;211622
2187;211637
218701;211649
218775;211672
2188;211687,211700
218895;211712
2189;211726
21891834;211744
218945;211767
219;211782,211826
2190;212260
2191;212272
219122103;212284
2192;212308
219292;212320
2193;212334
219345;212346
219360;212361
219366;212375
2194713;212389
219482;212404
2195;212418
219528;212437
21956;212451
219591;212470
2196;212484
21960;212496
2196019;212509
2197;212531
2197418;212543
2198;212556
2198155;212568
219837;212583
21987;212597
21988;212610
2198887;212623
2199;212638
2199641;212657
21a;212672
21aa;212683
21c;212696
21f;212706
21k;212717
21pm;212728
21px;212740
21st;212752,213373
21t11;213466
21t12;213479
21t23;213492
22;213505,215250
220;225573,225705
2200;226514
220000;226561
2200z;226575
2201;226588
22014725;226613
22015355;226630
2201st;226647
220276;226661
2202bde;226675
2202nd;226690
2203;226704
2203976661;226716
2203rd;226733
2204;226747
2205;226759
22050hz;226771,226795
220512;226810
220572;226824
2206;226838
22067;226857
2207;226870
220746;226896
220795;226910
220px;226924,226938
221;227012,227088
2210;227552,227565
22101;227591
22102;227604
221031;227617
22106;227631
22110;227644
2211250;227656
221138;227671
221191;227685
2212;227699
221227690;227718
221336;227735
221497;227749
2215;227763
221504;227774
221649;227788
2217;227802,227815
221725;227827
221779;227841
2218;227855
22183;227866
22184;227879
2219;227892
22193;227904
221939;227917
221970;227931
222;227945,227997
2220;228429
22200;228448
222008;228461
222015;228475
2220221758;228489
2221;228506
222160;228525
222206;228539
222229;228553
222267;228567
22227;228581
222298;228594
2222993;228608
222321;228623
222328;228637
222343;228651
222374;228665
222435;228679
2224498093;228693
222458;228710
2225;228724
22251641;228743
222519;228759
2227;228773
22271;228786
2228;228799
22280;228811
222863;228824
222893;228838
2229;228852
222933;228885
22299;228899
222992;228912
223;228926,228986
2230;229281
223035;229328
223183;229342
223198;229356
223259;229370
2233;229384
2234;229403
2235;229422
2236;229441
22361;229453
2237;229466
22373;229485
2238;229498
223846;229517
2239;229538
224;229557,229617
2240;229921
2240213923;229933
2241;229951
224151656;229970
2242;229986
2242290527;230019
2243;230036
224324;230048
22433341;230062
224396;230077
2244;230091
2245;230110
22466886;230122
2249;230137
225;230149,230217
2250;230793,230814
225000;230833
2251207;230847
22515460;230863
2252;230879
225359;230897
225370;230911
225426;230925
2254371494;230939
2255;230956
2255250663;230968
225534;230985
225569;230999
225572;231013
225576;231027
225578;231041
225580;231055
225587;231069
225590;231083
225591;231097
225602;231111
2256651074;231125
2257;231142
2258;231161
2258056;231180
22586;231195
22589;231208
225898;231221
225px;231235
226;231262,231323
2260;231800
226013;231832
226014;231846
2262;231860
22626;231879
2263;231892
22643;231903
2265;231916
2267952859;231928
2268;231945
22680556;231964
22686;231987
2268636078;232000
2269;232017
22698953;232043
226ff;232067
226th;232080
227;232093,232137
2270659;232556
227080;232571
2271;232585
22717;232597
2272;232609
22724;232628
2273;232641
227319;232653
22733;232667
22742;232680
22745;232693
227467;232706
22754;232720
2277;232733
22774346;232745
2278;232760
2279;232786
228;232804,232904
2280;233362
228000;233381
2280792;233394
2281;233408
228221;233429
22839;233443
2284;233456
2285;233475
2286;233487
22864000;233499
228656;233515
2286957204;233529
2287;233546
22873;233572
2288;233585
228b22;233597,233621
229;233719,233787
2290;234302
22908201;234314
2291;234330
22917402;234348
2292;234371
2293;234384,234397
2294;234409
22941a;234421
2294282913;234435
22942901;234452
2295035;234468
22951;234483
22952;234496
2296;234509
2297898;234521
2298;234536
229817;234548
22995;234562
229b;234576
22aaaa;234587
22abc;234608
22afch;234621
22assang;234635
22bullet;234651
22data;234667
22em;234681,234694
22jan2016;234877
22k;234893
22list;234904
22lr;234919
22m;234931
22nd;234943,235203
22net;235224
22nha;235237
22o;235250
22pm;235261
22px;235273
22relish;235314
22stellar;235330
22top;235347
22truy;235361
22under22;235375
22x;235392
22x20px;235403
22x21;235418
22z;235431
23;235442,237168
230;247300,247393
2300;247844,247857
230061;247917
2301;247932
2302;247944
23027;247956
2303;247969
230305;247981
230310;248010
23033923;248024
23045;248040
2305;248053
2306;248072
23061;248084
2307123;248097
2308;248189
23088;248201
23089671;248214
2309;248229
230px;248241
231;248296,248348
2310;248883,248896
2311;248907
23113197;248919
23116374;248935
2312;248950
231231;248962
2313;248976
23147117;248995
2314729;249011
2315;249026
2316;249045
2316546589;249057
2317;249074
232;249093,249137
2320;249575
23203;249587
232065;249600
2321;249615
2321866155;249627
2322;249644
2322819233;249662
2323;249679
232323;249692
232334;249706
23233747;249720
2324;249735
2325;249754
2326;249766
232638;249778
2327;249792
23277;249811
2328;249824
2329;249843
2329888;249862
233;249877,249929
2330;250315
233104;250327
23315;250341
2332;250354
23337;250366
2334;250380,250393
2335;250418
233562;250437
2336093;250451
23361;250466
233624;250479
23375;250493
2338;250506
233887;250518
2339;250532
233906135;250565
233936;250581
233aa;250595
233d7a;250609
233th;250623
234;250636,250696
2340;251061
234009;251087
234173;251101
234194515;251115
2342236;251131
23424;251146
2343;251159
23433;251171
234363;251184
2344;251198
2344244421;251210
234474;251227
2346;251241
2347;251260
23471474;251272
234786;251288
2348041758;251302
2349;251320
2349774;251332
234px;251347,251377
235;251425,251485
2350;251892
2350725234;251918
235157;251935
23516202;251949
2352;251964
2352052;251983
2352503941;251998
2353195;252015
2354;252030
2355;252049
235512;252075
235517174;252089
2355278879;252105
23559696;252122
2356;252138,252151
2357;252163
235732168;252175
235817;252191
2358653;252205
2359;252220
235px;252232
236;252245,252265
2360;252650,252663
2361;252675
2361181680;252687
2362;252704
23620;252716
2364114;252729
2364284;252751
2364323;252766
23648;252788
23656;252801
23656046;252814
2366917282;252829
2367;252846
2368;252865
2368406206;252876
2369330823;252893
237;252910,252986
2370;253369
23705196;253381
23707;253406
2371;253419
2372;253431
2373;253443
2373617;253469
237415;253484
2375;253498
237501;253510
237520187;253524
237753;253540
23776412;253554
2378;253569
23792928;253581
238;253597,253650
2380;254083,254096
238000;254108
2381;254122
23810;254133
238115;254146
238255;254167
23839879;254181
2384;254196
23856;254208
2386;254221
23869;254233
2387;254246
2388;254258
2388880253;254269
2389;254286
2389721274;254298
239;254315,254359
2390;254845,254858
239070639;254870
2391;254886
2393;254898
23936;254910
2394;254930
2395;254942
239530;254954
239557;254968
2396;254982
2397;254994
23971789;255006
239734456;255022
2398;255040
239890683;255059
2399;255077
239948;255089
23996797;255103
23998;255126
23a;255139
23apr2017;255150
23b;255166
23central;255177
23em;255194,255207
23file;255226,255241
23g17;255311
23h2;255324
23led;255336
23list;255350
23neither;255364
23ombr;255381
23prais;255395
23rd;255410,255463
23roman;255696
23small;255711
23spot;255726
23t20;255740
23templat;255753
23w;255777
23x23px;255794
23z;255808
24;255819,257376
240;266480,266572
2400;267125,267154
240000;267221
24000000;267235
240030;267251
2401;267265
2402;267277
24024;267290
2403;267303
2404;267315
240418;267333
240616;267354
2406293005;267368
2407;267385
240799;267397
240810;267411
2409;267425
24095;267437
240k;267450
240px;267462
241;267609,267653
241035;267960
2411;267974
2413;267986
241360;267998
2414;268012
2414191961;268032
2415;268049
2416;268061,268074
241664;268086
2417;268107
241711;268126
2418;268147
2418012917;268159
241804;268176
241951;268190
242;268204,268224
2420;268665,268678
24203;268690
24221;268703
24227592;268716
242279;268732
2423;268746
24232538;268758
2423993349;268774
24241841;268791
2424bd;268807
2425;268821,268842
242553;268854
24259;268875
24259569;268888
2426;268937
24263203;268949
2428;268965
24284;268977
242859;268990
243;269004,269072
2430;269410
2431;269423
2432;269444,269457
2433;269469
2433946;269495
24345;269510
24345249;269523
243465;269538
24347758;269552
2435251325;269568
24358;269585
243736;269598
243743;269612
243785;269626
2438;269640
243828;269652
243f;269666
244;269678,269730
2440;270003
24401249;270015
244183;270031
24425628;270045
2443;270074,270087
2444;270099
24449;270111
2445;270124
2446;270136
244637;270148
244730;270162
244731;270176
244734;270197
244735;270218
244736;270239
24477305;270260
244789;270276
2448;270290
244839;270309
244848;270330
24498093;270351
24498245;270366
244pp;270389
245;270402,270478
2450;270864
24500;270876
24501600;270889
245110;270905
2451290456;270919
24516;270936
2453615;270949
2455;270964
245640;270976
24569;270990
2457;271003
2458;271015
245841;271027
2458469868;271042
2459;271059,271072
24594;271084
246;271097,271125
2460;271503
246000;271529
24601;271543
246082065;271556
246164;271572
2462;271586
24622983;271598
2464;271614
2465;271626
246560;271645
24665;271659
24666;271672
2469;271685
247;271697,271773
2471;272124
24715965;272143
2472;272168
2473697;272180
24742;272195
2474909127;272208
2475;272225
24756801;272250
2476;272266
24767;272284
2477;272297
2478;272309
2478326;272328
248;272343,272411
24801;272726
248020;272739
248057;272753
2481;272767,272780
2481121719;272792
2482;272809
24821785;272828
2483;272844
24838;272857
2484;272870
2485;272882
2485591471;272895
2486;272912
24860;272924
24874189;272937
248766;272960
2488;272974
2488620281;273007
24889;273024
24897;273037
248970865;273050
248aa;273066
249;273080,273140
2490020;273525
2491505;273541
2492352;273557
2493;273572
2494;273584,273597
2496;273616
24979;273629
2498;273642
2499;273654
249966;273666
24aa;273680
24apr2014;273693
24d;273709
24em;273727
24first;273801
24h;273816,273836
24herb;273868
24hr;273882,273895
24k;273906
24kt;273917
24kz;273929
24last;273941
24one;273955
24px;273968
24th;273994,274031
24wmf2;274312
24wmf3;274326
24wmf4;274340
24x18x2;274354
24z;274370
25;274381,276090
250;286487,286611
2500;287944,287957
25000;288072
250000;288092
2502;288119
25025;288132
25026;288145
2502847314;288158
2503;288175
25039992;288187
25043665;288203
2505;288218
2506;288230
25065081;288242
2507;288258
25074;288270
2507525682;288283
2508;288300,288313
2509;288332
25093;288344
250k;288357
250px;288369,288457
250th;288753,288767
251;288787,288839
251028;289223
251093;289238
2511;289252,289265
2512;289290
2513;289302
2514;289321
2514206171;289333
25146454;289350
2515;289367
25153725;289386
251549;289402
2516;289416
2516808808;289427
2518;289444
251850;289457
251957;289471
25196568;289485
252;289502,289570
2520246208;289997
2521;290014
252144;290032
25228;290046
2524;290059
252609;290070
2527;290085
252722;290097
2528;290111
2528291;290123
252834;290138
25288;290152
2529;290166
2529580593;290177
252px;290194
253;290207,290243
2530;290570
253056;290582,290597
2532;290611
2533;290624
253360722;290636
2535;290654
2535115;290667
253529;290682
25353775;290695
25358;290711
2536;290724
2537;290736
25372322;290762
25379014;290778
253796;290793
2538;290807
2539;290819
254;290832,290884
254005195;291255
25402;291271
2541;291284,291297
25411;291309
25413;291322
2542;291335
2542687;291347
2542897463;291362
2543;291379
2544;291390
2544340;291422
2545780838;291437
2546;291454
254669;291473
254688;291487
2547;291501
254742;291512
254757;291526
254772;291540
254837;291554
254860;291568
2549;291582
2549190819;291594
254925;291611
2549514174;291625
254a29;291642
255;291656,291724
2550;292074
25501;292100
255047;292113
2551;292127
255188;292139
2552;292153
255299;292165
2553;292179
255310;292191
25533018;292205
255383;292221
255450;292235
255542;292249
255577445;292262
255600;292278
255657;292292
2557;292306
2557230;292318
255749;292333
255795;292347
255917;292361
256;292375,292395
2560;292660
2562;292679
25620;292691
25623;292704
2564;292717
256447;292736
2564625442;292750
2566;292767
25661;292779
25666529;292792
2567;292808
25675;292827
256771;292840
25679728;292854
2569;292870,292883
25695;292895
2569820;292915
257;292930,292950
2571;293106
25718;293119
2573845983;293132
2574;293149
2574337;293161
2574831545;293176
2575;293193
2576286;293205
2576634;293220
2576794;293235
2576884;293250
2577214539;293265
2577548;293282
2577608;293297
2578;293310
2579;293327
2579001;293345
258;293360,293404
2580;293628
2581308;293647
2582;293663
2584;293675
2584854;293686
2585;293701
2586;293727
258722;293746
2588750;293759
25897386;293774
258987993;293790
258th;293806
259;293819,293831
2591643;294035
2592;294050
259260351;294063
2593;294080
2593845;294093
2594;294107
25953;294119
2596;294132
259652;294144
2597;294158
2597834;294176
25994871;294191
2599796951;294207
25a;294224
25ap;294235
25apr2014;294246
25em;294262,294323
25first;294450
25h;294465
25ish;294476
25k;294489
25last;294514
25li;294528
25p;294540
25plotarea;294551
25pm;294569
25px;294581,294610
25sexi;294728
25t04;294742
25t08;294762
25t22;294775
25th;294788,295090
25to;295151
25unbox;295164
25z;295179
26;295190,296476
260;305860,305920
2600;306208
26000;306247
260017;306260
26005;306274
2601;306287,306308
260178;306354
2602;306368,306381
2602128;306420
2602129;306435
2602130;306450
2602131;306465
2602132;306480
2603;306495
260311;306507
2604;306521
260402;306539
2605;306553
26057;306572
26059;306585
2606;306598
260670;306610
26067541;306624
2607;306641
26094;306653
260986;306666
260px;306680,306702
261;306749,306769
26100;307002
26102;307015
2610218;307028
2611;307043,307056
2612;307068
2613525689;307080
2614;307097
2614644;307110
2615;307125
261517;307136
2616;307150
261615485;307162
2618;307178
26182461;307197
2619;307212
26191;307224
262;307238,307266
2620;307485
262005;307498
2621;307512
2621640;307523
2622;307538
26221281;307550
262280792;307565
2624757886;307581
2625;307598,307611
26256;307622
2626;307634
2626652;307652
2627;307667,307680
262783;307699
2628;307713
26286;307738
262884;307750
26298;307764
263;307777,307805
26312;308064
2632;308077
2632177472;308088
2633;308105
263430;308117
26352;308131
263743;308144
263783;308158
26379;308172
2638;308185
2638045;308196
263832;308211
263992;308225
264;308239,308456
2640;308468
264076;308486
26408784;308500
2641;308517
2642;308529
264248;308541
264284;308555
26431;308570
264339;308583
2643518;308597
264385160;308610
26439852;308627
2644;308671
264403;308683
2645906;308697
264690;308713
2647;308727
26486592;308739
264872315;308755
26488;308771
265;308784,309075
2650;309087
265050;309108
2650915;309122
2651;309137
265171;309155
265192235;309169
265211;309187
2653;309201
265335;309213
26536470;309227
2654;309243
26544;309254
26547475;309267
26547481;309311
26548;309355
2655;309368
2656;309386,309399
2657;309417
2657371;309428
2658;309532
26584;309545
2659;309559
265909791;309571
26594;309587
26597;309600
266;309613,309633
2660;309910
26625;309935
26629536;309948
2663;309964,309977
266328;309988
266354;310002
2664;310017
266457;310028
2665;310042
26650;310053
2666;310066
266667;310085
2667;310113
2667109;310125
2667314;310140
2667345;310155
2669;310170
267;310196,310216
2672;310463
2672415;310475
26729;310490
2673;310503
2674;310515,310528
2675;310554
267550528;310566
2676;310582
2676582;310595
2677;310610
2677126;310622
2678;310637,310650
2678285;310662
267857383;310677
26798272;310693
267px;310708
268;310721,310765
26807793;310947
268080;310963
2680947;310977
26811443;310992
2682;311008
2683;311020
2685;311032
26858795;311043
2686;311058
26868;311076
2687;311089
26881129;311100
2689;311116
268aa;311128
269;311142,311186
2690;311469
2692;311481
2692000866;311492
2693;311509
26936384;311522
2694;311538,311551
2695;311569
2696;311580
26960;311592
26968042;311605
2697;311628
2699;311639
2699204;311650
269943;311664
26999772;311678
26c3;311693
26cd99d1;311705
26feb10;311721
26last;311743
26m7;311764
26mar2017;311776
26th;311792,311837
26yo;312085
26z;312097
27;312108,313423
270;322723,322776
2700;323014,323035
270000;323068
2701;323083
27013223;323095
27014;323111
27025265;323124
27029;323139
2704;323152
2705;323163
2705195;323175
270571;323190
2706;323204
2707gt;323216
2708;323230,323243
27082693;323254
270855;323270
27087116;323284
2708992559;323299
2709;323316
270954015;323328
270px;323344
270th;323363
271;323377,323566
2710;323602
2710182667;323620
27102013;323637
27118;323653
27129993;323666
2713;323682,323695
2714;323706
271545;323717
2715844;323731
2715cc;323746
2716;323761
271633;323778
27167524;323792
271687;323808
271690;323822
2717;323836
271706;323849
27170840;323863
27173;323886
271744;323900
27174575;323914
271774;323930
271793;323944
27181;323958
271824;323971
271832;323985
2719;323999
271961;324011
272;324025,324045
272007;324237
272022;324251
272087;324265
2721323;324279
2722;324301
2722466886;324319
272350;324336
2724;324350
27244;324362
2725;324375
272549;324387
272560;324401
272567650;324415
272583;324432
272591;324446
2726;324460
27263783;324471
272662;324487
272678;324501
272682;324515
2727;324529
272709;324547
272743;324561
272751;324575
272755;324589
2728;324603
272850;324614
272895;324628
2729;324642,324655
272926;324666
273;324680,324933
2730;324945
273087;324964
2732;324978
2734;324989,325002
273411;325013
2735;325027
2736;325051
2737;325062
273797;325076
2738;325090
2739;325116
2739896178;325127
274;325144
2740;325314
2741;325325
274161;325336
2742;325350
2743;325362
27433547;325381
2744;325397,325410
2745;325428
2746;325439
274632;325450
274639;325464
2746984865;325478
274752;325496
2748;325510
2748415;325528
27488;325544
2749;325557
274925;325568
2749408185;325582
275;325599,325643
2750;325932
2750940025;325944
2751;325961
27511;325972
27528;325985
2753;325998
2754;326009
2754392624;326020
27548844;326037
2755;326053
2756;326071
27560370;326089
275652;326113
2757112384;326127
27572;326144
275730;326157
2758;326171
27583053;326183
2759;326199
27591091;326211
27599;326227
275px;326240
276;326299,326343
2760;326569
2760744095;326580
2761;326597
276180;326615
2762;326629
2763;326640
276389;326651
2764;326665
2765;326677
2766;326695
27661;326713
276682049;326726
2767;326742
276791;326760
2768;326774
27689631;326785
2769;326809
27699;326828
277;326842,326902
2770;327099
2771;327117
277176;327128
2772;327142
277280926;327153
2773;327170,327183
27731;327194
27732134;327207
27745;327222
277478;327235
2775;327249
277580858;327267
2776;327284
2777;327303
277718;327314
2778;327328
27786;327339
2779;327352
277px;327363
278;327375,327429
2780;327642
2780068;327653
2780h;327669
2781;327682
278228;327700
2783;327714
2784;327739
278515;327751
2785388231;327765
278593;327782
278653;327796
2787;327810
2788;327822
2789;327840
279;327852,328084
2790;328112
2790597975;328123
2791;328140
27914015;328157
279224;328173
2793;328187
279343;328198
2794;328213
2795436084;328226
27956;328243
2796;328263,328284
2796369791;328296
2797;328313
2797255516;328324
2798;328341
2799194455;328353
279956311;328370
27a5;328386
27c600;328397
27dean;328411
27em;328425
27h;328437
27heff;328448
27mer;328462
27sullivan;328475
27t02;328493
27th;328506,328519
27x9x2;328678
27z;328693
28;328704,330074
280;340040,340076
2800;340390,340403
280000000;340435
28001;340452
2800147;340465
28003;340480
28012;340493
2802;340506
28025236;340517
28027078;340533
2803;340549
280373;340560
2804;340574
28045;340585
2805;340598,340619
280586;340631
2806;340645
28071002;340657
280720;340673
280799;340687
2808;340701
2808253467;340712
2808946;340729
2809;340744
28092832;340755
280950;340771
280975461;340785
280px;340801,340831
280th;340927
281;340940,341167
2810;341203
281094;341221
2811;341235
2811032;341252
2811238;341266
2812;341280
2812265158;341298
2813;341315
2813305;341328
2813839;341342
2814;341356
2814210;341367
2814530;341381
2814611;341395
2815;341409
28159268;341422
28162;341438
281652;341451
28168;341465
281684;341478
2817;341492
2819;341524
281932;341536
28197;341559
28197110;341571
281981;341588
282;341602,341646
282005;341893
282014;341914
28203;341935
2821151912;341947
28216;341964
2822;341977
2822379;341995
282270;342009
28230097;342023
28236845;342046
2824;342062,342075
28247531;342093
2825107;342109
2825257;342125
282581;342141
2826;342155
282687;342167
28281;342181
282810;342194
28282;342208
2829;342221
283;342232,342260
2831;342438,342451
2833272517;342463
283333;342480
2834;342501
28343;342513
2835;342526
28354;342539
2836;342552
28361;342564
283646;342576
2837;342590
283861004;342602
28398;342619
283rd;342632
284;342646
284077;342884
28426;342898
284260;342911
284279345;342925
2843;342941
284347;342952
2844;342966
2845;342977
28455615;342988
2846719921;343003
2847;343020,343041
2848;343066
285;343077,343113
2850;343350
285000;343371
28501724;343385
28504;343400
28505;343413
285252;343426
28525627;343440
2854;343464
28547;343475
2855077386;343488
28554;343505
285552;343517
285553;343531
285606;343545
28561;343559
2856542034;343572
28582033;343590
28586;343606
2858619;343619
285923;343634
286;343648,343874
2860;343926
286000000;343945
28604;343962
28607713;343975
2861;343991,344004
2861b2;344016
28627;344044
286270;344058
2863;344072
286326;344090
2863945961;344103
286421;344120
2865;344134
286514;344146
2866;344160
2867;344172
2868;344191
286800;344209
286839;344223
287;344237,344257
2872;344477,344498
2874;344510
28757652;344536
2876;344552
287640;344571
28764832;344585
2877540154;344600
287800;344618
287876;344632
2879;344646
287933;344658
288;344672,344692
2880;344850
288029;344871
28804;344885
2880464641;344905
288056;344923
2880834639;344937
2881;344954
288162;344965
2882;344979,344992
2882459;345011
288254;345026
2882637;345040
2883;345056
28839;345068
2884;345081
288429;345100
2885;345114
288585;345139
288677;345153
2887;345167,345180
2888;345192,345205
288872;345217
2889;345231
288972;345249
288p;345263
289;345275,345319
28900;345552
289032;345565
289069909;345579
289092966;345596
2892;345613
28921;345631
289253;345644
2893;345658
2894;345670
289433;345682
2895;345696
289513;345708
28954910;345722
28955633;345738
28956246;345755
2895976;345771
289644;345786
2897;345800
28970;345813
2898;345833
28c3;345845,345858
28ca;345870
28d;345888
28dualdisc;345899
28em;345917
28first;345928
28h;345950
28last;345960
28north;345974
28pt;345989
28px;346001
28result;346027
28scottish;346043
28t06;346061
28t09;346074
28th;346087,346108
28the;346306
28tuintj;346320
28world;346336
29;346351,347729
290;356853,357085
2900;357105
2900055;357138
29004;357153
2902;357166
2902168;357185
290234;357199
2903178283;357213
2904;357231
29045873;357244
29047;357260
290504;357273
29058;357287
2906;357300
29072;357313
29076;357326
29086;357339
290865;357353
2909103632;357367
290aa;357384
290px;357398
291;357411,357431
2910;357587
291077;357599
2912;357613,357626
2913;357645
291367;357657
2914;357671
29143;357683
29157420;357696
2916;357712
29162;357724
29162914;357737
29166454;357753
29174;357768
2918;357781
291813;357793
2919;357807,357820
29199392;357833
292;357848,358058
2920;358094
29201;358112
29207;358126
2923;358140
29237193;358159
29237737;358175
29238122;358191
2924;358207
2924744487;358219
2925;358236
292581;358248
292588;358262
2928;358277
2928332686;358296
292973;358313
292992;358327
293;358341
293018;358560
2932;358574,358587
2933;358606
2934;358624
2935;358636
293551685;358649
2936;358665
2936448753;358677
29380;358694
293839;358707
29390;358721
29393382;358734
29396406;358750
294;358765
2940;358955
2940648;358967
294125;358989
29417559;359003
29425;359026
2945;359039
29453;359051
29453372;359071
294563;359087
29461459;359101
29464693;359117
29467;359133
29470522;359146
294903;359170
295;359184,359212
2950660288;359362
2951;359379
29512;359391
29514;359404
2952;359417
2952185571;359443
295338;359460
295414;359474
29548836;359488
29551457;359503
29552;359519
2956138253;359537
29575;359554
295753;359566
29577b;359580
2958;359594
295864;359606
29586893;359620
2959;359635
296;359647,359675
2960;359851
29601;359870
29601532;359883
296120;359898
29619;359912
2962;359924
296268;359936
2963;359950
2964;359969,359982
296424230;359994
2964272;360012
296478;360026
2965289;360040
296546;360054
29663825;360068
296768;360083
2968;360097
29681;360109
2968133986;360122
2969;360139
297;360151,360179
29702;360375
297092;360388
2971;360402
29712569;360421
297127;360437
297145;360451
297291;360465
2973;360479
297381;360498
297474;360512
29752491;360526
29753685;360542
2975911498;360557
2976;360574
2977;360586
297730925;360597
2977322638;360613
297745;360630
29793279;360644
298;360660,360688
298012;360863
2981;360877
298153;360888
2982;360902
298267;360914
2983;360928
298361;360940
298374;360955
2985;360969
2988;360981
2988905609;360993
298933985;361010
299;361026,361086
299004;361270
2991;361284
2991373837;361295
299168;361312
2992680669;361326
2993;361343
299320;361355
2994;361369,361390
299454;361402
2994650602;361416
2995;361433,361446
299557;361458
2998;361472
2998083532;361484
299923;361501
29993014;361515
299px;361531
29first;361544
29hour;361559
29kcal;361573
29t00;361587
29t09;361600
29t15;361613
29t16;361626
29t17;361646
29t18;361659
29t19;361672
29t20;361685
29th;361698,361910
29z;361939
2a;361950,361985
2a00;362064
2a02;362076
2a0f;362108
2a1;362120
2a2a2b;362132
2a2b2a;362146
2a2b2b;362160
2ab2;362174
2all;362185
2ari;362197
2ay;362209
2b;362220,362255
2b04;362307
2b2a2a;362319
2b2a2b;362333
2b2b2a;362347
2b89;362361
2ba43;362373
2ben;362386
2bgthorn;362398
2bmedia;362413
2c;362428,362455
2c2017;362527
2c32;362542
2caco;362554
2cae5;362567
2cello;362581
2ch;362595
2cinc;362606
2col;362618
2cv;362630
2d;362641,362676
2d3891;362839
2d6;362853
2d7;362864
2d8f;362875
2dab;362887
2db0;362899
2e;362911,362922
2e5;362945
2e5894;362956
2e82f4;362970
2ed;362984
2efe;362995
2em;363006,363866
2ex;368827,368839
2f;368885,368904
2f10;368984
2f1031114;369005
2f1060745;369031
2f1272516;369057
2f1290958;369074
2f1526709;369100
2f1562764;369126
2f1718487;369143
2f1963192;369169
2f2014;369195,369210
2f357401;369280
2f49513;369296
2f4f4f;369318,369333
2f5;369566
2face;369577
2fasi;369590
2fb;369612
2fboundari;369624
2fcatalog;369642
2fcd;369666
2fen;369678
2fepjds6;369690
2ffluka;369715
2ffm;369737
2ffmt;369758
2ficn;369771
2file;369784
2final;369797
2fissn;369811
2fj;369825
2fjournal;369845
2fkml;369871
2fmerg;369884
2fmime;369898
2fnation;369911
2foutdmy2;369927
2fpna;369944
2fproduct;369966
2fs10791;369990
2fssrn;370015
2ftcl;370029
2ftja09018;370041
2fvanja;370059
2fwetland;370074
2fwww;370091
2h;370111
2i;370189
2in;370199
2k;370211
2k13;370228
2k14;370240
2k15;370252
2k16;370264
2leg;370276
2li;370309
2million;370320
2n;370336
2na;370346
2name;370357
2nd;370371,371288
2ndari;376650
2ne1;376664
2o;376683
2ot;376693
2p;376745,376756
2p21;376786
2pp;376798,376810
2pt;376821
2px;376857,376896
2q;377452
2qr;377470
2r;377482
2ram;377514
2risk;377526
2s;377538
2s2p;377561
2screen;377573
2split;377588
2sqn;377603
2suit;377615
2third;377628
2unsourc;377642
2v;377658
2v2;377675
2x;377686
2x4;377724
2xcd;377741
2xiyong;377752
2xlp;377767
2y;377779,377790
2yo;377800
2z;377811
