00;0,992
000;6949,7898
0000;12706
00000;12759
000000;12772,12925
0000000;13335
000000001;13350
000009059;13367
00001607;13384
0000250978;13400
0000257996;13418
000030;13436
000033;13450
0000359;13464
00005d;13479
000060;13493
000066;13514
00007;13528
000070;13548
000080;13571,13586
00008b;13679,13694
00009;13729
000092;13742
000099;13756,13771
0000cc;14045
0000cd;14079
0000ee;14094,14109
0000ff;14123,14138
0001;14262
00012;14281
000160;14294
0002;14308
00025;14327
00026;14340
000260;14354
000286;14367
0003;14381
00031805;14400
000327313;14415
00037116;14432
000381;14448
000388;14462
000397;14553
00041;14567
000427;14580
00043764;14594
000511;14610
0006;14624
000666;14636
000702;14664
000755;14678
000771;14692
000778;14706
000801;14720
0009;14734
000938;14746
000e;14760
000mw;14779
000sqm;14792
000th;14806
000total;14840
000winter;14856
000x;14873
001;14885,14987
0010;14999
001004551;15018
001022;15035
001038;15049
001068529;15063
001083113;15081
001087058;15099
0011;15116
001139133;15128
001162147;15146
0011ff;15163
0012;15177
001289;15189
0013;15203
0014;15222
001427;15241
00144;15255
0015;15268
001534;15287
00155;15301
0016;15314
001717;15326
001755;15340
001761;15354
001770;15368
00183;15382
0019;15395,15408
001933;15420
00195;15434
001963;15447
002;15462,15490
002052;15606
002090;15620
002131;15634
002147;15648
002159;15662
002197;15676
002197538;15690
0021a5;15708
0022;15722
002206;15741
00223;15756
00228;15769
002424359;15782
00246046;15799
002487;15814
0026;15828
002602;15840
00262903;15854
00262986;15870
002640;15886
00265;15900
002654;15913
00266d;15927
00285c;15941
00285d;15955
002868;15969
0029354;16025
002998;16040
002bb8;16054,16069
003;16234,16254
0030;16365
003067;16377
00308f;16391
00321;16404
003212;16417
0032229968;16431
003296;16448
0033;16462
003300;16475
003319;16489
00332747;16503
003333;16519
003366;16533
00339;16554
0033964;16567
003399;16582,16597
0033be;16617
003448;16631
003494;16645
00357;16659
0036;16672
003632;16685
003659;16699
003659485;16714
00372;16730
003761;16743
003830;16757
003893;16771
003899;16786
0038a8;16800,16815
003906;16858
003922;16872
003952;16886
003967;16900
00397825;16914
003b48;16929
003eba;16950,16997
004;17550
0040;17665
004028;17677
004036;17691
004065002;17705
004105;17723
004112;17737
0043;17751
0043235;17763
004372;17787
004441715;17801
0045;17819
004536;17838
004537;17852
004562;17866
0046;17880
004669;17892
0046b8;17906
0047;17922
004730;17934
0047ab;17955,17978
0048;17992
004860;18004
004b70;18018
004c99;18032
004e8f;18046
005;18060,18112
0050;18226
005000;18238
005028;18293
0050801039;18307
00509e;18324
005173;18339
005200949;18353
005226;18371
005439470;18385
005455;18402
005470;18416
005486;18430
005516;18444
0055957;18458
0056;18482
005614614;18494
00563f;18512
005684;18526
00568414;18540
0057;18555
00574863;18566
005806;18581
0058863508;18595
005898;18612
00599466;18626
005daa;18642
006;18656,18685
006125807;18929
0061346163;18946
0061538098;18964
0061987;18981
00622505;18996
006248;19012
0062497628;19026
006271227;19044
006271625;19062
006378;19079
006400;19093,19116
0064679;19276
006516;19300
006528296;19314
006599;19332
006600;19346,19361
006629;19448
006633;19462
006638;19518
006666;19532
0066cc;19546
006776781;19560
0067887558;19577
006822108;19594
00683117;19611
006886355;19626
006958;19643
006966;19657
00697565;19671
006996;19686
006a4e;19700
006b54;19736,19767
006eb3;19788
007;19802,19846
0070;20095
00703e;20108
0070513546;20129
0070ff;20147
0071422943;20162
007217;20187
0072560;20201
0072bc;20216
00733;20230
00735;20250
0074;20263
007629;20282
007645;20296
00773;20310
007736;20323
007774;20337
0077be;20351
007820;20365
007835;20379
007881;20393
0079317093;20407
007935;20424
007ba7;20438
007d69;20452
007fff;20466
008;20501
008000;20593,20657
0080417876;20883
008080;20901
0080a0;20948
0080bd;20960
0081;20974
008142;20993
00817;21007
008171;21020
008186;21034
00822;21048
0082b8;21061
00831;21075
008331;21088
008377;21102
00843024;21116
008504;21131,21146
00853753;21195
00854;21210
008560;21223
008621;21237
00863;21251
008644;21264
0087;21278
008736;21290
008751;21304
0087dc;21325
008827;21346
008889;21360
008b00;21374
008b8b;21388
008be3;21442
009;21463,21483
009000;21631
00918;21645
009186;21658
009216;21672
009247;21686
00925;21700
009483;21713
00955;21727
00959;21740
0095c5;21753
009636;21774
009663;21788
009695;21802
0097;21817
009734096;21829
00981;21846
00983;21859
00986;21872
00988;21885
009900;21898,21913
009903;22194
00992;22208
00993;22221
009933;22234,22249
00994c;22277
009966;22291
00998;22305
009999;22318,22333
0099ff;22354,22370
009a64;22384
009o9;22398
00a;22412
00am;22422
00b0e2;22439
00b6ff;22453
00b7eb;22467
00b8e6;22481
00bfff;22496
00c;22532,22544
00ca00;22562,22634
00cc00;22916,22931
00cc66;22959
00cccc;22973
00ccff;22994
00cdff;23124
00d400;23138
00e;23152
00f;23164
00fa9a;23331,23347
00fade;23361
00ff00;23375
00ff7f;23438
00ffff;23452,23467
00fuck;23488
00i;23502
00pm;23513,23542
00ride;23635
01;23649,24559
010;30667,30679
0100;30765
01004;30777
01008;30790
01010143;30803
01015;30819
01022;30832
010239;30845
01029;30859
0103;30872
01030;30885
010300;30898
01035;30912
01044;30925
0104588;30938
010475;30953
0105;30967
01053;30979
0106;30992
010612;31011
01069;31025
01075;31038
010765;31051
0108;31065
010818;31084
01082;31098
01089;31111
0109;31124
010925;31136
01095;31150
01096785;31163
011;31178,31206
01101;31286
011078;31299
011093;31313
0111;31327
01110f;31339
01112;31367
01118;31380
0112;31393
01125;31412
011365;31425
0114;31439
011451;31451
01147;31466
01149;31479
011520;31492
011551;31506
01159954;31520
0116;31535
01162;31547
01167;31560
011681;31573
011757;31587
011803;31601
011810;31615
0118115;31629
011879;31644
0119;31658
011948;31670
012;31684,31696
012047;31825
0122;31839
01220393;31851
01221754;31866
012229992;31882
01229024;31976
012352;31991
01235878;32005
012360;32020
0123736935;32034
012384;32052
012390;32066
0124;32080
0124091571;32092
01241;32109
012497;32122
0125;32136
0126112;32155
01263;32170
012634;32183
0127;32197
012810;32209
012833;32223
0129;32237
013;32258,32278
013003;32344
013100;32358
01314646;32372
013288;32388
0133;32402
013306;32414
013382;32428
013461;32442
01348976;32455
01353526;32471
013557;32487
013611;32501
01367;32515
013779;32528
013786;32542
013855;32556
013974;32570
014;32584,32604
0140213645;32712
014131546;32730
014134;32746
014153;32759
014158;32773
014191;32786
014201;32800
014278;32813
014282;32826
014328;32840
014373;32854
014374;32867
0143848;32881
014481;32896
0145;32910
014511;32922
014519;32936
014657;32950
01473;32963
014763;32976
014771;32990
01478;33004
014801;33017
015;33031
015099;33125
0151;33139
01515698;33151
0151717001;33166
015175;33184
015184;33198
0152057726;33211
015236;33228
015282;33242
0153;33256
015366;33268
01537;33282
01539c;33295
0154;33309
015526;33321
015553;33335
0156;33348
01570;33360
0159;33373
015945;33385
015948;33399
016;33413
0160;33515
016029;33527
016098;33541
016258;33555
016327;33569
016495;33583
016556;33597
016777;33611
016792;33625
016991;33639
017;33652,33664
017029;33758
017052;33772
017128;33785
017220;33799
0174;33813
017478;33825
017481;33838
017509;33851
017644;33865
017647;33880
017731;33894
017822;33908
017876;33922
017926575;33936
01796f;33952
017990;33966
018;33980
018037;34060
018074;34080
0181965195;34093
018219;34110
018293051;34124
018396;34140
018434;34153
018536;34166
018716335;34179
018730;34195
018736;34209
018745;34222
018784;34236
018863;34250
019;34263,34291
0190307777;34391
019167689;34408
01918;34425
019180;34438
0192;34452
019228;34464
01925b;34477
019260;34491
019265;34505
0192979574;34518
019336;34535
019367;34548
019432;34561
019554;34575
019577;34589
019615;34603
019653;34617
019683;34631
0197;34644
019721;34656
01973;34669
019745;34682
019768;34696
019836;34710
019893;34724
019936;34739
019958;34753
0199654376;34767
019974;34785
019976719;34799
019997;34816
01first;34830
01last;34845
01net;34859
01oct;34871
01st;34884
01z;34895
02;34906,35724
020;41746,41758
02000;41830
020042;41843
020050;41857
0200h;41871
020197;41885
020202;41906
020203;41927
020226;41941
0202470087;41955
020264;41972
020287;41986
020355;42000
020386;42014
020454;42028
020592;42042
02062;42056
0207;42069
020706;42081
02073;42095
020752;42108
020833;42122,42137
020882;42151
0209;42165
020923;42184
020987;42197
021;42210,42238
0210;42294
021004;42306
021011;42320
021126;42334
021149;42348
021171925;42362
021172;42378
021183015;42392
021248;42408
02138;42422
021393;42433
0214;42447
02146;42460
0215240717;42473
021530;42490
021553;42504
0216941833;42518
0217;42535
021790;42548
0218;42562
0219;42574
021927;42587
021955;42601
022;42615,42728
022194;42748
0222;42762
022209;42774
022232;42788
022240;42802
022331;42816
022385;42830
022430;42844
022476;42858
02251975;42872
022629;42888
0228;42902
022873;42921
0229;42935
023;42947,42959
0230;43045
023018;43057
0230378250;43071
023048;43089
0230598978;43103
02307;43121
023079;43134
0231507364;43148
0231510667;43166
02318;43184
023193;43197
023209;43211
023262;43225
023361;43239
02337;43253
0233980148;43266
0235;43284
023529;43296
023544;43310
023560;43324
023582;43338
0236;43352
023605;43364
023636;43378
023698;43392
023720;43406
02374;43420
023865;43433
023895;43447
024;43461
024101;43564
0241116902;43578
024112;43596
0241649151;43610
0242;43627
024323;43639
024338;43653
024399;43667
024406;43681
024460;43695
0245;43709
024521;43721
024742;43735
02479098;43749
024811;43765
02483;43779
024918;43792
024925;43806
025;43820,43832
0250;43951
025169;43963
0254;43977
02551;43996
025528;44009
0255564898;44023
025703;44040
025711;44054
025818;44068
025864;44082
025887;44096
026;44110,44122
026016;44240
026024;44254
026085;44268
026138;44282
026154;44296
026176;44310
026299;44324
0263;44338
026398;44356
02646;44370
026489;44383
026527;44397
026677965;44411
026680;44427
026711;44441
026726;44455
026810;44469
026833;44483
026855;44497
026878;44511
027;44525,44537
0270;44694
027000;44706
027016;44720
027039;44734
027069;44748
027092;44762
027122;44776
027130;44790
027161;44804
027260;44818
027275;44832
0273;44846
027306;44858
027336;44872
027359;44886
02736127;44900
027374;44915
027390;44929
0274449;44943
0274517648;44957
027603;44974
027611;44988
027657;45002
027671;45016
027687;45030
0276bf;45044
0276fd;45059
027778;45073
0277971029;45087
027817;45104
0278708935;45118
0279;45135
02791072;45147
027977;45163
028;45177
028020;45257
02813;45271
028175;45285
028221;45299
028252;45313
028320;45327
0283324588;45341
028333;45358
028374;45372
028427;45386
028526;45400
028564;45414
028580;45428
028625;45442
02864;45456
02866;45469
028664;45482
028702;45496
02878177;45510
0288;45525
028915;45544
02893329;45558
029;45573
02900;45684
029015;45698
0291227102;45712
029129;45729
02916;45743,45757
029198;45770
029228;45784
029312;45798
029320;45812
029388;45826
02945068;45840
029473193;45856
02952;45872
0297;45884
02974;45896
029854;45909
02987;45923
0299124347;45936,45955
029919624;45987
0299294649;46004
029961;46022
02a;46036
02am;46047
02b;46059
02e;46076
02fcc;46086
02greatest;46099
02last;46117
02nd;46131
02oct02;46142
02r;46158
02sumula;46169
02t00;46192
02utc;46205
03;46218,47202
030;52760,52772
030052;52907
0301;52921
030258;52933
0303161144;52947
030334;52964
0304;52978
030401;52990
030418;53004
03045;53018
0305018276;53031
0306065753;53048
030670;53065
030690312;53079
030701;53096
030724;53110
030746;53124
0307554100;53138
030768;53165
0307954879;53179
0307954909;53197
030800;53215
03080523;53229
030830;53244
03085;53258
030876;53271
031;53285,53363
031021;53375
0311358;53389
031166;53403
0312009054;53417
031212;53435
031296;53450
0314253569;53464
031506;53481
031540;53504
031647;53518
031693;53532
0317;53546
0317384;53557
03175;53572
031815;53585
031822;53599
031883;53613
031975;53627
031986;53641
032;53655,53683
0321;53774
03210;53786
032272;53800
032307;53814
032310;53828
032333;53842
03239;53856
032497;53869
032501;53884
0326029062;53898
032722;53915
0328501724;53929
033;53946,53982
0330225229;54080
033058;54097
033066;54111
033081;54125
033096;54139
033099175;54153
033119;54169
033127;54183
033195;54197
033226;54211
033234;54225
033279;54239
033318;54253
033333;54267
033638;54288
0337;54302
034;54314
0340;54393
0340752335;54412
0340835966;54430
0342;54448
034302;54460
03431;54474
0343708992;54487
034424;54504
034470;54518
034515;54532
0345347;54546
034767;54561
034843;54575
0349;54589
034912;54601
03496;54615
035;54628,54640
035065;54734
035183;54748
035193;54762
035210;54776
035233;54790
035301;54804
035309;54818
035347;54832
03535;54846
035408;54866
035411;54880
035423;54895
035454;54909
035461;54923
035500;54937
035515;54951
035553;54965
035561;54979
0356;54993
035652;55005
03565836;55019
03573;55034
03578;55047
0358100;55060
035820;55075
035856802;55089
03592372;55105
035927;55120
035965;55134
036;55148,55176
036011;55248
036049;55262
0361;55276
036102;55287
036156;55301
0361571684;55315
036179;55332
036346;55346
0363498144;55360
0364;55377
036446;55396
0365;55410,55423
0366;55435
03660;55447
036652;55460
036659;55474
036667;55488
036743;55502
036ab7;55516
037;55530,55550
037041;55655
037148;55669
03716719;55683
037201;55698
037369;55712
037376;55726
037431;55740
0374711848;55754
037537;55772
037631;55786
037651;55800
03779;55814
037865;55828
037941;55842
037956;55856
037979;55870
038;55884,55969
038002;55989
03806596;56003
038094;56019
0381;56033
038147;56045
038162;56059
0381743908;56073
0382064089;56090
0382350907;56108
038256;56125
038399;56140
0385241984;56154
038551;56179
038612;56193
03863192;56207
03870592;56222
0387788654;56237
0387878676;56255
038788;56273
038803;56287
038811;56301
038841;56315
038933;56329
039;56343,56405
03927;56829
039352;56842
0393615216;56856
0393776894;56873
039383;56890
039421;56904
039498;56918
039688;56932
03976661;56946
0398555696;56961
0399;56978
039993;56990
0399930477;57004
03b;57021,57034
03c;57112
03em;57124
03f;57136
03first;57147
03oct2016;57162
03rd;57178
03z;57189
04;57200,58250
040;65295,65315
0400;65394
0400246046;65406
040138;65423
040161;65437
040276;65451
04041;65465
040451;65478
0405;65492
0405093594;65511
0405280329;65529
0406;65546
040611;65558
0406121;65572
040649;65664
040703;65678
04072010;65692
040726;65708
040733;65722
04078996;65736
040894;65751
040985;65765
041;65779,65807
041054;65913
041183;65927
041206;65941
041222;65955
0412724689;65969
041321;65986
041336;66000
0415513722;66014
0415706599;66032
041634;66050
041649;66064
0416674614;66078
041687;66095
041748;66109
041763;66123
0418;66137
041824;66150
041832;66164
04186;66178
041862;66191
041901;66205
041939;66219
042;66233,66261
042000;66354
042068;66368
042160;66382
042175;66396
0422;66410
042274;66422
042336;66436
042450;66450
042488;66464
0425043665;66478
042587;66495
0426;66509
042610;66521
042664;66535
04267;66549
042786;66562
042793;66576
0428;66590
042908;66603
042931;66617
0429396406;66631
042957785;66648
042969;66664
042995;66678
043;66693,66721
043022;66801
043060;66815
043098;66829
043114;66843
043121;66857
04315;66871
0432013497;66884
043221;66901
043304;66915
043312;66929
043333;66943
0433913954;66957
0434;66974
043419;66992
043457;67006
043663;67020
043785;67034
043800;67048
043823;67062
043869;67076
043877;67090
044;67104,67124
044029;67215
044088;67229
0442;67243
044334;67255
044365;67269
044375;67283
044395;67297
04440658;67311
044441;67327
044456;67341
044495;67355,67370
04455;67384
0446;67397
044647;67410
044685;67424
044693;67438
0447212234;67452
0447590686;67469
0447679758;67486
044815;67503
044853;67517
044952;67531
044975;67545
045;67559,67571
0450;67683
045021;67695
045044;67709
04507;67723
045082;67736
045158;67750
045227;67764
045303;67778
045670;67792
045685;67806
045845;67820
045860;67834
045975;67848
046;67862
0460011082;67962
0460020138;67980
0460020497;67998
046043;68016
046066;68030
046143;68044
046188;68058
046227;68072
046234;68086
046303;68100
046307;68114
046318;68128
046349;68142
046356;68156
046387;68170
046394;68184
046448;68198
046471;68212
046516;68226
046631;68240
04664;68254
046692;68267
046730;68281
046745;68295
046753;68309
04679;68323
046814;68336
0468478203;68350
046883;68367
046898;68381
046921;68395
04695;68409
046959;68422
047;68436,68448
047043;68513
047058;68527
0470687002;68541
047112;68558
04719;68572
0471933538;68584
0473;68602
0473107430;68614
047321;68632
047333;68646
047417;68660
047485;68674
04755282;68688
047554;68703
0476213433;68717
047752;68734
047774;68748
047778;68762
047798;68776
0478150845;68790
047823;68807
047928;68820
047935;68834
047940;68848
048;68862,68933
048062;68977
048134;68990
048157;69004
048174;69018
048193;69031
0482;69045
04824;69058
048302;69071
048332;69085
048370;69099
048436;69113
048462;69126
0485215448;69140
048553;69157
048561;69171
048644;69185
048674;69198
048691;69212
04879;69226
04885;69239
048851;69252
048902;69266
048935;69279
048945;69293
04896;69306
049;69318
049042;69397
049103;69411
04911;69425
049141;69438
04917;69452
04919;69465
049217;69478
049263;69492
049278;69506
049316;69520
049423;69534
049439;69548
049484;69563
0495247319;69577
049548;69594
049562;69607
049568;69620
0495882072;69634
04961;69651
049614;69664
049644;69678
049751;69692
049759;69706
049808;69720
049812;69733
049816;69753
049822;69766
049828;69779
049831;69793
049850;69806
049851;69820
049858;69833
0499126837;69847
049929738;69864
049942;69880
04first;69894
04josephat;69909
04th;69928
04z;69939
05;69950,71123
050;77163
0500;77316,77329
0500073;77341
050018;77356
050026;77370
0500287323;77384
050036;77402
050041;77415
050072;77429
050087;77443
0500951h;77457
050163;77474
050186;77488
050194;77502
05020;77516
050201;77529
050209;77543
050247;77557
050262;77571
050278;77585
050323;77599
050339;77613
050369;77627
050407;77641
050418;77655
050491;77668
050591;77682
050697;77696
050819;77709
050842;77723
050964;77737
0509896576;77751
051;77768,77780
051006;77866
05102;77880
0510790199;77893
051194;77910
0512;77923
051224;77935
051239;77949
0512578;77963
051258;77978
051384;77991
051389;78005
051422;78019
05145;78033
051547;78046
051563;78059
051574;78072
051586;78085
05161019;78098
0516268015;78114
051636;78131
051819;78145
05188;78159
052;78172,78192
0520023765;78250
0520032683;78269
0520050614;78287
05202008;78305
0520225251;78328
0520225252;78346
0520288017;78364
0520299934;78382
05208;78399
0521;78412
0521896979;78424
052193;78442
052216;78456
0522774346;78470
052315;78487
052330;78501
052368;78515
052429;78529
05248;78543
0524871349;78556
0525;78573
052567;78584
052589;78598
0526081324;78612
052620;78629
052650;78643
0526602268;78657
05280329;78674
052834;78689
05288;78703
052895;78716
052902;78730
0529199392;78744
053;78761,78832
0530097373;78868
0532;78885
053375;78897
053543;78911
05358;78925
053741;78938
053940;78952
053947;78966
0539888293;78980
054;78997
054138;79097
054146;79111
054344;79125
054398;79139
054466;79153
0545;79167
054683;79179
0546a0;79193
054710;79208
054817;79222
054855;79236
054893;79250
054993;79264
0549958162;79278
055;79295
05505;79357
055185;79370
0552997812;79384
05535d;79402
055395;79417
0554;79431
055412;79443
05545;79457
055556;79470
055557;79484
055618;79498
05562228;79512
055649;79527
0556964278;79541
05579317;79558
055884;79573
055954;79587
05599;79601
056;79614,79626
056013;79669
056038;79683
0561345816;79697
056137;79714
056165635;79728
0563963018;79744
056465;79761
05651927;79775
056549;79790
056580;79804
056602;79818
0566060133;79832
056717;79849
05672;79863
056839;79876
05694;79890
056984;79903
057;79917,79945
057014;80036
057114;80050
05716e;80064
0572;80078
057205;80090
0573;80104
05736;80116
05743;80129
057487;80142
0575028920;80156
057571;80174
0577;80188
057733475;80200
057846;80216
057848;80230
057974;80244
057999;80258
058;80272
058006;80335
058014;80349
058098;80363
0581;80377
05810237;80389
058113;80404
058136;80418
058189;80432
0582211949;80446
05829;80463
0583;80476
058327;80488
058380;80502
058449;80516
0585;80530
058601;80542
058746;80556
058754;80570
058792;80584
0589223914;80598
058945;80615
05899;80629
058990;80642
059;80656
059052;80713
059189;80727
0592;80741
059395;80753
05940a;80767
05946;80781
059601;80794
059608;80808
059769;80822
05987;80836
059914;80849
059937;80863
059a4d;80877
05em;80892
05last;80911
05may2017;80925
05pm;80941
05t05;80961
05th;80974
06;80985,81871
060;86762,86939
0600;86951
06000005;86963
0600006379;86979
060097;86997
060143;87011
060173;87025
06018;87039
0602081;87052
060371;87076
060486;87090
0605419874;87104
0605525103;87121
060622;87148
060661;87162
0607489981;87176
060822;87193
060875;87207
0609;87221
060997;87233
061;87247
06112;87312
061148;87325
06119;87339
0612;87352
06126;87364
0612634867;87377
061264;87394
061295;87408
0613727942;87422
061586;87439
0615926346;87453
0616;87471
061836;87483
061867;87497
061882;87511
061928;87525
06196c;87539
062;87553,87623
062080;87635
062111;87649
062180;87663
062210;87677
062263;87691
062393;87705
062408;87719
0624370538;87733
062492;87750
062508;87764
062645;87778
062660;87792
062668;87806
06276;87820
062805;87833
062897;87847
063;87861,87881
063110;87973
0631185956;87987
063118595x;88005
063187;88023
063217;88037
063263;88051
063293;88065
0633;88079
063339;88092
06337421;88106
063377;88122
063393;88136
063400;88150
063637;88164
063835;88178
063927;88192
063988;88206
064;88220,88240
064034;88331
0641099215;88345
06413245;88362
06421;88377
064217;88390
064369;88404
064407;88418
0644209236;88432
0646;88449
064682;88461
064713;88475
064781;88489
064812;88503
064842;88517
064888;88531
065;88545,88565
0650;88651
065018;88663
06502;88677
06505;88690
065109;88703
065140;88717
065216;88731
065285;88745
065348;88759
065353;88773
065384;88787
065407;88801
0654712021;88815
065475;88832
065491;88846
065521;88860
065529;88874
065536;88888
065598;88902
065674;88916
065679;88930
065704;88944
065956;88958
065964;88972
065994;88986
066;89000,89020
066010;89111
066025;89125
066032;89139
066055;89153
066063;89167
066093;89181
0661;89195
066109;89207
066116;89221
06612432;89235
066132;89250
066246;89264
066269;89278
0663010776;89292
066322;89309
066406;89323
066437;89337
0666;89351
066650;89363
066667;89377
06667;89398
066750;89411
0668050647;89425
066826;89442
066856;89456
0668590665;89470
0668759346;89487
066986;89504
066x;89518
067;89530,89550
0670;89628
067062;89640
067093;89654
0671;89668
0671530778;89680
067169;89698
067207;89712
067238;89726
067276;89740
067383;89754
067390;89768
067413;89782
067490;89796
067497;89810
067520;89824
067589;89838
067612;89853
067628445;89867
0677;89883
067726;89907
067741;89921
0677766;89935
067780;89950
0678588822;89964
06787;89981
06790956;89994
067947;90010
067d06;90024
068;90072,90084
0680;90155
068016;90167
068054;90181
0681;90195
068161;90207
068184;90221
068230;90235
068237;90249
068283;90263
0683097318;90277
068451;90294
068649;90308
068657;90322
0687948465;90336
0689114494;90353
069;90371
069017;90450
0690619946;90464
069099;90481
0691248626;90495
069125;90512
069145;90526
069168;90540
069176;90554
069199;90568
069267;90582
069351;90596
069481;90610
069565;90624
069595;90638
069695;90652
069733;90666
06974;90680
069794;90693
0698;90707
069801;90719
069817;90733
069862;90747
069878;90761
0699;90775
069901;90787
069952497a;90801
069984;90819
06f;90833,90846
06greatest;90917
06may2017;90935
06t00;90951
06th;90964
07;90975,91788
070;96542,96570
0700;96683
070000;96696
070007;96710
070015;96724
070023;96738
070030;96752
0700814053;96766
070145;96783
070160;96797
070183;96811
070206;96825
070251;96839
070259;96853
070267;96867
0703;96881
070305;96894
070328;96908
070412;96922
0704415888;96936
0704708472;96953
0705;96970
070572;96982
070602;96996
070770;97010
07081;97024
070885;97037
070908;97051
07093;97065
070938;97078
070959805;97092
070969;97108
070976;97122
071;97136
07102499;97187
0710609655;97203
0710609876;97221
071091;97239
0711163208;97253
071121;97270
071129;97284
071167;97298
071182;97312
07119;97326
071198;97339
0712;97353
071228;97365
071312;97379
071350;97393
0714;97407
071404;97419
071406;97433
071411;97447
0714867489;97461
0715;97479
071564;97498
071640;97512
071770;97526
071777;97540
071831;97554
071854;97568
071869;97582
0719;97596
0719037351;97608
0719057590;97626
071907;97644
071999;97658
072;97672,97684
072006;97756
072029;97770
072067;97784
072151;97798
072166;97812
072174;97826
072177;97840
072189;97854
072227;97868
072250;97882
072273;97896
072289;97910
07239;97924
07239479;97937
072456;97952
072495;97966
072571;97980
072578;97994
072594;98008
072597265;98022
0726;98038
072655;98050
072656;98064
072723;98078
072731;98092
07274;98106
0728;98119
072830;98130
072855;98144
07292032;98159
072937;98174
0729601532;98188
073;98205,98233
073090;98311
07325;98325
073364;98338
073494;98352
073509;98366
073563;98380
0736;98394
073822;98406
0738577146;98420
07385993;98439
073860;98454
0739598572;98468
074;98485,98521
074173;98607
074219;98621
0742503909;98635
074257;98653
074295;98667
074425;98681
074501;98695
074593;98709
0746;98723
0746310935;98735
074646;98753
0747433901;98767
074799;98784
074844;98798
07489981;98812
074944;98827
075;98841,98861
0750585049;98941
07507;98958
075096;98971
07516;98985
075172;98998
07517c;99012,99035
075180;99104
075264;99118
075325;99132
075356;99146
075424;99160
075455;99174
07551;99188
075546;99201
07556;99215
075592;99228
0756;99242
075623;99255
0756367594;99269
075714;99286
075752;99300
075798;99314
0758;99328
075836;99340
075844;99354
075867;99368
0759117128;99382,99401
07596517;99433
076;99448,99476
07605;99569
076073;99582
076088;99596
0761;99610
076151;99629
076187;99643
076203585;99657
076286;99673
076347;99687
076378;99701
076469;99715
076477;99729
07652;99743
076546;99756
07655;99770
076584;99783
076714;99797
076736;99811
076805;99825
07682;99839
076820;99852
076836;99866
07684493;99880
076927;99895
077;99909
077042;99988
077072;100002
077106750x;100016
0771562681;100034
077194;100051
077309;100065
077332;100079
077362;100093
07739;100107
077408;100120
077415;100134
077423;100148
077438;100162
077457048;100176
077484;100192
077498;100206
077591;100220
077660;100234
077736;100248
07775;100262
077835;100275
077888;100289
077911;100303
0779285729;100317
0779496282;100334
077954;100351
07798;100365
077980;100378
077995;100392
078;100406,100426
078026;100531
078033;100545
0780506;100559
078072;100573
078117;100587
078156;100601
078163;100615
078194;100629
078217;100643
078239;100657
07827;100671
078270;100684
078285;100698
078293;100712
078323;100726
0783772469;100740
078384;100757
07840228;100771
078415;100786
078438;100800
07844;100814
078491;100827
0785;100841
0785154914;100853
0785189152;100871
0785189343;100889
0785190691;100907
0785190721;100925
0785191513;100943
0785191568;100961
0785191698;100979
0785192121;100997
0785197133;101015
07856;101033
07858951;101046
078633785;101062
078644;101078
07868;101092
078766;101105
07881296;101119
078827;101134
078857;101148
07887;101162
07891846;101175
079;101190,101202
0791;101275
079262;101287
079308;101301
07936;101315
079384;101328
0794;101342
07945;101354
079468;101367
079506;101381
079582;101395
07959;101409
0796;101422
079636;101435
079638049;101449
079659;101465
079666;101479
07972;101493
079742;101506
07976;101520
07981;101533
07982;101546
07984;101559
07986;101572
0799;101585
07995;101597
079971;101610
07999;101624
07bargem;101637
07em;101653
07f;101672
07first;101683
07jul2017;101698
07last;101714
07may2017;101728
07t05;101744
07th;101757
07z;101768
08;101779,102601
080;107259,107279
080032;107392
080070;107406
080078;107420
0801707506;107434
080177;107451
080185;107465
080223;107479
0802403476;107493
080276;107511
080282851;107525
080285;107542
0802868879;107556
0802870538;107574
08033;107593
080360;107606
080414;107620
0804752141;107634
080513;107652
08054;107666
080574;107679
08058;107693
080597;107706
08062;107720
08072013;107733
08078;107749
0808002;107762
08084;107777
0809;107790
0809228942;107802
0809387956;107819
08095;107838
080956;107851
08098;107865
081;107878,107898
081010;107963
0810122367;107977
08106;107995
0810856271;108008
08111;108026
0811303854;108039
081146;108056
08116;108070
0812;108083
081245;108095
08125;108109
08131;108122
08133984;108135
0813932811;108150
08149;108168
081551;108181
08156;108195
0815602561;108208
081581;108226
0815k;108240
081650;108253
0816692187;108267
08167;108285
0816984922;108298
0817;108315
08181;108328
081924;108341
0819622651;108355
08198;108372
082;108385,108397
082031;108496
0820467739;108510
0821423721;108605
08223;108623
08228;108636
0824;108649
08241;108662
082420;108675
082497;108689
082504;108703
082527;108717
082588;108731
082630;108745
082642;108759
0826756954;108773
082733;108790
082764;108804
082787;108818
082909;108832
082954;108846
083;108860
083006;109000
083038;109021
0830413029;109035
08308;109052
083160;109065
083199;109079
08322;109093
083229;109106
083267;109120
08333;109134
083333;109147
08339143;109161
083412;109176
083501;109190
083519;109204
083542;109218
0836;109232,109245
0836316;109257
083679;109272
083694;109286
083725;109300
08375;109314
083786;109327
0838325024;109341
0839;109358
083900;109370
083961;109384
0839756651;109398
0839756658;109416
0839756682;109434
0839764812;109452
0839764816;109470
0839770756;109488
0839770758;109506
08398;109524
084;109537,109557
084000;109635
084001;109649
0840425566;109663
084084;109680
084114;109694
0841543823;109708
084201717;109725
0842252672;109742
084229;109759
0842297524;109773
08429;109790
084338747;109803
0844;109819
08443;109838
08447;109851
0845;109864
084500;109876
08457e;109890
084587;109905
0847;109919
084709165;109931
084846;109947
084938;109961
084961;109975
085;109989,110001
085083;110080
085289;110094
0853688656;110108
085368913x;110126
08543;110144
085472;110157
0855;110171
08554;110183
08559;110196
085602;110209
085632;110223
085648;110237
0857;110251
0857294357;110263
085770;110281
0858165845;110295
085884;110312
085930;110326
085983;110340
086;110354,110374
0860;110460
086052;110472
0860914914;110486
08612;110504
086243;110517
086258;110531
086266;110545
086349;110559
086365;110573
086454035;110587
0864734532;110603
08669;110621
086708;110634
0867158175;110648
086739;110665
086754;110679
086761;110693
086792;110707
08681;110721
08683521;110734
086937;110749
086975;110763
087;110777,110797
0870145261;110869
087051;110886
087082;110900
0870939568;110914
0871;110931
0871132842;110943
087173;110961
087219;110975
0872217789;110989
0872783288;111006
087341;111023
087418;111037
08743913;111051
0875415802;111067
0876;111084
0876401663;111096
087654;111113
08769;111127
0877;111140
0878;111152
087816;111165
0878451080;111179
087860;111197
087868;111211
0879306408;111225
087952;111243
088;111257,111293
08801;111371
088013;111384
088043;111398
088104;111412
088125376;111426
088158;111443
088165;111457
088196;111471
088203;111485
088280;111499
0882893092;111513
088293;111531
088318;111545
088326;111559
088344095;111573
088394;111589
088398;111603
08843;111618
088501;111631
088547;111645
088585;111659
08862;111673
088661;111686
088669;111700
088760;111714
0887738466;111728
08879;111745
0888952613;111758
0889542430;111775
089;111793,111813
089058;111881
089066;111895
089127;111909
089165;111923
08920407;111937
089219095;111952
089264;111968
0892964602;111982
089310;111999
089325;112013
089622;112027
089676;112041
089737;112055
08974;112076
089745;112089
0898;112103
0898221002;112115
0898308754;112133
0898712351;112150
089897;112168
089973;112182
08last;112196
08leak;112210
08oct4;112224
08th;112238
08z;112249
09;112260,113180
090;117891
090012;117949
0901;117963
090103;117975
090153866x;117989
09025365;118007
090347;118023
090401;118037
090423;118051
090424;118065
090530;118079
090584;118093
090614;118107
090729;118121
090759;118135
0908133984;118149
090836;118166
090897;118180
090919;118194
091;118208
09103632;118278
09109;118293
09112006;118306
09114325;118329
091171;118344
091278;118358
091309;118372
091316;118386
091339;118400
091354;118414
09136;118428
09139204;118441
091400;118456
0914512366;118470
091454;118489
09150;118503
091522;118516
091599;118530
091652;118544
0917;118558
091736;118570
091751;118584
09183514;118598
091850;118613
091888;118627
0918e8;118641
091942;118689
09197;118703
092;118716
092270;118801
09228942;118815
092316;118830
0925;118844
092506;118857
092606;118871
092651;118885
0927;118899
092857;118911
092904aaa;118925
093;118949,119001
093040;119122
0931;119136
0931418166;119148
093208;119165
093231;119179
093254;119193
093292;119207
093422;119221
093430;119235
093452;119249
093491;119263
093559;119277
093582;119291
093613;119305
093620;119319
093628;119333
093704;119347
093719;119361
093742;119375
093773;119389
093895;119403
093987;119417
094;119431
094025;119509
094048;119523
094170;119537
0941875055;119551
0942573547;119568
094315;119585
09448;119599
09449;119612
094505;119625
09451;119639
0945506560;119652
094566;119670
094589;119684
094604;119698
094627;119712
0946372322;119726
0947792562;119743
094788;119761
09491;119775
09492;119788
095;119801,119813
095032;119919
0951133594;119933
095306;119950
095322;119964
09535;119978
09538;119991
0953941445;120004
09540261;120022
095406;120038
0955;120052
095558;120064
095650;120078
095657;120092
095703;120106
09571;120120
09572339;120133
095741;120148
095825;120162
095848;120176
0959420207;120190
096;120208
0960981846;120328
096176;120345
096291;120359
096329;120373
0964;120387
096497;120400
096565;120414
0967;120428
09670;120441
096771;120454
096825;120468
0968588591;120482
097;120499,120527
097015;120596
0970224931;120610
0970316554;120628
097046;120646
0971;120660
097122;120672
097130;120686
097145;120700
09726;120714
097420;120728
097473;120742
097496;120756
0975292698;120770
0975461;120787
097549;120801
097610;120815
0976186403;120829
0976470748;120847
097717;120865
0977385044;120879
097748;120896
0977713407;120910
097786;120928
097801;120942
097816;120956
098;120970,120990
098000;121096
0980099951;121110
09805036;121128
0982;121143
0982092246;121155
098251;121172
098434;121186
098511;121200
098763;121214
0987920761;121228
098862;121245
098923;121259
098998934;121273
099;121289,121309
0990;121394
099113;121406
0991189601;121420
099220;121438
0992866009;121452
09935;121469
099472;121482
099487;121496
099495;121510
099663;121524
099693;121538
0997;121552
099770;121564
099792;121578
09apr2017;121592
09bio;121608
09f;121621
09first;121667
09greatest;121682
09law;121700
09th;121734
09z;121745
0a;121756
0a0a2a;121767
0a14;121781
0ad9ded6;121793
0ane;121809
0awreck;121821
0b0080;121836
0b4c90;121850
0ba9cc;121864
0c0f00;121876
0c5fa8;121890
0ca6df;121904
0ca950;121919
0d254c;121934
0d54a2;121955
0d8147;121969
0e0;121983
0e5ca4;121994
0em;122007,122060
0emshould;122268
0end;122284
0ex;122297,122317
0eycibehsj;122371
0f;122478
0f0;122489
0f3;122514
0f52ba;122525
0f5877;122547
0ff;122561,122589
0final;122636,122651
0k;122665
0l;122675
0mp;122685
0n;122697
0nna;122707
0p;122726
0pt;122736
0px;122761,122861
0s;123223
0screen;123233
0semi;123248
0third;123261
0total;123275
0v;123289
0x0077be;123299
