00;0,11
00000310;21
0003102;35
0005926;49
0008040;64
000and;79
000eri;94
000rya;108
000tad;122
000ti;136
0011207;149
0011527;164
0012005;179
0013342;195
0013430;210
0013604;225
0013889;240
0014720;255
0014965;270
0016114;286
00183761;301
0019053;316
001ja;331
001jab;344
001mic;358
001rob;372
001tyl;386
0020344;400
0020409;415
0022306;430
0022471;445
0023034;460
0023558;475
0023736;490
0024049;504
0024696;519
0024948;534
0025757;549
0026286;563
0026660;577
0026767;592
0026829;605
0028344;620
0028741;635
0028801;649
0029007;664
0029704;679
0029940;694
0029977;709
0030506;723
0030926;738
0031017;752
0032317;766
0032430;781
0032734;796
0032921;811
0034071;826
0034308;841
0034501;856
0034789;871
0036117;886
0036284;901
0038166;916
0038443;931
0038570;946
0039039;961
0039059;976
0039599;991
0041739;1005
0042258;1020
0044467;1035
0045081;1049
0046046;1063
0046697;1078
0047055;1093
0047466;1108
0047870;1123
0047906;1138
0047986;1153
0049905;1168
0050690;1183
0051045;1198
0051797;1213
0053081;1227
0055298;1242
0055517;1257
0056206;1272
0056885;1287
0058496;1301
0059942;1316
0062041;1331
0062518;1346
0062685;1362
0065568;1377
0066036;1392
0066045;1407
0066945;1422
0067526;1437
0067602;1452
0067696;1467
0068206;1482
0068227;1497
0068292;1512
0068415;1527
0069186;1542
0070062;1557
0070221;1572
0070565;1587
0072196;1602
0073406;1617
0074450;1632
0074979;1647
0076068;1662
0076531;1677
0076836;1692
0076884;1707
0077505;1722
0078097;1737
0081689;1752
0082476;1766
0083565;1781
0083640;1796
0084506;1811
0088405;1825
0092590;1840
0096566;1854
0097593;1869
0098311;1883
00h;1899
01;1910
01001149;1919
0100983;1935
0102397;1950
0103675;1965
0103967;1980
0104111;1995
0104884;2010
0105127;2025
0106597;2040
0107428;2055
0109266;2071
0109621;2086
0110071;2101
0111519;2116
0112172;2131
0116240;2146
0119108;2162
0119926;2178
0122385;2193
0126301;2207
0126990;2222
0127284;2237
0128338;2251
0130829;2266
0133153;2282
0134191;2297
0134402;2312
0135635;2327
0135857;2342
0138265;2357
0138650;2372
0139440;2387
0142057;2402
0143012;2417
0143843;2432
0147853;2447
0149674;2462
0154989;2477
0157069;2492
0157882;2507
0163112;2522
0166709;2538
0166741;2553
0168712;2567
0176408;2582
0178757;2597
0178991;2612
0179867;2627
0180974;2642
0182292;2657
0186725;2672
0186849;2687
0187680;2702
0194759;2717
0195063;2732
0196024;2747
0196236;2762
0199905;2777
02;2792
0202154;2823
0202716;2838
0202859;2853
0206317;2868
0208563;2883
0209692;2898
0210431;2913
0212911;2928
0216683;2943
0218831;2958
0221115;2974
0231878;2989
0232550;3011
0233270;3026
0236506;3041
0237260;3056
0238709;3071
0247729;3086
0248;3108
0250688;3120
0250710;3135
0253761;3150
0254610;3165
0260408;3180
0260410;3195
0260885;3210
0264812;3225
0268631;3240
0278495;3255
0280727;3270
0289983;3283
0291350;3298
0295281;3313
03;3329
0302680;3339
0303900;3354
0306057;3370
0308842;3386
0315198;3402
0317368;3417
0323766;3432
0327205;3447
0330331;3462
0335394;3477
0347808;3492
0349246;3507
0358676;3522
0359873;3537
0362041;3552
0365975;3566
0372773;3581
0381110;3596
0382804;3611
0383153;3626
0385872;3641
0385978;3656
0393923;3671
04;3686
0406108;3703
0406872;3718
0408735;3733
0425618;3748
0430839;3764
0433595;3777
0439731;3792
0442751;3807
0484385;3822
0491203;3837
0496322;3852
0496528;3867
05;3882
0518352;3898
0525574;3913
0543919;3928
0549337;3942
0566539;3957
0570330;3972
0576494;3985
0581197;4000
0581973;4016
0595543;4031
06;4046
0615597;4062
0632641;4077
0636076;4092
0661651;4107
0664583;4121
0681360;4136
0685156;4151
0685638;4166
0685884;4182
0688762;4197
0690517;4211
0690524;4226
0695409;4240
07;4255
0706740;4279
0711915;4294
0725207;4309
0725347;4324
0725564;4339
0734870;4354
0734958;4369
0743102;4384
0744105;4398
0749431;4412
0759474;4427
0766442;4442
0768893;4457
0769380;4472
0774670;4487
0776762;4502
0785378;4517
0790554;4532
08;4547,4558
0816737;4568
0825923;4583
0832227;4598
0845542;4613
0846626;4627
0872195;4642
0882782;4657
0883904;4672
0885526;4687
0896994;4702
09;4718
0901683;4728
0913188;4743
0916545;4758
0922540;4773
0944220;4788
0950391;4803
0957867;4818
0994245;4833
0fh;4848
