80;0,51
800;389
8000;434
80004;452
800162;465
80026;479
800th;492
801;506
8014;518,531
8021;543
8028;554
80332;567
8047;580
8050;592
8053;604
8057;616
806;628
8063;667
8069;679
807;692
8078;703,716
808;728
80847;739
80da;753
80percent;764
81;781,824
8102368;1021
8108;1036
8119;1055
812;1067
8120329902;1078
8128;1096
813;1108,1120
815;1131
816;1155
81622;1173
8166;1186
817;1197
818;1208
8182;1219
8196;1232
81st;1243
82;1255,1266
8203438;1392
821;1408
8211;1420,1433
8216;1501,1514
8217;1540,1553
821745;1586,1601
8220;1615
8221;1647
8225;1666
823;1678
8247;1689
8257;1701
82628573;1713
827;1729
8298130;1741
82h;1756
82nd;1767
83;1779,1822
83001269;1992
83004162;2008
831;2024
8316;2035
833;2047
836;2058
837;2070
838;2082
8392158695;2093
8399450;2111
84;2126,2137
84037;2300
84158;2313
84162;2325
842;2337
84383;2348
846;2361
8460483843;2406
8460495728;2424
8486926890;2442
8487544088;2461
849;2479
8493109797;2491
849772318x;2509
8497725565;2527
85;2545,2580
850;2747,2759
85061;2777
850k;2790
85112;2803
851298;2816
85158;2830
851902;2842
852;2856
85263;2867
854;2879
85414;2890
85425;2903
85437;2916
85466;2928
8559;2941
856;2953
85668;2971,2985
857;3005
8575;3016
859;3029,3041
85967;3052
85973;3065
85976;3077
86;3089,3116
860;3273
86171;3284
865;3297
866;3308
868;3320
869;3330
87;3348,3391
870;3533
8703787;3545
871;3560
874;3572
8744;3584
875;3596
877;3607,3627
87th;3638
88;3664,3755
880;3881
882;3892
88359;3903
8855211;3917
887;3932
88706;3943
88757;3956
888;3969
88857;3980
889;3993
889000424x;4004
88a;4022
89;4040,4059
8913;4223
8921;4235
893;4247
893777;4258
893802;4273
894;4287
89428;4299
89464;4313
895;4327
896;4339
898;4350
89869;4361
89950;4374
8a;4387
8b;4397
8bn;4407
8c;4418
8i;4428
8outof10;4438
8rate;4454
8th;4467
8thaward;4541
