70;0,75
700;470,490
7000;536
700233;547
7003;562
7004268533;574
70050;592
701;606
70126;617
7017;630
702;642
7029;653
703;665
704;676
707;688
7073;699
708416;711
709;725,737
709317;748
70di;761
70k;773
70th;785,798
71;817,828
710;1041
7102;1059
711;1072
7110;1083
712;1095,1107
712288;1118
7130;1131
7136;1143
714;1156
716;1166
717;1184
717548799;1195
718;1212,1224
719;1235
7194;1246
71st;1258
72;1284,1335
720;1526
721;1537
722;1555
7222;1566
723;1579
726;1590
727;1602
72827981;1613
72nd;1648
73;1660,1671
730;1813
731;1829
732;1838
7330;1849
735;1861
737;1879
738;1890
73rd;1901
74;1913,1940
740;2083
741;2094
742;2105
7428;2117
74309;2129
745;2143
74582;2154
74678;2167
7470;2180
748;2192
7486;2202,2215
75;2226,2285
750;2539,2551
7500;2632
75011;2645
75014;2659
7506;2672
75068;2698
7509;2711
75169;2722
753;2735
7530;2746
754;2758,2770
7543810;2788
7545;2803
7546;2815
75782;2826
7580;2839
75860;2851
75864;2865
75percent;2879
75th;2896
76;2915,2950
761;3121
7610;3133
7616;3145
762;3164
7621;3175
7622501;3188
764pp;3203
7653;3216
766;3228,3240
766520;3258
7667;3272
767;3284
768;3295
76note;3306
76th;3320
77;3332,3351
770;3501
77002;3512
7704;3526
77079;3538
77098;3551
771;3564
773;3584,3596
7733;3607
7736;3619,3632
7746;3644
77477;3657
7748994;3670
776;3685
777;3696
77v;3707
78;3719,3738
781;3838
78117;3849
781543;3862
7828;3876
7829;3888
7836;3900
784;3912
7858;3924
7864;3936
7867;3955
788;3967
789;3985
79;4003,4038
790;4335,4347
79001987;4365
791;4382
7913;4400
792;4412
793;4423
794;4434
796;4446
7964592;4457
79680;4472
799745;4485
79th;4499
7a;4511
7c;4521
7digit;4531
7new;4552
7s;4564
7th;4574,4602
