30;0,267
300;1921,1965
3000;2038
30004;2050
30014;2064
30024;2078
30034;2099
30044;2113
30054;2127
300634;2141
30064;2155
3007;2169
30074;2181
30084;2195
300k;2209
301;2221
3012511;2239
302;2254,2274
3029;2320
302p;2332
303;2344
304;2390,2410
304th;2456
305;2468,2496
30534;2562
306;2575,2603
3060;2642
307;2654
30730;2685
30774;2698
308;2711,2731
30816;2755
308533;2768
3087;2782
309;2795,2807
3099;2839
30em;2852
30th;2905,2918
31;2936,3115
310;3911,3923
310017;3940
31009;3954
311;3967
3110;4013
311777;4025
312;4040,4052
3123;4090
313;4102,4114
31370;4158
314;4171,4183
314th;4222
315;4235
3156;4281
3159522;4294,4310
316;4325
3161;4357
317;4370
318;4409,4429
3184187;4447
319;4462,4490
31dfvic;4522
31juli;4537
31st;4551
32;4598,4681
320;4990,5002
3200;5034
3200305;5046
320786;5061
320th;5075
321;5087,5099
32133;5117
322;5130
32254;5148
323;5161,5181
32301;5199
323pp;5212
324;5225
325;5243,5263
32510453;5321
3259838;5336
326;5352,5364
326146;5403
3265;5417
327;5429,5441
3275;5487
3279;5499
328;5511,5539
329;5564,5584
32nd;5609
33;5621,5672
330;5982,5994
3300;6033
3302;6045
330gt;6057
331;6070,6082
3311;6114
331442;6126
331740;6141
332;6155,6167
3325;6192
332680;6211
3328;6224
3329;6235
3329sum;6247
333;6262,6274
333361;6299
3334;6314
3334255;6326
333697;6341
334;6355
334260;6394
3343;6408
3346;6420
335;6432
33501;6464
3352;6477
3353;6489
33554;6501
336;6514
33675;6539
33699b;6552
337;6566,6578
3370;6617
3378;6629
338;6641,6653
338695;6705
338f;6720
339;6732,6744
3390;6769
3399495;6781
33995;6796
33a;6808
33em;6819
33rd;6831
34;6864,6915
340;7159,7171
341;7196,7232
3411;7257
341f;7269
342;7281
34255791;7312
34256;7328
34269;7341
343;7354,7366
344;7418
345;7464,7476
346;7494,7506
34644;7517
3468;7530
3468sum;7542
347;7557,7569
34735;7600
348;7613
3481;7631
349;7643,7663
34th;7674
35;7700,7743
350;8073,8093
35002;8118
35062;8131
351;8144,8164
352;8181,8201
3520;8226
3527;8238
353;8249
3539;8274
354;8286
355;8306
35540;8344
355564a0;8357
356;8373
3560;8384
356693;8396
3568;8410
357;8422
35793;8447
358;8460,8480
3584;8511
3584sum;8523
359;8538
35th;8558
36;8654,8729
360;8939,8959
3600329;8998
3605;9014
361;9026
362;9044,9056
363;9088
3636;9099
364;9112
3641;9137
365;9149,9161
366;9221,9233
367;9272,9284
3671;9322
3676;9334
368;9346,9366
36866;9410
369;9423
36943;9448
36th;9461
37;9480,9515
370;9767,9779
3708;9797
371;9809,9821
371610;9860
3716921;9875,9891
37194;9906
372;9919,9931
3720;9942
373;9954
374;9979
3746;10004
37477;10016
37485;10029
375;10042,10054
37527;10086
3758;10099
376;10111
3764;10129
377;10141
3771;10159
3771gt;10171
378;10185,10197
37839;10215
37853;10235
3786;10248
379;10260
3796;10292
37hsfact;10304
38;10320,10363
380;10546
381;10564
3819706;10603
382;10618
383;10642
38398;10654
384;10667
3844214070;10678
385;10703
3854;10735
38564;10747
386;10760
387;10778,10790
38770;10822
388;10835
388083;10874
389;10888,10900
38th;10932
39;10950,11025
390;11316,11336
39004;11368
3903273;11380
391;11395,11407
392;11432
39228;11450
393;11463,11500
3937;11512
394;11524,11544
3945310;11576
395;11591
396;11623
39612;11654
39632;11667
39637;11680
39655;11693
39674;11706
397;11719
39726;11772
3977;11785
398;11797,11809
399;11827
399348;11847
39th;11862
3a;11874
3b;11897
3b44;11914
3d;11926,11961
3d7;12031
3d8;12042
3d8c;12053
3df;12065
3dflow;12077
3dfzephyr;12091
3fm;12109
3galbeta1;12120
3h;12137
3i;12146
3mindz;12163
3new;12176
3p;12188
3rd;12198,12234
3wisemen;12458
