30;0,11
300;54
3000;65
3003322;76
30036;91
3005710;104
3005711;118
301;133
301782;145
3018;159
30191;171
3019620;184
3020194;198
3025222;213
3025474;228
3025586;243
3026546;258
3029570;273
3030637;288
3044043;303
3057022;318
30586;333
3059;344
3060860;356
3062880;371
30631;386
30633;400
30634;413
30635;427
30636;441
30637;455
30638;469
30639;483
307;497
307096;509
3077150;523
3083970;539
3084338;554
308533;569
3087752;583
3094;598
3096712;610
30h;625
31070;636
3114621;649
3117202;664
312711;679
3134;690
3145220;702
3152624;718
316065;733
3172;747
31765;759
3179694;772
319067;787
3195056;801
32;816
3204144;827
32049;842
32058;855
320588;868
320786;883
321339;897
32175;911
3218580;924
32210;939
32250;952
32291;966
32323;979
323558;992
326343;1007
3268216;1021
327006;1036
32753;1048
32832;1061
32903;1075
32949;1088
3310;1101
3311695;1114
331292;1129
3313;1144
33136;1157
33138;1170
3315020;1183
331766;1198
3317942;1212
33200;1227
3322985;1240
3323314;1255
332382;1270
3327;1284
3328192;1296
33631;1310
33674;1323
337099;1337
33712;1350
33713;1363
3373746;1376
33759;1391
33793;1404
338;1417
3381008;1428
338205;1443
33840;1457
338521;1470
338525;1484
34;1498
3400872;1521
3402110;1536
3409;1551
341;1562
34132;1574
3413690;1584
3424535;1600
34256;1616
3441700;1629
3446908;1645
3448450;1660
3453320;1676
3456784;1691
3460152;1707
3460184;1722
3481199;1737
3483194;1752
34847;1767
3488256;1781
3495030;1796
34954;1811
3499120;1824
34997;1839
35;1852
35030;1862
35040;1875
35048;1888
35054;1901
35065;1914
35070;1927
35085;1940
35099;1953
351061;1966
3511194;1980
3511684;1995
3512280;2009
35173;2025
35188;2038
3553756;2051
3555038;2065
3560762;2080
3563782;2095
356448;2110
35647;2124
3569978;2137
3570321;2152
3579644;2167
3580571;2182
3588288;2197
3590937;2212
3594864;2227
36;2242
3600588;2251
3608;2266
3609518;2278
3611976;2293
3614530;2309
3621220;2324
36236;2339
3623929;2352
3626442;2368
3628512;2383
3631430;2398
3634940;2413
3640;2428
3653426;2441
3655522;2456
3660;2471
3675476;2482
367565;2497
3675748;2511
3681526;2526
3682796;2541
3686278;2556
3689584;2570
3697626;2584
3705306;2599
3707110;2615
3707700;2630
3708106;2645
3716142;2660
37194;2676
3728380;2689
37404;2704
3766452;2717
37791;2732
3807092;2745
3840;2759
3847350;2772
3847554;2787
385534;2801
387;2815
3877657;2826
39;2841
3904;2858
39307;2870
39320;2884
39374;2898
39388;2911
395531;2925
3968;2939
3972398;2951
397320;2966
3976366;2980
39951;2995
3dflow;3008
3fh;3022
3rd;3033
3vrta;3044
