60;0,1343,2305
600;3825,4197,4498
6000;4847,4892,4911
600019653;4964
600028;4982
60003;4997
600040;5011
600077130;5026
600090;5044
6000gt;5059
60012;5074
60014;5088
600148674;5102
60018;5128
60019;5142
600208;5156
600224916;5171
600291501;5197
600292;5214
600384;5229
60039496;5244
6004;5260
600403;5272
600410;5287
600412381;5302
600414;5328
60043;5343
600446533;5357
600468;5375
600479;5390
600484979;5405
600502;5429
600510;5444
600518671;5459
600544;5476
60055;5491
600593317;5505
6006;5522,5534
600639;5547
600663800;5562
600666443;5579
600674;5596
600677520;5611
60078;5628
600780;5642
600798885;5657
600800092;5674
600807426;5691
600808120;5708
600818278;5725
600837213;5742
600857349;5759
600864;5785
600876156;5800
6009;5824
600910;5836
600983;5851
600px;5866,5889
600th;5920,5942,5956
601;5983,6043,6103
6010;6163
601067;6176
601074871;6191
601087215;6217
601101194;6234
601154;6260
601234;6275
601254;6290
601256858;6305
60126;6323
601268390;6337
601269260;6354
601271150;6371
601276;6388
601313;6403
601315;6418
601327423;6433
601337885;6459
601344771;6477
601353;6495
601363701;6510
601408395;6528
601421;6546
601437509;6561
601466213;6587
601486;6605
601494;6620
601502482;6635
601555;6661
601562;6676
601564350;6691
601570419;6708
601585;6726
601616;6741
601619605;6756
601627;6780
601639;6795
601658;6810
601680154;6825
601683010;6842
601684007;6859
601685;6876
601690793;6891
601696;6908
60170501;6923
601707809;6939
601713058;6957
601716275;6981
601727;6998
601746;7013
601818;7028
601832872;7043
601833;7060
601856616;7075
601871432;7092
601879870;7109
601885253;7126
601893200;7143
601894;7160
601895282;7175
601898583;7192
601902;7209
601921;7224
601929;7239
601933;7254
601942930;7269
601970449;7295
602;7312,7380,7432
602009;7478
602023314;7493
602062;7510
602080217;7525
602083412;7543
602092857;7569
602097;7586
602115863;7601
602141128;7625
602165;7651
602173967;7666
602177;7683
602177539;7698
602181924;7716
602182019;7734
60221;7752
602213337;7766
602219;7792
602227835;7807
60223;7825
602243920;7839
602254050;7863
602270143;7880
602279262;7898
602286215;7924
602287;7942
602293748;7957
602320383;7975
602341;7993
602344891;8008
602353218;8026
602364091;8043
6024;8067
602409380;8080
602430199;8097
60244580;8114
602454473;8131
602466595;8148
602509840;8165
602537897;8183
602542536;8200
602551;8218
602569549;8233
60257;8257
602614113;8277
602638;8301
602642402;8316
602642711;8333
602654;8350
602654887;8365
602695;8391
60270;8406
602701632;8419
602702670;8436
602707499;8454
602736463;8478
602736674;8496
602784635;8513
602791;8537
602791621;8552
602793421;8578
602793868;8596
602795;8614
602818495;8629
602819063;8647
602819252;8665
602819424;8683
602820068;8701
602848238;8719
602852240;8736
602852574;8762
602852869;8780
602856734;8797
602859488;8823
602859939;8849
602860324;8875
602880153;8901
602896823;8927
602901;8945
602919995;8960
602936512;8978
60294;8995
602945;9009
602957975;9023
602958854;9041
602967888;9059
602974393;9085
602975722;9103
602975778;9120
602988694;9137
602997302;9163
602f6b;9180,9195
603;9215,9283,9319
603009971;9350
603011283;9367
603013084;9385
603017665;9402
60302;9426
603028513;9440
603028798;9466
603031631;9492
603035;9509
603040235;9524
603046;9548
603089511;9563
603098387;9581
6031;9599
603121346;9612
603121733;9636
603146332;9660
603154757;9686
603164261;9712
603181692;9736
603182869;9762
60320;9788
6032307148;9801
603233;9819
603237;9834
603253069;9849
603263252;9867
603264946;9893
603268;9919
603347446;9934
603355297;9960
603359860;9984
603371862;10010
603390;10028
603402092;10043
603402195;10069
603402312;10095
603402495;10121
603402625;10147
603405806;10173
603420206;10191
603452355;10217
603455921;10234
603456288;10251
603458646;10268
603463509;10285
603464979;10302
603488742;10328
603499817;10346
6035;10363
603503779;10376
603507794;10402
603510201;10420
603512;10437
603514067;10452
603544721;10476
603553371;10502
603562272;10520
603565614;10546
603607;10564
603611;10579
603614801;10594
603615;10620
603615673;10635
603617428;10661
603617833;10687
603620285;10713
603653;10731
603653100;10746
603653203;10764
603675847;10782
603676436;10799
603676913;10816
603700759;10833
603701232;10859
603702532;10885
603704580;10903
603709964;10929
603712464;10955
603713050;10981
603714039;11007
603715241;11049
603716954;11091
603718489;11117
603718607;11143
603730;11169
603737;11192
603750314;11207
603766771;11225
603777269;11251
603794292;11268
603801106;11286
603801248;11303
603802;11320
603806387;11335
603809738;11352
603813089;11378
603814742;11396
603833223;11422
603847085;11446
603851333;11464
603853373;11490
603858734;11507
603862951;11525
603867;11551
603871911;11566
603880564;11592
603897;11618
60390;11633
603905;11646
603908084;11661
603928;11687
603928178;11702
603936048;11720
603950842;11746
60398;11764
603982408;11794
603985914;11820
603995045;11838
603995157;11864
603995917;11881
603khz;11907
604;11922,11982,12018
604003684;12063
604012213;12080
604012327;12106
604012456;12132
604012487;12158
604020923;12184
604021525;12210
604022247;12236
604079538;12262
604080688;12288
604088834;12305
6041;12331
604111364;12349
604113067;12366
604114840;12390
604119832;12416
604123599;12442
604124599;12460
604125663;12486
604126158;12504
604127722;12521
604134030;12539
604134382;12563
604145;12587
604152040;12602
604155960;12626
604156586;12652
604164016;12670
604166322;12696
604175139;12722
604176891;12740
604187249;12766
604209183;12784
604216351;12802
604221067;12828
604241411;12845
604252;12871
604256102;12886
604279;12910
604284356;12925
604290473;12951
6043;12969
604320026;12981
604320953;12998
604324661;13024
604340;13041
604352081;13056
604370875;13082
604375541;13100
604406837;13118
60442;13144
604424390;13158
604424922;13184
604440265;13208
604440795;13225
604441;13242
604445090;13257
604448490;13275
604448632;13301
604450;13319
604454;13334
604460623;13349
604462611;13373
604465;13390
604486207;13405
6045;13422
604519;13435
604523508;13450
604545527;13476
604611124;13494
604626;13518
604628962;13533
604629086;13559
604633060;13585
604641161;13603
604651161;13621
604652;13639
604656;13654
604657964;13669
604668;13695
604675;13710
604677511;13725
604684737;13743
604692152;13769
604700539;13786
604715036;13804
604724865;13821
60473;13839
604740;13853
604767;13868
604768745;13883
604769927;13900
604779211;13917
604781002;13934
604781133;13960
604781948;13977
604783828;13994
604790748;14020
604796144;14037
604797;14055
604820;14070
604835143;14085
604843288;14102
604845855;14119
604847;14137
604849672;14152
604857765;14170
604861807;14188
604870;14214
604873847;14229
604876029;14255
604889;14272
604889620;14287
604894276;14305
604913091;14322
604914020;14339
604917648;14356
604917823;14374
604924243;14392
604924318;14409
604924376;14426
604925012;14452
604925353;14469
604925411;14486
604944600;14512
604948769;14529
604956313;14546
604963948;14572
604975391;14598
604977035;14622
604995359;14648
605;14665,14757,14833
605007653;14886
605008068;14903
605008465;14920
605009776;14937
605012288;14954
605012564;14971
605012778;14988
605013414;15005
605013535;15023
605014424;15049
605019;15066
605023158;15081
605027314;15107
605028155;15133
605029906;15151
605030984;15177
605031268;15194
605048623;15211
605050014;15228
605054036;15246
605054821;15263
605055745;15281
605062293;15307
605063573;15333
605065253;15359
605065444;15376
605065576;15393
605068728;15410
605072;15427
605081673;15442
605087;15468
605087785;15483
605088398;15509
605088733;15535
605089407;15561
605097278;15587
605097940;15604
605102830;15628
605105669;15654
605106;15678
605112259;15693
605116070;15719
605118337;15745
605125;15762
605128877;15777
605132810;15803
605133608;15829
605134697;15855
605136478;15873
605136496;15891
605136590;15917
605136685;15935
605143110;15953
605150392;15971
605150861;15997
605151280;16023
605153071;16041
605158937;16065
605169800;16091
605169901;16115
605178136;16141
605178183;16167
605178373;16191
605181363;16217
605183924;16243
605185038;16267
605186741;16291
605192987;16315
605193111;16339
605193723;16363
605194581;16387
605195128;16411
605197226;16435
605198;16459
605199155;16474
605200143;16498
605200461;16516
605201415;16540
605202254;16564
605202670;16590
605204377;16614
605217306;16638
605219977;16664
605226173;16681
605233264;16699
605234305;16717
605235294;16734
605237200;16752
605237350;16770
605237413;16788
605237655;16812
605238655;16829
60524;16847
605241679;16861
605242765;16879
605244972;16896
605245584;16922
605246606;16946
605247353;16970
605247907;16994
605248349;17018
605248812;17042
605249472;17068
605250461;17092
605254507;17118
605258922;17144
605261503;17162
605263;17180
605273347;17195
605273983;17221
605274314;17247
605274381;17271
605274586;17295
605275994;17319
605278300;17345
605279942;17371
605280868;17388
605282283;17414
605285648;17431
605287325;17448
605290720;17465
605293668;17483
605294014;17500
605294673;17517
605294774;17534
605295226;17551
605296008;17568
605296706;17585
6052974463;17603
605298123;17621
605301660;17638
605303259;17664
605305554;17682
605306933;17699
605309;17717
605309628;17732
605310440;17749
605310758;17773
605313715;17797
605314811;17821
605315570;17838
605315933;17862
605316916;17879
605317583;17896
605318671;17913
605319618;17939
605320051;17956
605320480;17973
605321298;17991
605321537;18008
605326402;18025
605332658;18051
605333121;18077
605335;18103
605336248;18118
605337151;18144
605339050;18170
605341474;18196
605342489;18220
605343531;18246
605344307;18272
605349273;18296
605351436;18313
605353006;18339
605358;18365
605361200;18380
605361883;18398
605373;18416
605377;18431
605382698;18446
605389302;18463
605402499;18489
605404;18507
605404534;18522
605408;18540
605408129;18555
605408769;18573
605410846;18599
605411254;18617
605414076;18643
605416741;18660
605416894;18677
605419492;18694
605419551;18711
605419918;18735
605420983;18759
605421107;18783
605421466;18807
605423688;18831
605424659;18848
605426787;18872
605429374;18896
605431758;18913
605433628;18931
605433812;18957
605435128;18981
605436887;19007
605438844;19031
605446155;19055
605446385;19073
605446958;19099
605447955;19125
605450;19151
605450190;19166
605452242;19192
605453964;19218
605456183;19244
605458478;19270
605460162;19296
605460947;19322
605461907;19340
605462696;19366
605463332;19384
605464682;19410
605467573;19436
605468899;19462
605469465;19480
605471796;19498
605472188;19516
605475611;19534
605476633;19552
605482274;19570
605483608;19587
605491072;19613
605491726;19637
605494409;19661
605496392;19678
605514732;19695
605520894;19719
605523097;19743
605523999;19767
605524177;19783
605532244;19799
605536494;19817
605556;19841
605563629;19856
605565800;19873
605565891;19897
605565934;19921
605569496;19945
605573559;19962
605577596;19986
605578489;20003
605579116;20020
605579461;20037
605581498;20054
605584646;20080
605588650;20098
605594146;20116
605594424;20134
605595306;20151
605595491;20175
605596241;20192
605596793;20209
605596932;20226
605597070;20243
605597516;20267
605597621;20284
605597701;20301
605598009;20325
605604159;20342
605605721;20366
605606149;20384
605609213;20408
605613402;20425
605613634;20442
605618189;20468
605622835;20494
605623727;20511
605624718;20528
605627449;20545
605631224;20563
605631655;20581
605632591;20598
605634512;20616
605638771;20633
605642445;20657
605647306;20675
605648443;20692
605655444;20709
605656947;20726
605660599;20743
605661310;20761
605663;20787
605666355;20802
605667;20826
605670913;20841
605675;20858
605679425;20873
605680539;20890
605681603;20907
605681790;20933
605688562;20959
605694073;20977
605697117;20994
605698;21011
605699510;21026
605703244;21043
605703496;21060
605703516;21077
605703538;21094
605703703;21111
605704248;21137
605704852;21154
605707150;21171
605710264;21188
605716195;21205
605717481;21222
605717660;21248
605718029;21274
605719906;21300
605722454;21324
605726823;21341
605727182;21365
605727415;21389
605727807;21413
605727955;21430
605728083;21447
605728392;21471
605728812;21495
605729920;21512
605729992;21529
605730320;21553
605730828;21570
605731041;21594
605731257;21618
605731357;21636
605732013;21654
605732037;21671
605732711;21695
605733149;21719
605733223;21743
605735057;21767
605735335;21791
605735607;21809
605736421;21833
605737146;21857
605740561;21875
605741118;21899
605741151;21917
605742316;21941
605743;21965
605743077;21980
605743245;21998
605743518;22016
605746747;22042
605747225;22060
605747790;22086
605748238;22110
605749083;22127
605755;22151
605759243;22166
605759631;22190
605759928;22214
605761477;22238
605761957;22264
605762380;22290
605763593;22316
605763726;22342
605763796;22368
605764354;22386
605765623;22412
605766230;22438
605766464;22464
605767563;22490
605767804;22516
605768211;22542
605770;22568
605773362;22583
605776780;22600
60578;22617
605782980;22631
605783314;22648
605783395;22674
605784384;22700
605784767;22717
605785458;22735
605785694;22752
605787570;22769
605788031;22795
605788232;22821
605788248;22838
605788493;22864
605788819;22890
605791802;22916
605796301;22934
605797509;22958
605797588;22982
605797822;22999
605797960;23016
605799077;23040
605803549;23064
605804583;23081
605804987;23098
605812015;23115
605812549;23133
605812738;23157
605812831;23174
605814536;23192
605815101;23216
605816060;23240
605821635;23257
605824359;23281
605829885;23298
605838165;23316
605852013;23333
605854296;23359
605858434;23383
605858491;23401
605858908;23419
605860995;23436
605861166;23453
605861820;23470
605862525;23494
605862700;23518
605864952;23542
605867089;23559
605867309;23585
605867701;23611
605867923;23628
605868265;23654
605870082;23680
605877071;23697
605881;23714
605882863;23729
605882872;23755
605885869;23781
605886010;23798
605888;23815
605888701;23830
605889675;23848
605890876;23874
605890982;23892
605891230;23909
605893503;23926
605896201;23943
605896830;23960
605897284;23977
605901830;23994
605904437;24012
605906781;24038
605908302;24055
605920210;24072
605921650;24089
605922148;24106
605924064;24123
605924742;24149
605924873;24194
605924938;24239
605924984;24284
605925100;24310
605925402;24327
605925834;24372
605930353;24389
605930550;24406
605930611;24423
605930752;24440
605931566;24457
605931891;24474
605933352;24491
605934;24597
605934527;24612
605935308;24630
605935498;24647
605935665;24664
605935821;24709
605935902;24754
605935979;24799
605936556;24816
605936714;24833
605937018;24850
605938539;24867
605941033;24893
605941975;24910
605942932;24927
605943127;24951
605945388;24975
605947122;24992
605947324;25016
605948685;25040
605949231;25066
605951354;25092
605951590;25109
605953;25126
605957111;25141
605957149;25165
605958162;25189
605961;25213
605962864;25228
605963726;25245
605968205;25262
605971574;25279
605971731;25296
605972;25320
605972098;25335
605973826;25352
605976;25369
605976278;25384
605978135;25401
605978257;25418
605979571;25435
605979680;25452
605979730;25469
605980105;25486
605980197;25504
605981608;25521
605983553;25539
605986634;25557
605986808;25574
605987036;25592
605987224;25609
605987257;25626
605987454;25643
605987567;25660
605987679;25678
605987689;25695
605988276;25712
605990829;25729
605990896;25755
605991259;25773
605991430;25797
605991473;25821
605992632;25838
605998643;25855
606;25872,25964,26064
606000767;26123
606002468;26147
606002746;26164
606002818;26181
606002980;26198
606003459;26222
606003510;26246
606003799;26263
606004050;26287
606004114;26313
606004157;26337
606004459;26354
606004679;26371
606005283;26395
606006634;26412
606007;26436
606007160;26451
606007245;26475
606007807;26499
606008920;26523
606009361;26540
606009997;26564
606010662;26588
606010938;26605
606010998;26629
606011446;26653
606011491;26677
606012284;26694
606012767;26718
606013272;26735
606013336;26761
606013629;26787
606014;26813
606014980;26828
606015055;26846
606015078;26872
606015120;26889
606015156;26915
606015847;26941
606016142;26959
606016239;26983
606016555;27000
606016645;27024
606016697;27048
606016772;27074
606016903;27098
606016967;27122
606017076;27146
606017087;27172
606017426;27198
606017923;27224
606019690;27241
606019820;27258
606020110;27275
606020172;27292
606026;27309
606028642;27324
606030195;27341
606030556;27359
606030951;27377
606031055;27394
606031477;27411
606038183;27428
606041128;27454
606041713;27471
606041934;27488
606042360;27505
606043939;27522
606044124;27539
606045149;27556
606046809;27582
606046843;27599
606047373;27616
606048180;27642
606052619;27659
606052636;27685
606056;27703
606057862;27718
606058310;27824
606058468;27930
606058801;27947
606058819;27965
606059126;27982
606059289;28088
606059670;28194
606059695;28300
606060;28317
606060252;28332
606060398;28438
606060524;28464
606060675;28490
606061358;28596
606063370;28613
606064182;28719
606070942;28825
606071460;28931
606072648;29037
606073876;29054
606078074;29072
606080064;29089
606083995;29195
606096240;29301
6061;29319
606109346;29331
606122030;29357
606125;29374
606126924;29389
606127527;29406
606127832;29423
606128215;29440
606130663;29457
606131948;29474
606133;29492
606134577;29507
606137337;29525
606138350;29542
606143798;29559
606144469;29585
606144626;29603
606145528;29621
606145560;29638
606146281;29656
606146611;29674
606149395;29692
606154470;29718
606156242;29735
606159627;29753
606161006;29770
606161765;29796
606161985;29822
606162241;29848
606162711;29874
606163038;29900
606163096;29918
606164569;29944
606164909;29970
606165021;29996
606165237;30022
606166909;30040
606169931;30066
606171326;30084
606173828;30101
606175272;30127
606177258;30153
606183334;30179
606188227;30197
606191587;30215
606194082;30241
606199437;30267
606205879;30284
606205958;30301
606206787;30318
606213490;30335
606218259;30353
606220574;30379
606223012;30405
606223671;30431
606223923;30457
606225567;30483
606226760;30500
606228;30517
606228400;30532
606228638;30550
606229098;30568
606229152;30586
606232075;30604
606232479;30622
606238749;30640
606246636;30658
60625;30676
606256728;30690
606259723;30716
606266870;30742
606270;30768
606274877;30783
606278446;30809
606285184;30835
606285850;30861
606285970;30878
606288150;30895
606289044;30921
606290045;30939
606291179;30957
606291244;30974
606291498;31000
606292419;31026
606293204;31052
606293555;31078
606294223;31104
606294300;31130
606294349;31156
606295632;31182
606295706;31208
606295848;31234
606299286;31252
606299843;31278
606300132;31304
606301625;31330
606304;31348
606304463;31363
606304484;31389
606304745;31406
606305392;31432
606305509;31458
606305700;31476
606305813;31494
606305975;31512
606306203;31530
606306223;31548
606306648;31566
606306901;31584
606307191;31602
606307411;31620
606307813;31638
606308792;31656
606308902;31674
606309147;31692
606309329;31710
606310838;31728
606310854;31754
606311590;31772
606312;31790
606312007;31805
606312156;31823
606313640;31841
606313792;31859
606313872;31877
606314253;31895
606314333;31913
606314413;31931
606314776;31949
606314845;31967
606314949;31985
606315008;32003
606315218;32021
606315255;32039
606315296;32057
606315334;32075
606315748;32093
606315887;32111
606315962;32137
606316043;32155
606316084;32173
606316161;32191
606316307;32209
606317242;32227
606317490;32253
606317781;32279
606318085;32305
606318100;32331
606318559;32357
606318571;32383
606318652;32409
606318655;32435
606318914;32461
606319103;32487
606319593;32513
606319845;32539
606320184;32565
606320487;32591
606321572;32608
606321787;32626
606322664;32644
606323011;32662
606323403;32680
606323908;32706
606324767;32732
606324956;32749
606325945;32775
606326161;32793
606327014;32811
606327909;32837
606328163;32854
606328511;32880
606328568;32897
606328600;32914
606328780;32931
606328834;32948
606329001;32965
606329511;32982
606331;33008
606331223;33023
606331624;33041
606331674;33059
606332198;33077
606333117;33103
606333184;33121
606333591;33147
606333889;33173
606337655;33191
606338437;33209
606339693;33227
606340242;33245
606340452;33263
606341848;33281
606344957;33299
606346265;33317
606353109;33343
606353430;33369
606353661;33395
606354;33412
606354156;33427
606355344;33453
606357157;33479
606357528;33497
606365029;33523
606365782;33549
606366311;33575
606367288;33593
606367345;33619
606368722;33637
606377553;33654
606380135;33671
606380316;33688
606380446;33706
606380891;33732
606380978;33758
606381608;33784
606381843;33801
606382280;33827
606384;33844
606384319;33859
606384666;33876
606384908;33893
606386623;33910
606389164;33927
60639;33944
606404985;33958
606406189;33975
606407240;33992
606415274;34009
606419573;34035
606420172;34061
606421366;34087
606421931;34113
606421935;34139
606422444;34156
606422831;34182
606423084;34208
606423887;34234
606423968;34260
606424386;34286
606424821;34312
606426430;34329
606427135;34347
606427555;34365
606428526;34382
606428724;34400
606428775;34417
606429606;34435
606429784;34461
606429989;34479
606430038;34505
606430213;34531
606430290;34557
606430467;34583
606430517;34609
606430838;34635
606430882;34661
606431524;34687
606432508;34713
606433669;34739
606434584;34756
606435004;34782
606435340;34799
606435476;34817
606436182;34843
606437551;34869
606438930;34895
606439035;34921
606439518;34947
606439665;34973
606440343;34999
606440582;35025
606440655;35051
606440885;35077
606441380;35094
606442434;35120
606442794;35138
606442796;35164
606443164;35190
606443697;35216
606444227;35242
606444480;35268
606444900;35294
606445348;35312
606445745;35338
606447431;35364
606447464;35382
606447594;35400
606448156;35426
606448323;35444
606448579;35462
606450183;35480
606451101;35497
606451652;35523
606452721;35549
606452809;35575
606452968;35601
606453130;35618
606453150;35635
606453306;35652
606453343;35669
606453766;35686
606456076;35703
606456251;35721
606456562;35739
606456613;35757
606456720;35775
606456785;35793
606456908;35811
606457533;35829
606457697;35847
606457822;35865
606457966;35883
606458083;35901
606458161;35919
606458222;35937
606458302;35955
606458373;35973
606458465;35991
606458522;36009
606458571;36027
606458677;36045
606458737;36063
606458824;36081
606458947;36099
606459106;36117
606459204;36135
606459238;36153
606459364;36171
606459399;36189
606459640;36207
606460238;36225
606460495;36243
606460746;36269
606461201;36295
606461381;36313
606461869;36339
606461992;36365
606462241;36391
606462429;36417
606462665;36443
606462728;36469
606462818;36495
606462917;36521
606462973;36547
606463016;36565
606463089;36591
606463161;36617
606463245;36643
606463357;36669
606463517;36695
606463577;36721
606463622;36747
606463633;36773
606463725;36799
606463908;36825
606464060;36851
606464117;36877
606464185;36903
606464319;36929
606464435;36955
606464634;36981
606465500;37007
606465593;37033
606466906;37059
606467021;37085
606467205;37111
606467360;37129
606468110;37147
606468350;37165
606468962;37191
606469264;37217
606469281;37243
606469560;37269
606469716;37295
606469999;37321
606470019;37347
606470080;37365
606470476;37391
606470720;37417
606472197;37443
606473316;37461
606473900;37479
606475418;37497
606475684;37515
606479981;37532
606480838;37549
606480916;37575
606481042;37601
606481527;37627
606484877;37653
606485122;37679
606487263;37705
606487464;37731
606488594;37749
606488735;37767
606489011;37785
606489017;37811
606489203;37829
606489474;37847
606490012;37865
606490323;37882
606492009;37908
606492450;37926
606493692;37952
606499735;37978
606501734;38004
606502722;38022
606506320;38040
606509848;38064
606512622;38090
606520872;38107
606521498;38124
606522261;38141
606522370;38158
606522498;38184
606524464;38201
606525038;38218
606525715;38235
606532050;38252
606532352;38278
606533;38304
606540707;38319
606542382;38345
606545661;38371
606548749;38397
606550674;38423
606551254;38449
606557795;38475
606559261;38493
606562911;38551
606565229;38609
606566741;38635
606569336;38652
606570835;38670
606573810;38688
606575034;38714
606576040;38740
606576143;38766
606577258;38792
606578115;38818
606578212;38844
606579883;38902
606579957;38928
606581748;38954
606583;38980
606589434;38995
606589663;39013
606589759;39039
606591052;39065
606591078;39091
606593327;39117
606596448;39143
606598630;39169
606600917;39195
606601503;39221
606601581;39247
606601612;39273
606602138;39299
606603186;39325
606604597;39351
606604748;39377
606606437;39403
606609;39429
606609207;39444
606609363;39470
606610519;39496
606610765;39522
606612288;39548
606612768;39574
606613053;39600
606615947;39618
606617932;39644
606620235;39670
606624475;39687
606625021;39713
606625376;39739
606626820;39765
606628026;39791
606629131;39809
606631351;39835
606632180;39861
606632332;39879
606633257;39905
606635033;39931
606635939;39948
606636;40006
606638829;40021
606639487;40047
606639765;40065
606640181;40091
606640308;40109
606640739;40127
606641012;40153
606641116;40170
606641370;40196
606641470;40222
606641593;40239
606641681;40256
606642326;40273
606643944;40290
606649420;40316
606651970;40333
606653202;40350
606653464;40367
606653798;40384
606658571;40401
606663103;40419
606666937;40445
606669019;40503
606670539;40529
606672009;40555
606673684;40581
606673843;40599
606674;40617
606674926;40632
606683138;40650
606685569;40674
606686500;40700
606686535;40726
606686969;40744
606688912;40762
606689127;40780
606689648;40806
606689821;40824
606690952;40850
606691873;40868
606692191;40894
606693086;40920
606694649;40946
606694897;40964
606694941;40982
606695866;41008
606696968;41034
606697177;41060
606697283;41086
606697570;41112
606697814;41138
606698345;41164
606698437;41182
606698466;41208
606698692;41226
606699977;41244
6067;41270
606701899;41283
606701986;41301
606702130;41327
606702396;41345
606704242;41371
606705408;41397
606707455;41415
606708573;41441
606709;41467
606709275;41482
606710650;41508
606711600;41534
606711664;41560
606715587;41586
606716;41604
606718814;41619
606718894;41645
606719139;41671
606719720;41697
606719871;41723
606720731;41749
606721525;41775
606721544;41801
606721880;41827
606722150;41853
606723093;41871
606723690;41897
606724;41923
606724082;41938
606725184;41964
606726633;41990
606726867;42016
606727516;42042
606728727;42068
606730114;42094
606730588;42120
606732221;42146
606732260;42172
606732378;42198
606732941;42256
606733835;42282
606734192;42308
606734301;42334
606734411;42360
606737599;42386
606738716;42412
606739287;42438
606740625;42464
606742306;42490
606742824;42516
606743956;42542
606744335;42568
606744353;42594
606744454;42620
606744658;42646
606744902;42672
606745032;42698
606745483;42724
606745859;42750
606746595;42776
606748147;42802
606749018;42820
606750192;42838
606752664;42864
606753131;42890
606757369;42916
60676;42942
606762170;42956
606762405;42982
606763109;43008
606763553;43034
606763740;43060
606763920;43086
606763958;43112
606764059;43138
606764267;43164
606764495;43190
606764498;43216
606764599;43242
606764648;43268
606764731;43294
606764985;43336
606765066;43362
606765140;43404
606765147;43446
606765395;43472
606765698;43498
606765878;43524
606765912;43550
606765950;43576
606766085;43602
606766302;43628
606766404;43654
606766408;43680
606766614;43706
606766726;43732
606767051;43758
606767779;43784
606769912;43810
606770183;43827
606770597;43845
606771536;43862
606772361;43879
606773692;43905
606774157;43931
606776073;43957
606781874;43991
606782114;44025
606782274;44059
606783469;44085
606783804;44111
606784443;44129
606785;44155
606785769;44170
606785794;44187
606785836;44204
606786047;44230
606786537;44256
606787465;44282
606787492;44308
606787689;44334
606787790;44360
606787949;44386
606788091;44412
606788177;44438
606788519;44464
606788915;44490
606789765;44508
606792352;44542
606793273;44568
606793376;44594
606794036;44620
606794794;44646
606796798;44672
606798007;44698
606799448;44724
606800154;44742
606800518;44760
606801645;44818
606801869;44836
606807082;44854
606811444;44878
606815516;44896
606820055;44914
606823217;44940
606829760;44957
60683;44983
606830032;44997
606830805;45023
606830863;45049
606832408;45075
606834014;45101
606835214;45127
606835916;45153
606837535;45179
606837708;45205
606841825;45231
606842613;45249
606842745;45275
606844944;45301
606846488;45327
606847287;45353
606847468;45379
606850083;45397
606850263;45423
606851231;45449
606851812;45475
606851949;45501
606852044;45527
606852104;45553
606852225;45579
606852320;45605
606852390;45631
606852401;45657
606853515;45683
606857423;45741
606860031;45759
606860542;45777
606861251;45795
606865826;45821
606866352;45839
606866883;45865
606868470;45891
606868675;45917
606868905;45935
606869028;45953
606869112;45979
606869460;46005
606872757;46031
606873948;46057
606876;46083
606877344;46098
606884616;46124
606886508;46142
606901339;46168
606926325;46185
606926851;46203
606928644;46221
606929425;46239
606930094;46257
606930570;46275
606932073;46293
606932849;46311
606933022;46329
606934561;46347
606934666;46373
606934818;46399
606940889;46425
606942397;46443
606943502;46461
606945201;46479
606946789;46505
606946990;46523
606947408;46541
606949784;46559
606950071;46577
606958160;46595
606959003;46613
606974254;46631
606975380;46655
606975685;46673
606977420;46690
606978904;46716
606987850;46740
606991174;46766
606991619;46784
606997309;46802
606998069;46828
606998622;46854
606999151;46880
606999267;46906
606999283;46924
606999695;46950
607;46968,47013,47091
60700;47143
607000525;47157
607000645;47183
607003037;47209
607005438;47235
607006438;47261
607007139;47287
607007190;47313
607007709;47339
607008278;47365
607009036;47383
607009239;47409
607009528;47435
607009749;47461
607009862;47487
607010;47513
607010206;47528
60701065;47554
607010842;47571
607010934;47597
607011110;47623
607011522;47649
607011813;47675
607011982;47701
607012136;47727
607012279;47753
607012521;47779
607012637;47805
607012846;47831
607013006;47857
607013136;47883
607013382;47909
607013673;47935
607014059;47961
607015765;47987
607017166;48005
607018036;48023
607019327;48041
607020150;48067
607020915;48085
607021168;48111
607022371;48129
607022973;48147
607024100;48165
607025798;48183
607026131;48201
60703;48219
607034543;48233
607034547;48251
607038596;48269
607038762;48295
607042149;48321
607051779;48339
607058218;48357
607058496;48383
607058640;48409
607058961;48427
60706;48445
607063302;48459
607067188;48485
6071192622;48511
607121303;48529
607126011;48555
607126488;48581
607129409;48607
607131218;48633
607131263;48659
607138299;48685
607147;48703
607159757;48718
607163804;48744
607177052;48762
607180402;48788
607185;48814
607194621;48829
607197551;48846
607216091;48872
607216713;48889
607218615;48906
607219238;48924
607234210;48942
607246;48960
607246389;48975
607265;48992
607267544;49007
607269;49033
607284621;49048
607288776;49066
607293243;49084
607293291;49110
607303665;49128
607305541;49145
607306057;49163
607325842;49189
607335494;49206
607337697;49232
607338;49258
607340823;49273
607342084;49291
607354681;49315
607359780;49332
607388;49350
6074149;49365
607424171;49389
607424315;49415
607425920;49441
607431783;49467
607431816;49485
607431903;49503
607431943;49521
607432113;49539
607432454;49557
607432550;49575
607432572;49593
607448118;49611
60745429;49629
607454840;49646
607464429;49664
607468;49682
607470745;49697
607480410;49723
607481142;49741
607486089;49767
607486768;49784
607491;49802
607498;49817
607498622;49832
6075;49850
607529;49863
607534498;49878
607535420;49904
607538421;49930
607562911;49947
607564877;49973
607567312;49999
607572628;50025
60758;50051
607582;50065
607590;50080
607606657;50095
607613492;50112
607616;50138
60762;50153
607620336;50167
607620463;50185
607620769;50211
607621188;50229
607632885;50247
607640209;50264
607650386;50281
607651718;50298
607658;50315
607659307;50330
607674499;50348
607682261;50374
607712;50392
607713714;50407
607720656;50424
607733795;50442
607746;50468
607758;50483
607761304;50498
607762195;50524
607763011;50550
607763127;50576
607767503;50602
607767891;50628
607776173;50654
607785158;50672
607819;50698
607822;50713
607835363;50728
607837915;50746
607838093;50764
607841;50782
607887;50797
607891;50812
607902317;50827
607904964;50844
607973402;50861
60798;50879
608;50893,50953,51021
6080;51032
608025;51045
608087182;51060
608150;51077
608158869;51092
60816157;51110
608170;51126
608177;51141
60823;51156
608231;51169
608238487;51184
608240448;51210
608246;51236
608246843;51251
608248950;51277
608250;51303
608287856;51318
608300527;51336
608305356;51362
608305676;51380
608359523;51398
608408855;51415
608409395;51433
608421;51451
608423364;51466
60845413;51490
60846615;51507
6084825397;51532
608495185;51550
6085;51568
608523282;51581
60859;51598
6085906;51612
608594615;51627
608676028;51653
608678604;51679
608680977;51705
608681211;51731
608687625;51757
608727;51774
608739833;51789
608753;51806
608757789;51821
608810;51847
60882;51862
608830344;51876
608834020;51893
608834250;51919
608836361;51945
608837881;51962
608842667;51980
608860182;52006
608902;52024
60892;52039
608920959;52053
608939413;52070
608977;52088
609;52103,52179,52223
609024528;52301
609082080;52327
609138;52345
609158;52360
6092;52375
609208064;52388
609225370;52406
60924;52424
609249;52438
609287;52453
609348;52468
609386574;52483
609394;52501
609402;52516
609476813;52531
609486;52549
609492803;52564
609518827;52582
60953;52600
609559544;52614
60958;52640
609585;52654
609589;52669
609591809;52684
6096;52702
609615;52715
609624078;52730
609634;52756
609654136;52771
609704344;52789
609737146;52815
609741;52841
609753;52856
60976;52871,52884
60977;52898,52912
609775569;52926
609775668;52952
60979;52978
609893646;52992
609914171;53010
609914948;53028
60997;53046
60a;53059
60b;53070
60c8d8;53082
60d1;53097
60em;53110
60k;53129,53141
60px;53153,53226,53281
60th;53379,53440,53469
60x;53509
61;53521,54130,54971
610;55835,55903,55942
610006087;56002
610006274;56020
610006510;56038
610007017;56056
610007274;56074
610007355;56092
610007414;56110
610023;56128
610043118;56143
6103;56161
610332;56174
610407;56189
61042;56204
610458;56218
610466;56233
610470;56248
610476598;56263
6105;56281
610512;56302
610519375;56317
610562973;56335
610575902;56361
610586985;56387
610605466;56413
610638;56431
610641322;56446
610643733;56463
610657;56480
61066;56495
610738478;56517
610781757;56535
6108;56552
610897;56564
610915453;56579
610928;56596
61098;56611
610989;56625
61099601;56640
611;56656,56740,56776
6110;56846
611061;56859
6111;56874
611183;56887
611201527;56902
611209684;56919
611210818;56936
61127;56953
611309;56967
61134;56982
611362;56996
611370;57011
611398932;57026
6114;57043
61140502;57056
611417119;57072
611445;57089
611503935;57104
611568;57121
611639074;57136
611677;57154
611688262;57171
61173;57188
611782;57202
61180;57217
611816;57231
6119;57246
61190;57259
611900;57273
611b;57288
612;57300,57360,57396
6120217443;57407
612034;57425
61207;57440
61212;57454
61214;57468
61214688;57482
612162162;57499
612190;57525
612297;57540
6123;57555
612434;57568
6124497;57583
6124722;57598
61249371;57613
612509913;57630
61251;57648
612538575;57662
61254;57688
61256;57701
61256081;57715
612611037;57731
612669001;57749
61267767;57767
612680727;57784
612681108;57801
612682;57818
61272;57833
612778;57847
6128;57861
61284;57873
612847652;57887
612865;57904
6128794;57919
6128801;57935
612934;57951
612946;57966
612961296;57981
61296892;57998
613;58014,58050,58110
613007;58128
613033;58143
613037;58158
61305;58173
613098;58187
613131614;58202
613178;58220
613189443;58235
61319;58253
613194695;58266
613201;58284
61321;58299
613281;58312
6132873;58327
613373;58343
61338559;58358
61340f;58374
613483732;58389
613488643;58407
6135;58425
613503;58438
613585;58453
613586;58468
6135a;58483
6136;58496
613605;58509
613668714;58524
613670;58542
6137;58557
6137020;58568
613728633;58592
613731;58609
613739;58624
6137704;58639
61378;58663
613785;58677
613789;58692
61379266;58707
613865;58723
6139080524;58738
613930;58756
614;58771,58839,58867
61404;58912
614082;58926
614086;58941
614096165;58956
614105;58973
614143;58988
6141526103;59003
614273734;59021
614285;59039
614288233;59054
614307;59072
614346906;59087
61435;59105
61437;59119
614414165;59133
614467347;59151
61447;59169
6145;59183
61453;59196
61462;59210
614707144;59224
614716;59242
614738;59257
61476;59272
614796;59286
6148;59301
6148269752;59314
61485;59330
614864;59344
614872819;59359
6149;59377
614910;59390
6149114;59405
61492;59421
614986;59435
615;59450,59510,59586
6150704;59652
6150945;59674
6150975;59696
6151056;59718
615143;59740
615276850;59755
615277590;59773
6153;59791
615349;59804
615351391;59819
615351930;59845
61538098;59871
615414;59887
61545;59902
615524;59916
615531148;59931
61556;59949
615643;59963
615677;59978
615688;59993
615692601;60008
61571684;60034
6157449;60050
6158171;60066
6158179;60082
6158186;60098
6158624887;60114
61587;60132
615891;60146
615893037;60161
615919390;60178
615919579;60196
615932;60214
615944;60229
615982;60244
616;60259,60319,60363
6160;60408
616066;60421
6161;60436
616107294;60448
616116397;60465
61612;60483
61616;60497
616196;60511
616259916;60526
6163166913;60552
61633;60570
616344;60584
616348;60599
616394;60614
616409;60629
616425;60644
616444;60659
616470;60674
616474;60689
616505;60704
616508;60719
616543;60734
616547;60749
616554;60764
616562;60779
616593245;60794
616604;60812
616639350;60827
616649191;60853
6167;60879
61671;60892
616711;60906
61672;60921
616730;60941
616760;60956
616798;60971
616966;60986
616978153;61001
617;61018,61062,61138
617027929;61198
617100;61224
617126;61239
617127493;61254
617141366;61280
617169859;61297
617184;61315
617191;61330
61724299;61345
617252;61362
617287;61377
617321;61392
617325;61407
617344;61422
617505918;61437
61755;61455
617626;61469
617741;61484
617844;61499
617845857;61514
617929897;61532
617935;61550
61796;61565
618;61579,61647,61715
61801;61733
6180430055;61747
61806;61765
618065;61779
618137;61794
6182;61809
618217;61822
618225;61837
618279;61852
618313;61867
618355;61882
6184618;61897
61850;61912
618549;61925
61856327;61940
61863;61957
618789583;61971
6188;61997
6189;62010
619;62023,62075,62135
619003;62167
61902;62182
619034;62196
619042635;62211
619053;62228
619064;62243
619087;62258
619148;62273
619240;62288
619244;62303
619250;62318
619282;62332
6193;62347
619373;62359
619404;62374
619427;62389
619466518;62404
619469;62422
619492;62437
6195;62452
619530;62465
619537;62480
61956;62495
619583;62509
619610;62524
619617;62539
619629;62554
619637;62569
619640;62584
619652529;62599
619656;62623
619686;62638
619686086;62653
619707;62679
619720;62694
61974;62709
619759898;62723
619793;62741
61987;62756
61988;62770
61993;62784
61b;62798
61c4cf;62810
61st;62825,62846,62859
62;62884,63440,64133
620;65005,65057,65149
6200;65208
6200683117;65221
620181;65239
620225245;65254
620312;65278
620341;65293
62048889;65308
62051;65324
620609;65337
620651;65352
620846;65367
620857;65382
62086;65397
620872;65411
620903;65426
620948126;65441
620960;65459
620979;65474
62098;65489
620984318;65502
6209d1;65520
621;65534,65602,65638
6210;65712
621006;65725
621047658;65740
621231;65758
62145;65773
621471;65787
62151925;65802
621586;65819
621596693;65834
621605;65852
621624364;65867
621674;65885
62167914;65900
621712;65917
621761;65932
621887;65947
62194;65962
621941;65976
621952;65991
621983;66006
622;66021,66049,66101
622025;66146
62202c;66161
622070;66176
622078346;66191
622108;66209
62214;66224
622194;66238
622204;66255
622238;66270
622299;66285
6223;66300
622343;66313
622387;66328
622417;66343
622421;66358
622505;66373
622643;66388
622692;66403
622731278;66418
622772355;66436
622807;66454
62289893;66469
622921;66486
622959;66501
622971;66516
623;66531,66703,66761
623009;66821
62301;66836
623032;66850
623051;66865
623077;66880
62308628;66895
623108;66911
623112;66926
623123;66941
623150;66956
623177;66971
623245;66986
62326249;67001
62326328;67017
62326367;67033
623295100;67049
623390;67067
623399;67082
623425;67096
623465595;67111
62346678;67137
623493;67153
6235;67168
623558;67181
623564;67196
62357561;67211
623608754;67227
623611;67245
623631;67259
6236553192;67274
623709694;67292
623722435;67310
623728661;67327
62376;67345
62377;67359
62383388;67373
6239;67389
623905;67402
62392;67417
62396782;67431
623978;67447
624;67462,67514,67558
624031196;67596
624065;67614
624095;67629
624115;67644
624168;67659
62428;67674
624356745;67687
6244;67704
624428;67725
62443;67740
62451303;67762
62451329;67778
62452379;67794
624695;67810
624710676;67825
624721855;67851
62472687;67868
62473;67884
624753;67898
6247681975;67913
624784138;67931
624784708;67949
624784819;67967
624798;67985
6249;68000
624959227;68012
62496191;68030
624996;68046
625;68061,68129,68221
625092;68295
6250j;68310
625107;68324
625107302;68339
62535;68357
625381;68377
62538852;68392
6254190803;68409
625439;68427
625454;68442
625465;68457
625500;68472
625511;68487
625546;68502
62557315;68517
625660;68534
6256798;68549
625706;68573
625719;68588
625774;68602
625797;68617
625798316;68632
62582;68650
625875579;68664
62592834;68682
625939;68698
625958297;68713
62599401;68731
626;68747,68807,68843
6260023324;68903
626132759;68922
626213;68948
626232;68963
626235412;68978
626240;68996
626255;69011
62639;69026
6264;69040
62642;69052
62644;69066
62646115;69080
626488;69096
626495;69111
626499;69126
626526;69141
626591878;69156
6266;69174
626633;69186
626640;69201
626686;69216
626698;69231
62671;69246
626724;69260
62675;69275
626789;69289
626823;69304
62684235;69319
62686294;69336
626979;69353
62699;69370
627;69384,69444,69488
627022;69527
62703188;69542
627060;69559
627094;69574
62709953;69589
627117;69606
627125;69621
627140;69636
627171;69651
627197;69666
6272;69681
627205;69693
62723;69708
627254;69722
62726952;69737
627270;69753
62727036;69768
627274;69784
62727865;69799
627293;69815
627304;69830
627323;69845
627331;69860
627342;69875
62735;69890
627373;69903
627380;69918
627411;69933
627422;69948
627438;69963
627445;69978
627468;69993
627476;70008
627499;70023
6275;70038
627506;70067
627575;70082
62760494;70097
627621;70114
627678;70129
627701;70144
62778926;70159
627827;70176
627833;70191
627834;70206
62790884;70221
627926;70238
6279273;70253
62796635;70268
62797078;70285
62798116;70302
627995;70319
628;70334,70378,70423
62800139;70467
6280034184;70484
628017;70502
62803992;70517
62804017;70533
628078;70549
628109;70564
62811501;70579
62815057;70596
62815597;70613
62817346;70630
628193;70647
628235;70662
628242;70677
62840426;70692
62853688;70709
62854;70726
62855;70740
628568;70754
628757;70769
628799;70784
628871;70799
62897;70815
628975;70829
629;70844,70912,70985
6290;71021
62903325;71034
629124;71059
629246;71074
629262898;71089
629265;71107
62936;71122
62939540;71136
629467;71161
629513;71176
629543;71191
629554014;71206
629566;71224
629589;71239
6296;71254
629608;71267
629646;71282
629677;71297
629696;71312
629723;71327
62973;71342
62981;71356
6298259;71370
629845;71394
629852;71409
629864;71424
629879;71439
629890;71454
629906;71469
629910;71484
629921;71499
629929;71514
6299359202;71529
6299428344;71547
629944;71565
629959;71580
629967;71595
629974;71610
629997;71625
62999772;71640
62af44;71657
62b;71682
62e2;71694
62f;71707
62nd;71719,71756
63;71785,72388,73381
630;74236,74296,74396
6300;74469,74482
630000000;74494
6300137341;74512
630035;74531
630076720;74546
6301;74564
63010776;74576
630112;74592
630116;74607
630157;74622
63016;74637
630199;74651
630215;74666
6302620405;74681
630290366;74700
630310;74718
630314;74733
6303524528;74748
630356;74767
630363;74782
630394;74797
63040662;74812
630481;74828
6305371523;74843
630543;74861
630672;74876
630680;74891
6306907535;74906
630718;74924
630798;74939
63081;74954
630810;74968
630833;74983
630875;74998
630917;75013
630924;75028
630936;75043
630951;75058
630985;75073
630993;75088
630px;75102,75116
631;75129,75197,75297
6310;75345
63100;75358
631004;75372
631027;75387
6310362816;75402
631046;75420
631062;75435
6310686469;75450
631071;75468
631077;75483
631081;75498
631088;75513
631119;75528
631126;75543
631142;75558
631161;75573
631184;75588
63119;75603
631195;75617
631196;75632
6312;75647
631233;75660
631241;75675
631261931;75690
631261991;75708
631287;75726
631306;75741
631341346;75756
631344;75773
631348;75788
631371;75803
631386;75818
631420;75833
631435;75848
631462;75863
631474;75878
631475090;75893
631485;75910
6315;75925
631519;75937
631538;75952
631550;75967
631657;75982
631687;75997
631737;76012
631744;76027
6317525252;76042
6317552692;76061
631763;76080
6317756176;76095
631977;76113
632;76128,76172,76208
632022958;76254
632023;76271
632034;76286
632076;76301
632092;76316
632094915;76331
632107;76349
632111023;76364
632113414;76382
632131072;76400
632131886;76418
632132527;76436
632133215;76454
632134145;76472
632137625;76490
632138973;76508
632190139;76526
632190562;76552
632192237;76578
632195;76604
632244;76619
632252;76634
632263;76649
632282;76664
632297413;76679
63231;76697
632347;76711
632351;76726
63236;76741
632427;76755
632454;76770
632477;76785
632496;76800
6325;76815
632549;76827
632565;76842
632584;76857
632587;76872
632622;76887
632648;76902
632652;76917
632694;76932
632782;76947
632786;76962
6328;76977
632839;76990
632855338;77005
63289;77023
632957;77037
633;77052,77128,77186
63301134;77206
633041;77222
633163;77237
633183;77260
633205;77275
633247;77290
633266;77305
633282;77320
63333;77335
633333;77349
633350;77372
633369;77387
633373;77402
633377;77417
633419;77432
633434;77447
633450581;77462
633453;77488
633465;77503
633472;77518
633488;77533
633514;77548
633533;77563
633541;77578
633556;77593
633560;77608
633583;77623
6336;77638
633663;77651
633705;77666
633736;77681
633736233;77696
633736451;77714
633739;77732
633762;77747
6339;77762
633913964;77783
633972;77800
634;77815,77907,77953
6340;78005
634045;78018
634094;78033
63421;78048
634335;78061
634418;78076
63446;78091
634483;78105
634575;78120
634579;78135
63464;78150
634662676;78164
634701;78190
634724;78205
634727;78220
634743;78235
634754;78250
634781722;78265
634819;78282
634823;78297
63482756;78312
634861;78329
634880;78344
634933;78359
63496101;78374
634968;78390
634972;78405
63498144;78420
634995;78436
635;78451,78495,78549
635067;78609
635071;78624
635075;78639
635078;78654
635090;78669
635094;78684
635109;78699
635113;78714
635124;78729
63512498;78744
635128;78760
635162;78775
63519;78790
63522;78804,78817
635220;78831
635284;78846
635323;78861
6353257895;78876
635326;78894
635334;78909
635342;78924
635357;78939
635375;78954
6354;78969
6354438;78982
63546;78997
6354848;79011
6355094;79026
635549575;79041
63555;79059
63555491;79073
635589;79089
6355974;79104
6356502;79119
635653;79134
6356884837;79149
6357630;79167
6358250;79182
636;79197,79265,79325
636014417;79370
63607;79388
6361;79402
636139;79415
636234;79438
636440;79453
63682995;79468
636868;79485
6369288;79500
636929;79517
637;79532,79593,79642
637096;79694
6371;79709
6372;79722
63720;79735
63721;79748
637321;79762
637329;79777
63748;79792
63751;79806
63757;79820
637585671;79834
637601912;79852
637628078;79869
637718;79887
637894;79902
638;79917,79969,80029
63806;80073
6382480;80087
638258043;80112
638325;80130
638333;80145
638336890;80160
638338388;80178
638355;80196
638419680;80211
638506410;80229
638577;80247
638675386;80262
638909101;80280
639;80298,80374,80399
639004;80459
639054597;80474
639085295;80492
63942;80509
63945961;80523
6395242214;80539
639603;80557
63963018;80572
639673744;80588
639705332;80606
639769916;80632
639771047;80649
639809543;80666
639854;80683
6399;80698
639999;80710
63cf;80725
63px;80737,80750
63rd;80762,80799,80818
64;80839,81411,82122
640;83124,83184,83222
6400;83306
640133;83327
640148327;83342
6402;83368
6403460503;83381
640361;83399
640373;83414
640388;83429
640407244;83444
640407538;83470
6405;83496
64054683;83509
640678;83526
6407;83541
6408339143;83558
641;83576,83636,83712
6410;83756
641018;83769
64110417;83784
641111;83801
64126;83816
641308;83829
641347711;83844
64136;83861
641361278;83875
64155;83892
64166343;83906
64167;83922
6418;83936
6418367028;83948
6419011;83966
641953;83982
6419702;83997
642;84013,84041,84125
6420;84185
64205;84198
642076725;84212
642077572;84230
64212;84248
6423233747;84262
64264;84280
642862364;84294
6429;84312
64292;84325
642929;84339
643;84354,84422,84450
6433;84524
643330;84537
643410;84552
643411597;84567
643429;84593
64345;84608
643450735;84622
643452;84639
643524;84654
643536;84669
64355;84684
643562;84698
643585;84713
64360583;84728
643669;84744
6436693072;84759
643692;84777
6437594;84792
64376;84807
643852;84821
643929;84836
644;84851,84895,84939
644119;84983
64418;84998
644283;85011
64433535;85026
644436;85043
6444625;85058
644485853;85073
64450582;85099
64454;85115
644592;85129
6446193;85144
644669;85159
64469;85174
644691;85188
64477;85203
644815707;85217
644859;85235
644871;85250
644886;85265
6449794173;85280
64499;85298
645;85312,85380,85453
645000;85545
645378;85560
64554;85575
6455464363;85589
645714;85607
645786;85622
6458012462;85637
645851;85655
646;85670,85722,85774
646023;85806
646080;85821
6465;85836
646626;85849
646649281;85864
646721;85882
646732;85897
6467440128;85912
646778;85930
646871;85945
646973187;85960
647;85986,86038,86076
64702;86136
647095;86150
6471;86165
647118;86178
6471834183;86193
647213;86211
647224;86226
647268;86241
6473;86256
647301;86268
647312;86283
647339;86298
647366;86313
6473792195;86328
647392;86346
64741;86361
647414454;86375
64744511;86401
647469;86418
647480;86433
647497241;86448
64751566;86466
647533;86483
647537;86498
64754;86513
647552;86527
647606;86542
647655;86557
647671;86572
647678;86587
647755;86602
647781;86617
647877;86632
647884;86647
6479;86662
647956;86674
647976;86688
647991;86703
648;86718,86750,86762
648003;86798
64809;86813
6481;86827
648140;86839
64818391;86854
648193;86871
648247;86886
648254;86901
648331;86916
64834;86931
648388;86945
648424617;86960
648430;86978
648433840;86993
648476;87011
648533;87026
648584;87041
648632;87056
648701;87071
648788;87086
648804;87101
648811;87116
648827;87131
64883673;87146
648869;87163
648880;87178
648898;87193
6489;87208
648911;87220
648922;87235
648933;87250
648975;87265
648987;87280
649;87295,87323,87375
649017;87406
649055;87421
64911637;87436
6491533518;87461
64918;87479
649235;87493
64925634;87508
64934;87525
649346757;87539
649467;87556
64948888;87571
6495;87588
64952;87601
649521;87615
6495ed;87630
64972;87645
64974;87659
649757;87673
649780;87688
649803;87703
649857;87718
64986;87733
649906;87747
64991;87762
649a;87776
64bit;87788
64k;87802
64th;87813,87842,87854
64the;87883
65;87896,88605,89648
650;90634,90736,90787
6500;90927,90948,90961
65000;90973
650078;90987
650108;91002
65020433;91017
650272;91034
650360;91049
650375;91064
650410;91079
650429;91094
650452;91109
6505;91124,91136
650528;91149
650539;91164
65066;91179
650665;91193
650689;91208
650745;91223
650784;91238
6508;91253
650803;91266
650810;91281
650871;91296
650936;91311
650944;91326
650963;91341
650px;91356
651;91370,91390,91426
651009;91450
651052661;91465
651054;91483
651081;91498
651108;91513
651123;91528
651131;91543
651157;91558
65116;91573
651188;91587
6512;91602
651222;91615
651260;91630
651329;91645
651344;91659
651375;91674
6514;91689
651436;91700
651466;91715
651470;91730
651482;91745
651513170;91760
651524;91778
651550;91793
65156;91808
651573;91822
651577;91837
651585;91852
651597;91867
651623;91882
651634;91897
651691;91912
651737;91927
65176;91942
651772;91956
651787;91971
651802;91986
651810;92001
65185;92016
651871;92030
65187618;92045
651878;92062
651920;92077
65192481;92092
65196468;92108
652;92124,92168,92260
652000;92285
65200111;92300
652027;92317
652061;92332
652064;92347
652065;92362
652119;92377
652131021;92392
652134;92409
652161;92424
652184;92439
6522;92454
652229;92467
652275;92482
652290;92497
6523;92512
65230961;92533
652321;92549
652348;92564
652363;92579
652367;92594
652382;92609
652386;92624
6524;92639
65243608;92652
652493;92668
652500;92683
652538;92698
652544;92713
652546;92728
652592;92743
652626;92758
652679;92773
652695;92788
652737;92803
652744;92818
65283;92833
652843;92847
652893;92862
6529;92877
652939;92890
652d7a;92905
653;92921,92957,92977
65302622;92995
653121;93011
653122;93026
653130;93041
653133;93056
653149;93071
653152;93086
653183;93101
653206;93116
653214;93131
653259509;93146
653259598;93172
653271;93198
653278;93213
653282;93228
653297;93243
653299858;93258
653299875;93284
653320905;93310
653321085;93336
653326357;93362
653326359;93388
653336;93414
653378;93429
653388902;93444
653390809;93462
653412;93480
653419;93495
653439;93510
653442;93525
653446;93540
653458;93555
65353;93570
653549;93584
653553;93599
65366;93614
653675;93628
653684;93643
653690957;93658
653728;93676
6538;93691
653828;93704
653862;93719
653900;93734
653912238;93749
653912322;93775
653915;93801
653931;93816
653934;93831
653967435;93846
653969;93872
654;93887,93915,93983
654015;94021
654022;94036
65406;94051
65408;94065
654151888;94079
654160;94096
65424;94111
654243;94125
654255985;94140
654278;94157
6543;94172
654320;94185
654321;94200
654331;94215
65439;94230
654400;94244
654453;94259
654461;94274
6545;94289
654503;94302
654533;94317
654556;94332
654575;94347
654579;94362
654591;94377
654625;94392
65468;94407
654701;94421
654793;94436
654823;94451
654839;94466
654865;94481
654884;94496
6549;94511
65496273;94524
655;94541,94601,94633
655029369;94661
655037;94678
655045;94693
65508009;94708
655087;94725
65510435;94740
655192612;94757
6552;94783
655205;94794
65523;94809
655231;94823
655239;94838
65524;94853
655258;94867
655323;94882
655331;94897
655342;94912
655350;94927
65540084;94942
65540734;94958
655430;94975
655434;94990
655506;95005
65555282;95020
655582;95036
65558510;95051
65559880;95067
655701;95083
655704;95098
65574;95113
65576;95127
655819;95141
655846;95156
65586;95171
65587553;95185
655956;95202
656;95217,95237,95294
65600562;95338
656128;95355
65615599;95370
656157;95386
65616693;95401
65622;95417
6563;95431
656305;95444
656315;95459
65633756;95474
65634193;95490
6564;95507
65645;95520
65645462;95534
656487;95551
656639;95566
656708;95581
65671789;95596
656788;95613
65680402;95628
656819361;95645
656822;95662
656921;95677
65693;95692
656933;95706
656944;95721
6569579244;95736
65698216;95754
656aab78;95771
657;95788,95848,95940
657055;95979
657089;95994
657097;96009
65723874;96024
65724117;96041
65729;96058
657372;96072
65743;96087
657478;96101
657482;96116
657490;96131
657505;96146
657558;96161
657593;96176
657608;96191
65760855;96206
657658;96223
657677;96238
657738;96253
657761;96268
657768;96283
657799;96298
65781;96313
657814;96327
65786;96342
657864;96355
657921;96370
658;96385,96429,96465
658150;96490
658195;96505
658207;96520
658227241;96535
658245;96553
658253;96568
658398;96583
6584;96598
658424;96610
658436;96625
65847;96640
658474;96654
658485;96669
658554;96684
65857;96699
658573;96713
65859;96728
6586;96742
658611;96753
6587;96768
65871;96781
658718;96795
65873;96810
658737;96824
6587575;96839
658768;96855
658772;96870
65879;96885
65882;96899
658848;96913
658852;96928
658878;96943
658894;96958
658936;96973
658970;96988
658974;97003
658989;97018
658ipslnn;97033
659;97050,97062,97106
659065;97152
659084;97167
659126;97182
659195;97197
659273046;97212
659276410;97229
659302;97246
659317;97261
659382;97276
659393;97291
659405;97306
659426922;97321
659489;97339
659496;97354
659538;97369
659588;97384
659595;97399
659622;97414
659651693;97429
659656924;97455
659658992;97481
659659136;97507
659659769;97533
659718;97559
659779;97574
65979;97589
65984756;97603
659859;97619
659870;97634
6599;97649
65990;97661
659904;97675
659969;97689
65998;97704
65e4;97718
65kbp;97730
65px;97744,97757,97778
65th;97790,97819
66;97848,98703,99590
660;100371,100431,100499
660000;100566,100581
660001712;100595
660011365;100613
66002;100631
660033;100645
660049;100659
660066;100674
6600cc;100688,100711
660175;100725
660187;100740
660194;100755
660282;100770
660355;100785
6604;100800
660461867;100813
660511;100831
660549;100846
660610;100861
660622716;100876
660679;100893
660690;100908
66072;100923
660728;100937
660756;100952
660835;100968
660835233;100983
6609;101009
660915;101022
660957;101037
660980;101052
661;101067,101127,101186
661022;101222
661095;101237
6611;101252
66112;101265
661121;101279
661162009;101294
661240;101312
661270;101327
661294259;101342
6613;101360
66132;101372
661373;101386
661381;101401
66138146;101416
661438;101433
661461;101448
661496;101463
661499;101478
661537;101493
6615650654;101508
661592;101526
66164601;101541
66166;101557
66171;101571
661728;101585
6617347;101600
6618861556;101624
662;101642,101686,101738
6620;101783
66210;101796
662159;101810
662209;101825
66234;101840
662460;101854
66246229;101869
662491;101886
66249794;101901
66264;101917
66268;101931
66269;101945
66271084;101959
662762433;101975
66289961;101993
66291;102009
66295;102023
663;102037,102081,102109
66300;102134
66302;102148
66304;102162
66308;102176
66310;102190
663200;102204,102342,102358
66324044;102372
66328;102389
663300;102403
663311;102417
663333;102432
66334d;102446
663366;102460
663399;102474
6633ff;102488
663490;102503
66351;102518
663523419;102540
663578678;102558
6636;102576
663611;102589
6636593938;102602
66379;102620
663815;102634
66382;102649
66387;102662
663892089;102676
66390;102694
664;102708,102744,102769
664158;102821
664317;102836,102851
6643717;102866
6643951;102888
664465;102910
664467;102926
66449;102941
664521527;102954
664558;102972
66464305;102987
664703223;103003
66473;103021
664744056;103034
664780;103052
66485;103067
6648671;103081
664883;103096
664967;103112
66499;103127
664d33;103141
665;103155,103175,103227
6651;103245
66511;103258
665253020;103272
665348540;103290
665354;103316
66546258;103330
66546501;103355
66546533;103380
665825;103405
665bab;103420
666;103432,103492,103557
6661510;103609
66626413;103625
666286854;103642
666288038;103668
666327244;103694
666327744;103712
6664;103730
66645;103743
66653;103765
66653466;103779
666600;103795
666600191;103809
666633;103827
66666;103841,103855
666666;103869,103884
666667;103899,103914
666699;103929
6666cc;103943
6666ff;103957
66670847;103971
666752;103987
66682;104002
666958;104016
66699;104031
667;104045,104121,104153
6671;104205
667217;104218
66725;104233
667333;104247
66738;104261
667439;104275
66753;104290
667702;104304
667706;104319
667801;104334
667847;104349
667870;104364
66788;104379
667896;104393
667931;104408
667992;104423
667f99;104438
668;104452,104488,104540
668003;104578
668072;104593
668083;104608
6682049;104623
66823;104638
668285;104652
668556;104667
668591;104682
66865;104697
668892;104711
66890049;104726
668961;104742
668968;104757
669;104772,104816,104869
6690;104937
669066;104950
66911;104973
66917282;104986
669174847;105002
66921;105028
669222;105042
669271145;105056
669271890;105082
669271981;105108
66932;105134
669379380;105147
669541014;105165
66971;105183
66978;105197
669863149;105211
669891241;105229
66993;105247
669933;105261
669966;105275
66997f;105289
669999;105303
6699cc;105317
6699ff;105331
66b032;105364
66b2ff;105380
66cc00;105394
66cc66;105408
66cc99;105422
66cccc;105436
66dd00;105450
66ff66;105465,105496,105570
66ffb2;105652
66ffff;105666,105681
66qhzrhkp;105695
66qi3tnxc;105721
66qi48cg2;105747
66qi4g1i;105773
66qi4relp;105798
66th;105824,105853,105890
66tobadkp;105909
66tocdlo8;105926
67;105943,106577,107368
670;108150,108178,108246
6700;108292
67000;108305
670231;108319
670235455;108334
67025308;108351
67046;108367
67048;108381
6705;108395
67054;108408
670586557;108422
67060;108440
67075;108454
6708;108468
670844819;108505
670848402;108523
670848767;108541
67086;108559
6709846;108573
671;108589,108665,108677
6711;108722
67126;108733
67128;108747
671475;108761
6717;108776
671812282;108788
67188;108806
67194164;108820
671b;108836
672;108848,108876,108984
67203;109009
67206;109031
6723924;109044
6726;109059
67269;109072
672753728;109086
67292;109104
672975;109118
673;109133,109201,109261
6730;109285
673016346;109297
673016467;109315
673094;109333
6732;109348
67340;109361
67342;109375
6736;109389
673645698;109402
673912338;109419
674;109437,109490,109550
67407721;109589
674290884;109605
67440128;109623
67451;109639
674516;109653
674538;109668
67472249;109683
67479383;109700
67492;109717
674963949;109730
675;109748,109792,109868
6750;109942
675167095;109955
675169;109973
675200;109988
67539;110003
6754;110023
675410616;110036
675525499;110054
6756899;110072
6758495;110087
675866040;110103
676;110121,110157,110196
6760209203;110264
6760838032;110282
6762529;110300
67628;110315
67629725;110329
6763894;110346
676471149;110362
67649;110380
676494701;110394
6766;110412
676625;110425
67663;110440
67668;110454
6767;110468
676718;110481
677;110496,110516,110569
67717;110629
6774;110642
67745;110655
67747;110669
677710;110682
67776;110697
6778;110711
678;110723,110791,110867
6780562401;110906
67806578;110924
678124;110940
678309;110954
678370;110969
67839015;110984
6784;111000
67843;111013
67852163;111036
67877212;111052
67887558;111069
679;111085,111137,111210
67922;111294
6794;111308
67952859;111321
679627;111337
67963;111352
67971;111366
67972;111380
67994525;111394
67b2de;111411
67caf1;111425
67font;111439
67qd0mdwd;111454
67qdqkdfp;111480
67qga379v;111506
67th;111532,111553,111582
68;111594,112213,112947
680;113732,113816,113866
6800;113902
68000;113915
6804234385;113928
68047;113946
68050647;113960
680570;113976
6807;113991
68070129;114003
68092117;114020
6809805036;114036
681;114054,114066,114132
68133986;114224
6813841;114240
6814;114256
68142;114269
6815;114283
68172145;114296
68184;114312
68186;114326
681969650;114340
681972803;114358
681974380;114376
682;114394,114438,114498
6820;114549
68221;114562
68229;114576
68247;114590
6825;114604
6829;114617
68295;114630
68299;114644
683;114658,114702,114786
683166;114824
6833;114839,114852
6834;114865
6835887;114878
68359;114893
683677435;114907
68368;114924
68377805;114938
68388247;114954
6839;114970
68399;114982
684;115002,115038,115090
68405;115128
68406206;115142
68426;115158
6843013;115172
6843182;115187
684321702;115202
684322515;115220
68439;115238
6845;115252
68465;115265
6847955;115279
684852729;115294
684936;115312
685;115327,115355,115423
6850;115468
68512;115489
68512082;115503
68519;115519
6853;115533
68531;115545
6857;115559
685760;115571
685767;115586
68590665;115601
68594;115617
68594871;115631
68596;115648
686;115662,115690,115718
6860;115750
68609;115763
68612;115777
6861296892;115791
68618;115809
68625;115823
68636;115837
68636078;115851
68646;115867
686490295;115881
6865;115898
6865458488;115911
68665;115929
6867;115943
68673;115956
686927762;115970
686a;115988
687;116001,116085,116131
68707;116167
687262416;116181
687375768;116199
68738;116217
68742;116231
68759;116245
6877470597;116259
68780;116278
68783;116292
68792;116306
68794;116320
688;116334,116386,116422
68801;116460
68803;116482
6881636381;116496
68823;116514
68834;116528
68835;116542
68841;116556
68848;116569
68848762;116583
68848835;116600
6886;116617
6886846;116630
68872896;116646
68884;116662
689;116676,116720,116756
68912;116787
6892;116801,116814
68944;116827
68948;116841
689bbd;116855
68aa;116870
68ff68;116883
68th;116898,116919,116932
69;116965,117599,118373
690;119337,119405,119505
69017062;119544
69022887;119560
6904;119577
69040513;119588
6905810237;119604
69069;119622
69075;119636
6909;119650
6909533;119663
6909591;119678
6909613;119693
6909625;119708
691;119723,119775,119827
691040691;119859
69124;119877
691295505;119891
691573;119908
69163;119923
69167;119937
69170;119951
6917232;119965
691757;119980
6917694211;119994
69178;120012
69179;120026
69181;120040
69186;120062
691920875;120076
69192219;120093
692;120109,120121,120165
69207;120204
69208;120218
6921;120232
69214302;120245
69216;120261
69230;120275
69235;120289
69263;120302
69268121;120316
692709;120333
69273;120348
692778;120362
692814615;120377
69297;120395
69298;120409
693;120423,120459,120511
69304;120579
69307;120593
693108;120607
69315;120622
69330823;120636
6933813;120652
69354611;120668
6936;120685
69361651;120698
6938384175;120715
69389;120733
69398;120747
694;120761,120797,120873
6940;120891
69416;120904
69421;120918
69423;120932
69427;120946
6942926049;120960
694298;120978
69455;120994
69470;121008
694760;121022
69499;121037
695;121051,121095,121147
69501;121178
69502;121192
69505;121206
69507;121220
69510;121234
6951768;121248
69519;121264
6952;121286
69528;121307
69530;121321
69531;121335
69534;121349
69536;121363
69539;121377
69540262;121391
695420;121407
69543;121421
69547;121435
69551;121449
69551339;121463
69555;121479
695582799;121493
695583258;121510
69565;121527
69567;121541
69576;121555
69579;121569
69579244;121583
69582;121599
69592;121613
69599;121627
696;121641,121677,121737
69606;121796
69609;121810
69611;121824
69613;121838
69614;121860
69617;121874
69619;121888
69621;121902
69623;121916
69625;121930
69628;121944
69629;121958
69632;121972
69633;121986
69638576;122000
69641;122016
69642;122030
69648;122044
6965257;122066
69656;122082
69658;122096
69660;122110
69661;122124
69664878;122138
69665;122154
69670;122168
69672;122182
69673;122196
69679;122210
69681;122224
69681829;122238
69683;122254
69686;122268
69687;122282
69689;122296
69691;122310
69692;122323
696969;122337,122368,122423
69697;122458
6969850063;122472
697;122490,122518,122602
6970;122634
69700;122647
69701;122661
69702;122675
69705;122689
69709;122703
6971127391;122717
69713;122735
69716;122757
69720;122771
69722;122785
69724;122799
69725;122813
69727;122827
69730;122841
69738;122855
69742;122869
69744;122883
6975241899;122897
69753;122915
69753222;122929
69756;122945
69756496;122959
69758;122975
69759238;122989
69762;123005
69763;123019
69766;123033
69772;123047
69779;123061
6978;123075
69781;123088
69784009;123102
69788;123118
69794;123132
69798693;123146
698;123163,123207,123267
69805;123327
69806;123341
69807;123355
69810;123369
69812;123383
698147;123397
69815;123412
69818;123426
69820;123440
69825;123454
69827;123468
69828;123482
69832;123496
69835;123510
69836;123524
69839;123538
6984120;123552
69842;123567
69852;123581
69853;123595
69855;123609
69859;123623
6986;123637
69864;123649
69868;123663
69871;123677
69872;123691
698777;123705
69881;123720
69886;123734
69889;123748
69896;123762
69899;123776
699;123790,123826,123894
69903;123945
69905;123959
69907;123973
69922;123987
69924;124001
6993;124015,124036
69932;124048
69939;124062
6994;124076
69940;124089
69943;124103
69946;124117
69947;124131
69952;124145
69957;124159
6995905;124173
69962;124189
69963;124203
69964;124217
69966;124231
69967;124245
69969;124259
69979;124273
69981;124287
6998114586;124301
69983;124319
6999;124333
69993;124345
6999519;124359
69995463;124375
699th;124391
69a;124405
69kbp;124417
69th;124431,124450,124487
69xdgrsln;124500
6a;124517,124528,124547
6a181a;124564
6a3547;124580
6a5acd;124595,124618,124660
6ab5ff;124693
6b;124707,124726,124750
6b8e23;124761
6bd1;124776
6c;124789
6c6f;124800
6c74;124812
6d;124824,124835
6d6d6d;124846
6df9dd;124861
6dgowcdxt;124877
6e;124895
6e0121;124906,124922
6ed8;124956
6ef7a7;124968
6em;124982,125083,125128
6f;125180,125191
6f00ff;125234,125249,125264
6f3zvd5fo;125278
6f4e37;125295
6f75b7;125310
6fa23b;125325,125348,125379
6ffd;125421
6h;125434,125469
6h2;125479
6hr;125491
6ix;125503
6k;125521
6nt2wgm2u;125532
6p;125550
6pt;125561
6puin5ce7;125572
6px;125589,125633,125671
6r;125731
6s;125755
6school;125766
6sqn;125782
6t0;125795
6ter;125807
6th;125828,126344,126654
6v;126995
6x6;127005
6zlwri;127017
