50;0,203
500;929,973
5000;1184
50000;1231
500000;1251
500000000;1265
500211;1282
5004;1297
501;1309
502;1341,1353
5024;1371
5027;1383
5031;1395
504;1407
5040;1425
505;1438
505212;1456
506;1471
506329;1482
507;1496,1516
5070;1541
508;1553,1565
509;1576
50964;1587
5097;1600
50b4ff;1612
50px;1626,1639
50th;1758
51;1770,1909
510;2385
5103;2409
5109;2421
510911;2434
511;2448,2468
5112;2528
512;2540
51325;2552
5134;2565
5136;2577
514;2589
51454;2607
514a;2620
515;2632
515efn;2657
516;2670
516306;2681
516350;2695
5173289;2709
5174;2724
518;2736
518422;2761
519;2775
51pm;2786
51st;2797
52;2810,2925
520;3336
5207;3361
521230;3373
521323;3387
52135;3401
5223;3414
5235;3426
524;3438
525;3456
52673;3474
527286;3487
52765;3501
528;3514,3526
5280;3536
5282;3548
5285;3560
528626;3571
529;3584,3596
53;3614,3673
530;4082,4094
5300;4112
5304;4125
531;4137
5318;4148
532;4160
533;4171
534462;4202
535;4216
5353;4234
536;4246
5360;4257
537;4269
5371;4287
5378;4299
538;4311
538752;4322
5388;4336
539;4347
54;4357,4416
540;4829,4849
540x960;4880
541;4895
5418;4911
541887;4923
542;4937
542959;4948
543;4962
544;4973
5448;4984
545;4996
546;5007
546615;5018
547;5032
547374;5043
5474;5057
54750;5069
5480;5082
549;5094
5491;5111
54th;5123
55;5142,5185
550;5663
55021;5715
55046;5728
551;5742
5512;5753
551a8b;5765
55298;5779
553;5792
5536;5810
55379;5823
55405;5836
555;5849
556;5867
556861;5878
559;5892
559402;5912
55th;5926
56;5951,6002
560;6359
5600;6379
560007;6398
56068;6412
56069;6426
561;6440
563;6452
564;6463
565;6474
5650;6485
565000000;6496
565150;6513
565889;6527
565924269;6542
566;6559
567;6570
56731;6580
568386;6593
569;6606
56i;6617
56th;6628
57;6647,6706
570;7018
571;7043
571785;7067
572;7081
5725;7093
5728;7111
57379345;7124
574;7140
5742;7151
575;7164
5750;7195
5753;7206
576;7218
57699;7229
576i;7242
577;7259
5773;7277
5774;7290
5775;7302
5779;7314
578;7327
5795;7345
57th;7357
58;7376,7427
580;7754,7766
581;7783
5841;7808
584cde;7820
585;7834
586;7865,7877
58626;7888
587;7901
58875;7926
58th;7940
59;7952,8019
590;8384
590722;8395
592;8409
5925;8421
593;8433
59316;8451
5939;8464
594;8477
595;8489
596;8500,8528
5962;8539
596230;8551
59669;8566
596bi;8579
597;8593
597297;8605
598;8620
599;8631
5992;8642
59th;8654
5a;8666
5arc18;8676
5arc19;8690
5arg21;8704
5cb;8718
5ea2;8729
5em;8748
5h;8759
5h3;8769
5pb;8780
5th;8791,8827
5town;9005
