60;0,83
600;343
6000gt;381
60018;395
60020;408
6009;422
601;435
602;446
602346;457
603;471
6035;483
6035858;495
604;510
60494;521
605;534
606;552
60613;570
60775556;583
608;597
60895;617
609;630
60th;641
60z;660
61;678,721
611;911
61116until;922
6124;940
61285768;951
613;967
615;978
616;1006,1026
617;1051
618;1062
619;1073
6190;1091
61st;1103
62;1122,1141
620;1353
621;1364
6215;1376
6219;1388
623;1400
62310;1418
624;1431
62649;1451
62666;1464
627;1477
627sum;1488
629;1502
62nd;1513
63;1525,1544
630;1678
6302;1696
631;1708
6319c;1726
632;1740
63219;1764
633;1777
633308471;1789
634;1806
635;1817
63542;1828
637;1841
638;1852
63808;1872
639;1885
63rd;1896
63rdaward;1908
64;1925,2000
640;2115
6402;2126
642;2139,2151
6438;2162
645;2174
645941;2194
646;2208
6460;2219
647;2232
64th;2243
65;2262,2337
650;2508
651;2520
65190318;2530
6533;2546
6536;2558
65498;2570
655;2583,2595
656;2605
65659;2623
657;2636
65763;2647
6581;2660
65880;2672
659;2685
6597;2696
65th;2708
66;2720,2747
660;2924
6606;2936
662;2948
663;2966
664;2977
665;2988
6653;2999
6662;3011
6667333;3023
667;3038
668;3050
669;3061
66th;3078
67;3096,3131
670;3285,3297
6701;3315
673998;3327
675;3342
675726;3354
6764;3368
677;3380
67902;3391
679779;3405
67th;3419,3432
68;3444,3463
680;3610,3622
6806;3633
680744071;3645
681;3662
6817;3673
6819;3686
682;3698
682878;3709
683;3722,3734
68340;3766
68496;3779
684ff;3792
685;3804
685256;3815
685865;3829
686;3843
6870;3853
6871;3865
6878708;3877
688;3892
689;3903
68th;3921
69;3947,3982
690;4236
6908;4247
691;4259,4271
693;4282
694;4293
695;4304,4316
697;4327
6976;4345
698;4357,4369
69th;4380
6c;4392
6d;4402
6e;4412
6fastfact;4422
6ta;4439
6ter;4450
6th;4462,4474
6x;4527
