60;0,99
600;419
601;524
60154;535
601984;548
602;562
602677;580
603306;594
604;608
605;626
60524;637
6058;650
60639;663
607;674
608;683,695
609;706
609096810;724
6093;741
6093273;753
60px;769
60th;802
61;828,863
610;1040
6100;1057
610541671;1069
6108;1086
612;1098,1110
61235;1121
61236541;1134
6130;1150
6131;1163
615417;1175
61720;1189
618;1202
6182;1213
6185;1225
619;1237
6198537;1247
62;1262,1281
620;1402
621;1427
6215;1439
621776;1452
62337;1466
62366;1479
625;1492
6260;1504
627;1523
628;1541
62894;1553
63;1566,1633
630;1766
630000000;1791
631;1808,1820
6317;1838
6317415;1849
632;1864
633;1896
635;1907
636;1925
63665;1943
638;1956
639;1974,2041
639473;2061
6395;2075
6397;2087
64;2099,2134
64000485;2304
64000486;2402
64000774;2460
642;2477,2489
642498;2500
642715;2515
6428;2529
643;2541
64364;2552
644;2566,2578
6440;2602
64500015;2614
6456;2630
647;2642
648;2660
6495ed;2671,2710
65;2724,2751
650;2984
6500;3035
65009978;3047
65067;3064
651379;3077
652;3092
652px;3103
653;3116
65468i;3127
654828;3141
654891;3156
655007;3170
65536;3185
656;3198
65702;3210
65732;3223
65819you;3236
6587727;3252
659;3267
6595;3285
65978;3297
65978the;3310
65em;3326
65k;3346
66;3357,3504
660;3515
66000;3526
66039206;3539
665;3555
666;3566
6666;3577
667;3590
6674de;3601
668;3615
669;3626
66th;3638
67;3650,3725
670;3852
670511;3876
671;3890
673035;3901
673998;3915
674;3930
67432;3941
675;3961
676;3972
6764;3983
676867;3995
677;4009
678;4034
6784;4045
679779;4057
68;4071,4098
680;4213
6800;4224
681;4243
682;4267
682878;4278
685;4291
685256;4302
685865;4316
686;4330,4342
6860;4353
6869;4365
686a;4376
687;4389
688;4400,4412
689;4430
68th;4447
69;4459,4486
690;4654
6900000;4666
691;4681
691153;4699
691334;4713
691757;4728
692;4742,4754
693;4765
694635;4777
69470;4791
695;4804
698;4815
6989;4826
699;4838
6995;4856
69th;4868
6ap1003b;4880
6db6fe;4896
6f00ff;4910
6fa23b;4924
6h;4938
6ix;4948
6jd;4958
6jl;4969
6l;4980
6th;4990,5050
6x4;5178
6x6;5189
6xd;5200
