30;0,1771
300;13457,13726
3000;15076,15337
30000;15399,15413
300022;15474
3000762463;15497
3000mah;15514
3001;15528
3002;15540
3002645;15558
30031495;15573
3004;15597
300431;15609
30048819;15630
3005;15646
300507;15665
3007;15679
3008;15691
3009;15703
30097373;15715
300k;15730
300m;15742
300px;15754,15792
300th;16189
300x300;16244
301;16266
3010;16441,16454
3011;16485
3011532;16497
3012;16512
301316;16524
3014;16538
3014716506;16550
301491;16567
301560866;16581
3016;16598
30171;16610
301723;16623
3018;16637
302;16649,16685
3020;16900
30200031;16912
30200053;16929
30200111;16946
30200233;16963
302017;16980
30216;16994
302177;17007
30231;17021
302322;17034
30236;17048
3024;17061
30258532;17073
30262995;17089
30264;17105
30265;17119
30266;17133
3027;17146
30271;17158
302895;17171
302ah;17185
303;17198,17403
3030;17415
30302;17426
3030th;17440
3031;17454,17467
30330;17479
3035;17492
303518;17504
30357;17518
3036;17531
303707;17543
30376;17557
3038;17571
30387;17583
3039;17596
303d8e;17608
304;17622,17817
3040;17853
304103;17865
304127;17879
30413029;17893
30415832;17908
304214;17924
30429769;17938
30433200;17953
304340;17976
3044;17990
3045226634;18003
304759;18020
3048;18034
304867;18053
30490306;18067
304928;18084
304th;18098
305;18111,18322
3050;18358
305084;18377
305178;18391
3052;18405
30524387;18417
305290;18433
3053;18447
30531;18459
3054;18472,18485
305542;18504
3056;18518
30564;18530
30594;18543
306;18556,18624
3060;18890
306061;18902
30638337;18916
3064;18931
3065;18944
3067;18956
306705;18968
3068;18982
30681234;18994
3068512082;19010
307;19027,19047
3070;19244
30702;19265
3072;19278
3074;19290
3075;19308
307556;19327
3078;19341
3078153133;19353
30781967;19370
30782;19386
3079;19399
307972;19410
307th;19424
308;19437,19457
3080;19632
3081;19657
30814;19669
308201;19682
30824;19696
3085;19709
30854154;19721
308563;19736
3087;19750
308715;19762
308830;19776
308th;19790
308x308px;19803
309;19819,19839
3091;20003
309131540;20022
3091534376;20039
309169;20056
309334;20070
3095276356;20084
3096;20101
309628;20113
3096785843;20127
3097;20144
309807;20156
309872;20170
3099859;20184
30a;20199
30aa;20216
30am;20229,20255
30c3;20268
30come;20280
30dpc;20294
30em;20307,23714
30flossin;24415
30h;24432
30k;24450
30last;24461
30min;24475
30nc542n;24489
30nvmhcipr;24505
30pm;24523,24544
30px;24576,24598
30t09;24763
30th;24776,24797
30thang4;24975
30x15px;24991
30x30px;25006
30x5;25020
30xfile;25032
30z;25046
31;25057,26241
310;32854,32874
3100;33126
3100867;33151
3102;33166
3103;33178
31030266;33197
3104755282;33213
3105193;33230
310527490;33245
31054;33261
3105579317;33274
310566;33291
3107;33305
31071435;33317
31072589;33333
3108;33349
3108991385;33375
3109;33392
31094;33411
310944;33424
31096962;33438
310px;33454
310th;33469
311;33482,33534
3110;33711
311111;33722
3111311;33736
311291;33751
3113;33765
311327;33777
31136915;33790
31137008;33806
31137035;33822
31138293;33838
311412096;33854
311447;33870
31154501;33884
31154517;33900
31156599;33916
31159853;33932
3116;33948
31164553;33967
31164650;33983
31169703;33999
3117;34015,34028
31171771;34040
311783;34056
3117980361;34070
3118460178;34087
31185353;34104
31188;34121
311882;34134
31193;34148
312;34161,34181
312054;34364
312080;34378
31209202;34392
312111615;34408
312150060;34424
312153680;34441
31216;34458
3122;34471
31226;34490
312300;34503
312332;34517
31239;34531
3124;34544
312401;34563
312482;34577
3125;34591
312561;34624
3126;34638
31264112;34650
312660;34666
3126798272;34680
3127;34697
31285274;34709
31290;34724
3129241765;34737
313;34754,34798
3130;35028
3131;35040
313228655;35052
313261428;35069
313266928;35086
3132919967;35103
313362;35120
313376203;35134
313410000;35151
313614;35168
313744;35182
31379;35196
3138;35210
314;35229
314072;35413
314079;35427
314140;35441
314167;35455
31418166;35470
314270;35485
314297;35499
314362;35513
314438;35527
314472;35541
314610;35555
314690;35569
3147176206;35583
314722185;35600
314788;35617
314892;35631
314895980;35645
314934;35662
314949;35676
315;35690,35710
3151;35948
315102060;35974
315106830;35991
315138760;36008
31519;36025
31528;36037
3153;36050
315449;36062
3156;36076
315620;36088
3156569;36102
3157;36117
31572;36129
3158;36142
3159;36154
3159534633;36173
315power;36190
316;36207
3160;36466
3161;36485
316101;36504
3162;36518
3163;36530
316418;36542
3164663315;36556
316538;36573
316563;36587
31658224;36601
31659;36617
3166;36629,36642
316667;36661
3167;36689
316719;36701
316872;36715
316o;36729
316th;36741
317;36754,36766
3171;36973
3173;36985
3176;36997
3176018596;37009
317616;37026
317658227;37040
317665236;37057
317699;37074
317727781;37088
317776;37105
317813951;37119
317815731;37136
317821571;37153
317847194;37170
317849306;37187
317851358;37204
317852554;37221
317855866;37238
317881747;37255
3179;37272
317982;37284
318;37298,37494
3180;37506
318066;37525
318080499;37539
318214;37556
318219634;37570
318257737;37587
31828;37604
3184138;37617
3184683;37639
3185;37654
318504;37666
318521;37680
3185654879;37694
3186;37711
3186502159;37723
3186602592;37740
31874;37757
318741;37770
3187519;37784
31879583;37800
319;37815
319023;37970
31906;37984
319164;37997
31917;38011
31921;38024
31925;38037
319302;38050
3193477988;38064
31935;38081
3194;38094
319415024;38106
319418286;38123
319420;38140
319462;38154
3195;38168
319618456;38180
3197;38197
3198;38209
3199520111;38221
31b;38238
31e;38249
31jan16;38266
31px;38288
31st;38300,38313
31x;38491
31z;38502
32;38513,39481
320;44505,44549
3200;44909,44922
32008;44962
320088291;44975
320090773;44992
320095451;45009
320110;45026
32013497;45040
32016;45055
320191714;45068
320192910;45085
320195985;45102
320196890;45119
320198191;45136
3202;45153
320219474;45165
320263;45182
320272452;45196
320274663;45213
320281108;45230
320383233;45247
320386683;45264
320391299;45281
320392507;45298
3204;45315
320403382;45327
320405435;45344
320405794;45361
320406947;45378
320407820;45395
320437441;45412
320592547;45429
320671148;45446
32068;45463
320682133;45476
320732;45493
320787895;45507
320790178;45524
320856411;45541
320859443;45558
32098;45575
320996355;45589
320px;45606
320si;45710
320th;45724
320x240;45743
321;45759,45787
32105;46019
321072;46032
3211;46046
321205;46058
321232;46072
32125;46086
321257287;46099
321259;46116
321266120;46130
321312;46147
321324;46161
321339;46175
321346;46189
3214;46203
321453;46215
321480;46229
3215;46243
321566077;46256
321569310;46273
32158;46290
321735;46303
321743190;46317
321747331;46334
321766;46351
32177472;46365
321815;46380
321920456;46394
321943894;46411
321944294;46428
321958548;46445
321976;46462
321st;46476
322;46489
322033;46663
32203366;46677
3221;46693
322117;46705
3221223;46719
3222;46734
32229968;46746
322327;46761
322346;46775
322349198;46789
322365;46806
322376;46820
3224;46834
322536;46846
322571;46860
322612;46874
322620;46888
3226579;46902
322685;46917
3227;46931
322705828;46943
322706979;46960
3228764832;46977
322914;46994
322974048;47008
322976746;47025
323;47042,47198
323001538;47226
323074;47243
323080736;47257
3231;47274
323154;47286
3232;47300
323219;47317
323257;47331
323258691;47345
3233065605;47362
323372;47379
323421;47393
323455;47407
3235;47421
323536;47432
323620;47446
323654;47460
3237;47474
32370;47486
323723;47499
3237749338;47513
3238;47530
323841;47556
3238770664;47570
323944;47587
323982;47601
323u66;47615
324;47629,47665
324009;47835
324039;47849
3242;47863
324230;47875
324306;47889
324347351;47903
324357565;47920
324390;47937
3244;47951
324406;47964
324495994;47978
324551;47995
3246101141;48009
324627;48026
324635;48040
32464;48054
324640752;48067
324642;48084
324647878;48098
324651232;48115
324652464;48132
324661;48149
324673326;48163
324685;48180
324707320;48194
324709806;48211
324710859;48228
32473;48245
324760;48258
324802;48281
324th;48295
325;48308,48344
325031;48571
32507;48585
325108;48598
32521;48612
3253;48624
325321;48636
3253558;48650
3254266;48672
3255;48687
3256;48699
325637877;48718
3257164955;48735
3258;48752
3259;48765
326;48777,48797
326198043;49023
3263347;49040
326395;49096
3264;49110
32640;49123
32659709;49136
32659790;49151
326805;49167
326810433;49181
326811302;49198
3268172145;49215
32685;49232
326920001;49245
326920295;49262
327;49279,49299
3270626366;49496
327095;49513
327124176;49527
327217;49544
32729244;49558
3273;49573
32733052;49585
32733884;49602
327339;49619
3274;49633
327423;49645
327486930;49659
327497619;49676
3275;49693
32750;49712
32751;49725
327557;49738
3276;49752
327663;49763
3277;49777,49790
32774;49801
32779;49814
32779241;49834
32782;49849
327865244;49862
328;49879,49979
328053;50296
328083;50310
3281;50324
328123242;50336
328194691;50353
328197490;50370
328199781;50387
328233031;50404
328242839;50421
328274;50438
328396;50452
32846;50466
3284611106;50478
328482608;50495
328490510;50512
3284a5;50529
3285;50543
32860174;50562
32862545;50578
328636856;50594
328638;50611
3286470771;50625
328648;50642
328680541;50656
3289;50673
329;50685,50721
3290;50849
329094;50861
32911302;50875
32919967;50891
32930613;50906
32934;50921
329363;50934
32938617;50948
32952099;50964
329641274;50980
329642515;50997
3297;51014
329756082;51026
329871588;51043
3299;51060
3299436;51072
32994892;51096
32995547;51113
32b9;51130
32cllou;51142
32h;51157
32nd;51168
32px;51262
32x6;51287
33;51299,52026
330;56850,56894
3300;57099,57112
33000;57144
330000;57157,57172
33001a;57193
330033;57207
330036;57221
330046;57235
330048;57258
330063;57272
330066;57286
330112;57308
330139;57322
330238;57336
3303;57350
330334;57362
330360;57376
330433;57390
330452;57404
33047;57418
33065605;57431
33068;57446
3307;57459
3308;57478
330826;57490
3309;57504
330901733;57517
330936;57534
330946914;57548
330gt;57565
330px;57578
331;57591,57746
3310;57758
3310761154;57770
331085;57787
331114813;57801
331120;57818
331165455;57832
331264203;57849
331267774;57866
331268;57883
331318;57897
33136915;57911
33145;57927
3315;57940
331505;57951
33153684;57965
3316;57981
331606873;57993
331655693;58010
331663649;58027
3317;58044
331705136;58056
331722;58073
331900;58087
331dot;58101,58117
332;58145,58157
332176;58306
332197;58320
3322;58334
33221329;58346
3323;58369
332389872;58381
3324;58398
332428;58410
332458;58424
332479447;58438
332481587;58455
332507299;58472
332512126;58489
332514434;58506
332523;58523
332554398;58537
332558064;58554
332572070;58571
332669934;58588
332672597;58605
33272517;58622
332770585;58637
332832;58653
332859954;58667
332860925;58684
3329;58701
332912;58714
332nd;58728
332x498;58741
333;58756,58792
333043194;59029
333044463;59046
333047173;59063
333065967;59080
333066695;59097
333107;59114
3332;59128
333228876;59140
3333;59157
333300;59170,59185
333333;59241,59256
333366;59408
333399;59422
3333cc;59436
3333ff;59450
33340;59464
333420;59477
333520462;59491
333542;59508
333546236;59522
333640787;59539
333650471;59556
333672745;59573
333676232;59590
3336973786;59607
3337;59624
333991224;59636
333x550;59653
334;59668,59712
334058;59875
33407;59889
334095555;59902
3341;59919
33410;59931
334270;59944
334278;59959
334314;59973
33435312;59988
33438;60004
334396;60017
33451;60031
3346;60044
3348270;60056
3349;60071
334c66;60083
335;60097,60141
3350;60289
3350664;60301
335093;60317
3352;60331
3353;60344,60357
335331682;60376
3354453;60393
335487;60409
335567;60423
335587;60437
335636;60451
335790875;60465
335804;60481
335819;60495
335865;60509
335873;60523
335884;60537
335911;60551
335915;60565
335958;60579
335983451;60593
335995;60610
335i;60624
336;60637,60846
3360;60874
336044;60886
336063;60900
336094;60914
33613;60928
3361340761;60941
336163;60958
3362;60972
336212;60984
336243;60998
336319;61012
336372;61026
336389;61040
336403;61054
336445;61068
336452;61082
336456;61096
3365;61110
336510;61123
336529;61137
336600;61151
336633;61165
33664c;61179
336666;61193
336699;61207
3366ff;61283
3367;61325
336720;61337
33677;61351
336776573;61364
336777585;61381
3368;61398
33693;61417
336971;61430
336990;61444
336c39b3;61458
337;61474,61714
337181;61734
337189;61748
337261;61762
33727;61776
3373;61789
337364;61801
33738;61815
337399;61829
337406;61843
337429;61857
337437;61871
337448;61885
337479;61899
337483;61913
3375;61928
337500;61940
33752141;61954
337578;61969
337612;61983
337620;61997
337646;62011
3376606703;62025
337672594;62042
337702037;62059
337769;62076
337803;62090
337895466;62104
337898974;62121
337901670;62138
337903724;62155
337905283;62172
337951;62189
337982;62203
337e;62217
337fcc;62228
338;62242,62262
3380;62443
338090202;62462
338142;62479
338184;62493
3382071;62507
33821046;62522
338233115;62537
338264;62553
338273825;62567
33829450;62584
338406;62600
338461396;62614
338466027;62631
338474;62648
338490;62662
338539;62676
338546764;62690
338547;62707
338549671;62721
338632489;62738
3387;62755
338722;62767
338745;62781
338814;62795
33884108;62809
338842278;62824
338867;62841
3389;62855
338936;62868
338940994;62882
339;62899,62919
339020660;63097
339069;63114
3391;63128
339115;63145
33913954;63159
339165;63174
339170073;63188
3392;63205
339207;63216
33921018;63230
339248906;63245
339252;63262
3392719;63276
339322649;63291
339330440;63308
339340;63325
339359;63339
339360228;63353
339403;63370
339420;63384
3395;63398
339516079;63410
339531;63427
339554;63441
339599110;63455
339633379;63472
33968551;63489
339712851;63505
339806;63522
339811858;63536
339887;63553
339913106;63567
339931;63584
339933;63598
339966;63612
339973;63626
339999;63640
3399ff;63654
33am;63668
33b;63681
33cc33;63692
33cc7f;63720
33cccc;63734
33de;63748
33em;63760,63835
33ff33;63856
33ff99;63870
33ffff;63884
33hour;63898
33rd;63912
34;64041,64869
340;69589,69633
3400;69831,69852
340000;69871
340042;69885
3401;69899
340306579;69910
340307762;69927
340310616;69944
340496;69961
340523;69975
340529;69989
340557;70003
340703355;70017
340713782;70034
340744;70051
34076665;70065
3409;70081
340939;70093
3409727216;70107
340px;70124
340th;70137
341;70150,70178
3411233127;70382
34118635;70399
341198;70415
341438;70429
341473;70443
34149;70457
3416;70470
341690;70482
3417;70496
341717;70508
3417365;70522
3418;70537
3418470;70549
3419;70564
34194495;70576
342;70591,70603
34200135;70765
34206088;70782
3421;70798
342171;70810
342194;70824
342213;70838
3423;70852
342335;70871
34239;70885
3424;70898
342468;70910
342484;70924
3425;70938
342503;70950
342522;70964
3425308466;70978
3426;70995
342651;71007
3427;71021
3429;71033
342937;71045
343;71059,71223
3430;71259
343201;71271
343220;71285
3432642519;71299
3434;71316
343445070;71328
343447590;71345
343456;71362
343479;71376
343513;71390
3436;71404
34360456;71416
343611;71431
343640862;71445
3436464;71462
34367931;71477
34375;71493
343781;71506
34379673;71520
3438;71535
343979;71547
344;71561,71739
3440;71775
344028;71787
344051;71801
344139;71815
344166;71829
344223;71843
344284;71857
344296;71871
34432792;71885
344341;71901
34436799;71915
344391;71931
344398;71945
344402;71959
344425;71973
344437;71987
344479;72001
344482;72015
344494;72029
3445;72043
344501;72055
344547;72069
344555;72083
344585;72097
344597;72111
344688;72125
344783305;72139
344818;72155
344822;72169
3449;72183
344963;72195
345;72209,72229
3450;72469
345074;72488
3451;72502
345100;72514
345165;72528
345264;72542
345325;72556
34534;72570
3453855515;72583
345486;72600
345558;72614
3456;72628
345718;72640
3457763195;72654
3458;72671
345829;72696
34594710;72710
346;72726,72894
346127;72906
346191;72920
346352;72934
346363;72949
346386;72963
3464;72977
346458;72989
3464655768;73003
346470;73021
34652123;73035
3466;73051
3467316;73063
346764;73079
3467806578;73093
3468;73110
346802;73123
34694237;73137
347;73153,73384
347012;73404
34708501;73418
3471;73442
347183;73461
3471852541;73475
3472;73492
347252;73505
347294;73519
347336;73533
34738914;73547
3474;73563
34743042;73575
3474542797;73591
3474fe;73608,73639
347515285;73696
347530;73712
347546;73726
347557;73740
34757;73754
3476;73767,73780
347649;73799
347672;73813
347706;73827
347729;73841
3478;73855
347809;73867
347828;73881
347874;73895
347881;73909
3479;73923
34792024;73935
347997078;73950
348;73967,73995
348002124;74171
34802005;74188
34805141;74204
348064;74220
348072;74234
348091;74248
3481;74262
348110;74287
348122;74301
348148;74315
348174202;74329
348177020;74346
348189506;74363
348259;74380
348335;74394
34834650;74408
34837303;74424
3484;74447
348434;74460
348446;74474
348534;74488
348545;74502
348564;74516
3486;74530
348625;74542
348679;74556
348692535;74570
348705;74586
34872314;74600
348763;74616
348812;74630
348843;74644
348942;74658
3489842;74672
348yjwfo;74687
349;74703,74715
349018;74890
349140;74904
3492;74918
349201;74930
349301305;74944
349309765;74961
349325440;74978
349331;74995
3494042456;75009
349491;75026
349495;75040
349498;75054
34951040;75068
34952537;75084
34953473;75100
34953698;75116
349612379;75132
3497;75149
349705417;75168
349705729;75185
349709;75202
349710532;75216
349808;75233
349906953;75247
349930;75264
34993291;75278
349th;75294
34a;75308
34ah;75320
34b33f;75332
34th;75346,75359
34x;75480
34z;75491
35;75502,76384
350;81723,81831
3500;82352
35000;82371
350000;82384
350014;82398
350018;82412
35002549;82426
350033;82442
350040;82456
350060;82470
3500778;82484
350090;82499
350094;82513
350110265;82527
350182;82543
350183407;82557
350185869;82574
350224;82591
350235;82605
35025148;82619
350287319;82635
350298802;82652
350368;82669
3504;82683
35040275;82695
350409632;82711
3504098356;82728
350456;82745
350491;82759
350502;82773
35050809;82787
350525;82803
350563640;82817
350571231;82834
350575595;82851
350590;82868
3506349;82882
350658;82897
350670;82911
350677166;82925
350680949;82942
3507;82959
350712;82970
350780;82984
350785925;82998
35079916;83015
3508;83031
350845;83044
35085;83058
35086;83071
350889747;83084
350895;83101
3509102;83115
350952;83138
35098748;83152
350994;83177
35099486;83191
350px;83216,83230
350th;83263
350x350px;83276
351;83293,83305
35100529;83437
351040;83462
351073807;83476
351079002;83493
351109;83510
351120;83524
351124;83538
351147;83552
351181;83566
35118126;83580
35126196;83596
351273;83612
3513;83626
351322;83638
351360;83652
35137332;83666
35142705;83682
351528;83698
351578;83712
3516;83726
351673;83738
35167544;83752
3517;83775
351810;83787
351891;83801
351894;83815
351944;83829
351959;83843
351971;83857
351974;83871
351986;83885
35199290;83899
351994;83915
352;83929,84126
3520;84138
352020;84168
352036;84182
352043;84196
352062;84210
352085;84224
352119;84238
352122;84252
352131;84266
352135;84280
352161;84294
352169;84308
352173;84322
352226;84336
352257;84350
352275;84364
352283;84378
3523;84392
352314;84404
352333;84418
352371;84432
352448;84446
352474;84460
352482;84474
352497;84488
352505;84502
352509;84516
352516;84530
352524;84544
352531;84558
352547;84572
352570;84586
352592;84600
352651;84614
352657;84629
352673;84643
35269;84657
352692;84670
352699;84684
352734;84698
352737;84712
35275027;84726
3528055456;84752
352855;84770
352859;84784
352863;84798
352867;84812
352890;84826
352982;84840
353;84854,84974
353001;84994
353016;85008
353043;85022
353048883;85036
353050;85053
353054463;85067
353077;85084
35316281;85098
353168;85113
353184;85127
353249;85141
3532659709;85155
353275;85172
353283;85186
3532930613;85200
353328970;85217
353338460;85234
353355;85251
353401;85265
353436;85279
353438617;85293
353443;85310
353455;85324
353466;85338
353474;85352
353485;85366
35353094;85380
353535;85396
353630;85410
353664;85424
353718;85438
353733;85452
35375857;85466
353767;85481
353791020;85495
353794;85512
353795995;85526
353848;85543
353870;85557
353878;85571
3539;85585
353901;85597
353920;85611
353954;85625
353989502;85639
353rd;85656
354;85669,85681
354050;85810
354115;85824
354122;85838
354130;85852
354164;85866
354214;85880
354221;85894
354248;85908
354252;85922
354259;85936
354267;85950
3543026;85964
354340;85979
354439;85993
354465;86007
354473;86021
3545;86035
35450210;86047
354504;86063
354553;86077
354626;86091
35469784;86105
3547;86120
35472;86132
35472286;86145
354797;86160
354809147;86174
354848757;86191
354853366;86208
354871745;86225
354874;86242
354877;86256
354893091;86270
3549280;86287
354934250;86302
354938270;86319
3549468517;86336
354958;86353
354984;86367
354996;86381
354c5e;86395
355;86410,86438
355026;86601
355038;86615
355040583;86629
355042054;86646
355076;86663
355083;86677
3550th;86691
3551;86705
355103;86717
355110;86731
35511988;86745
355136253;86761
355137;86778
355160;86792
355164;86806
35519218;86820
3552;86835
355213;86847
355224569;86861
355224771;86878
355227285;86895
355267;86912
355282;86926
355301;86940
355328;86954
355332049;86968
355335;86985
3553rd;86999
3554;87013
355415;87025
355423;87039
355431;87053
355499;87067
3555;87081
355560;87093
355564;87107
3556;87121
3556123972;87134
355721;87151
355736;87165
355762;87179
35577893;87193
355789;87209
355858;87223
355907;87237
355949;87251
355980;87265
355px;87279
356;87292,87312
35600148;87496
356045;87512
356083;87526
356155;87540
356190;87554
3562;87568
3562232;87580
35624542;87602
356293;87618
356297;87632
3563;87646
356358;87667
356361;87681
356396;87695
3564;87709
356426;87721
356488416;87735
356506;87752
356510;87766
356525;87780
356560;87794
356602952;87808
356644;87825
356762;87839
356789;87853
3569;87867
356907;87879
3569995463;87893
357;87910,87938
357021;88085
357037;88099
35707849;88113
357086;88139
357101;88153
357151;88167
357170;88181
357171;88195
357193;88209
3572;88223
357243;88235
3573;88249
357402;88261
357468;88275
3575;88289
35750;88301
357563;88314
357597;88328
357597753;88342
3576;88359
3576th;88371
357754;88385
3577578962;88399
3578;88416
357857;88428
357883;88442
3579;88456
357994;88468
358;88482,88502
35809;88687
358093;88700
3581;88714
35828;88727
358318;88740
358341;88754
35835;88768
358364;88781
358398;88795
3584;88809
35841269;88828
3584455;88842
358456;88864
358475;88878
358509;88892
358517;88906
358536;88920
358562;88934
358569;88948
35866;88962
358685;88975
3587;88989
3588;89001
359;89013,89034
359039;89164
359100;89178
359119;89192
35913;89206
359155417;89220
359169;89237
3592;89251
359207;89263
359222;89277
359238;89291
359261515;89305
359262705;89321
359337897;89337
35935;89354
3594307899;89367
359440771;89384
359445967;89401
359474;89418
3594768047;89432
359517725;89449
359524448;89466
359528;89483
359532032;89497
359535666;89514
359543842;89531
359598571;89548
359609202;89565
359616515;89582
359618870;89599
359631960;89616
359640;89633
3597;89647
3597187698;89659
359741;89676
35978;89690
359793;89703
3598117752;89717
3598117756;89735
359842182;89753
359844088x;89770
359851734;89788
3599;89805
359928;89817
35a;89831,89843
35e;89854
35em;89865
35ex;89959
35f15;90095
35pm;90109
35px;90128
35th;90182,90203
35z;90380
36;90391,91141
360;95682,96087
3600;96116
36000;96142
360004;96155
360123;96169
360153;96183
3602;96197
3602299392;96209
360249;96226
360428;96240
360486461;96254
3605;96271
360519700;96283
360523299;96300
360538;96317
360607;96331
360622;96345
36065663;96359
3606619835;96382
360731078;96399
3608;96416
360804366;96428
360807218;96445
3608598;96462
3609;96477
360909;96489
360981045;96503
360deg;96520
360j;96534
360th;96635
361;96648,96660
3610;96810
361038;96822
361099;96836
361166941;96850
361169593;96867
361173258;96884
3612;96901
3612357;96913
36134270;96935
361360142;96951
361361854;96968
361362568;96985
361408;97002
3615;97016
361534;97029
361571742;97043
361573829;97060
361575017;97077
3616;97094
3617;97106
3617095649;97118
361813;97135
36187;97149
3619;97162
361978403;97174
361979096;97191
361981068;97208
3619893;97225
361aa;97268
361st;97282
362;97295,97323
3620;97471
362034;97483
362166675;97497
362168460;97514
362170392;97531
362332696;97548
3624;97565
362507;97577
362572;97591
362576;97605
362598;97619
36271244;97633
36273;97648
36275;97661
362864;97674
362877;97689
3629;97703
362941;97715
362953;97729
363;97743,97919
363117;97947
363140;97961
3631452454;97975
363194;97993
36324531;98007
363354;98022
36338;98036
363441;98049
36347308;98063
363575;98086
3635939;98100
3636;98116
363731;98128
363792;98142
363800;98156
36391737;98170
36397;98186
364;98199,98253
3640;98440
364033;98452
3641;98466
364162;98485
364288085;98499
3643;98516
3643200099;98528
3644214;98545
36454f;98560,98583
36457;98634
364597;98647
364670;98661
364679;98675
3647;98689
364716;98701
364727;98715
364748823;98729
364749781;98746
3648;98763
364853286;98775
364854157;98792
364854520;98808
364856859;98825
364857;98842
3649;98856
364927501;98868
364929627;98885
364937;98902
364966;98916
365;98930,98958
365099727;99171
365170;99188
36532;99202
365324502;99215
365337;99232
365349;99246
3654;99260
365437;99272
365532;99286
365578;99300
3657;99314
365707;99326
36573;99340
365757;99354
365788;99368
365887;99382
365916470;99396
365940;99413
365941;99427
365978;99441
365against;99455
365day;99474
365f91;99489
366;99517
3660;99638
366043;99650
366085;99664
366099095;99678
366101008;99695
366123;99712
36614b;99726
366261;99741
36632;99755
366360;99768
366417;99782
366450571;99796
366451768;99813
36648b;99830
366508;99844
3666;99858
366601;99870
366634;99884
366654493;99898
366657614;99915
366660483;99932
366665;99949
366667;99963
366673025;99991
3667;100008
366710665;100020
3668;100036
366884928;100048
366888174;100065
367;100082,100102
3670291305;100264
367043;100281
36705017;100295
367073;100310
3671217561;100324
3672;100341
367248508;100353
3673;100370
367301154;100383
367307;100400
367307741;100414
367329;100431
36735731;100445
367401;100461
367405901;100475
367409;100492
367610204;100506
367611;100523
367623;100537
367710;100551
367764;100565
367774327;100579
36779;100596
367828;100609
36784;100623
367859590;100636
367864169;100653
36788;100670
3679;100683
3679408431;100696
367943;100713
368;100727
3680117;100940
36805181;100955
368235;100971
3683;100985
368427;100997
368490243;101011
368497661;101028
368538;101045
36855152;101059
368691323;101075
368744;101092
36882;101106
368843;101119
368884315;101133
36892173;101150
368992;101175
369;101189,101201
3691;101373
369129;101385
36917;101400
369183;101413
369255;101427
369297;101441
369342;101455
369367;101469
3694;101484
369446114;101496
3695106208;101513
369541014;101530
369549;101547
369625;101561
36973786;101575
369814499;101590
369817724;101607
369818138;101624
369818482;101641
369830457;101658
369930;101675
369th;101689
36ah;101709
36ef;101721
36er;101733
36pt;101745
36px;101757
36th;101776,101797
36v;101920
37;101931,102760
370;106978,107244
3700;107264
3700121458;107297
37001896;107315
3701159954;107330
370161;107347
37030;107361
370392;107381
37046;107395
3705;107408
370583;107420
37066792;107434
370px;107450
371;107463,107610
371030;107622
37108;107636
3710902631;107649
371136;107666
371159;107680
3711r;107694
371315;107707
371452;107721
371563320;107735
3715852;107752
371604660;107767
371701;107784
371780631;107797
371796;107814
37181;107828
371815470;107841
371862138;107858
37198;107875
372;107888,107924
3722393;108073
372318;108088
372341;108102
3724;108116
372402;108128
372421;108142
372467;108156
372478;108170
3725;108184
372505;108196
372509;108210
372555;108224
372627;108238
3726858795;108252
372726;108269
372776;108283
37280280;108297
372810;108313
372887;108327
372940;108341
372986;108355
373;108369,108413
3730320231;108543
373043;108562
373051;108576
373081;108590
373135;108604
373177;108618
373184;108632
3732;108646
373314;108658
373356;108672
373413;108686
373577;108700
373638;108714
373692;108728
3737;108742
37374653;108753
373751;108769
373756;108783
37376;108797
373783;108810
37381;108824
373875;108837
373rd;108851
374;108864,108884
3740;109051
374054631;109063
3740775287;109080
37413037;109097
374142;109112
374207799;109126
374381204;109143
374493;109160
37452;109174
374535;109187
374545635;109201
374630;109217
37463093;109231
3746905;109255
3747;109270
374775;109282
37483806;109296
3749;109312,109325
374926655;109337
374928070;109354
37498035;109371
375;109394,109454
3750168383;109665
3750619;109682
3750895;109697
37522;109712
3753;109725
37530947;109737
375324;109752
3754473031;109766
375450;109783
37550831;109797
375519;109812
375614;109826
375793;109840
3758;109854
375834;109880
375908;109894
375946;109908
375px;109922
375th;109935
375x375px;109948
376;109965
376011;110158
376083;110172
3762;110186
376350;110198
376411;110212
376431;110226
376550740;110240
37656;110256
376629;110269
376660221;110283
376660821;110300
376675;110317
37668104;110331
376740;110347
3768;110361
376812;110382
376881;110396
377;110410,110581
377029;110601
3770864308;110615
3771gt;110632
3772;110646
377205;110658
3772277;110672
3773;110687
377309958;110699
377316;110716
377365;110730
377377;110744
377381;110758
377382440;110772
377464;110789
377480;110803
37749338;110817
37756;110832
3775728027;110845
377573472;110863
3776;110880
377613;110892
377636;110906
377666;110920
377708;110934
377712;110948
377728;110962
377731;110976
377734266;110990
3777439617;111007
377754;111025
377796;111039
37789;111053
377892;111067
377892135;111081
3778933883;111098
377918;111115
377949;111129
378;111143,111155
378136;111290
378139;111304
378178;111318
378250;111332
3783;111346
378342;111358
378387;111373
3784;111387
378429;111399
37861466;111413
378731;111428
378757;111442
378791215;111456
3787983;111472
378845;111487
378899;111501
378906;111516
378910;111530
3789283908;111544
378929201x;111562
37893;111580
3789480925;111593
378975;111610
379;111624,111668
379002;111873
3790315;111887
379032;111902
3790410459;111916
379105;111933
3791339603;111947
3791343129;111965
3791345208;111983
3791346892;112001
379162;112019
37919;112033
3792;112053
379201;112065
379223;112079
379238;112093
379299;112107
379303;112121
37931633;112135
379353;112150
3793767393;112164
3794;112181
379414;112193
3795;112207
379520;112218
379700;112232
37983082;112246
37983134;112261
37983165;112276
37983217;112291
37983230;112306
37983250;112321
37983259;112336
37983280;112351
37984053;112366
3798886;112381
37b;112396
37th;112414,112427
37x145mmr;112556
37z;112574
38;112585,113319
380;117833,117861
3800;118033
3800731897;118066
38015270;118083
3802;118099
380245;118111
380398595;118125
380405;118142
3804078996;118156
380436;118173
38048277;118187
380516125;118203
380573;118220
380585046;118234
380611;118251
3807;118265
38070992;118277
380749;118293
380848;118307
380856;118321
38087;118335
380959;118349
380989;118363
380px;118377
381;118391,118419
381021357;118660
381031;118677
381035;118691
3811;118705
381104;118718
381126;118732
381138;118746
381149;118760
381204632;118774
381206309;118791
381207;118808
381237;118822
38124;118836
381241;118849
381287;118863
381294;118877
3813035;118891
381306;118906
381327303;118920
381328055;118937
381344;118954
381378;118968
381400895;118982
381428;118999
38154749;119013
381561;119029
381578836;119043
381580;119060
381581972;119074
3815962374;119091
3816201635;119108
3816209015;119126
3816215529;119144
3816218945;119162
3816225975;119180
3816228319;119198
3816236455;119216
381667;119234
381695;119248
3817;119269
3817003322;119281
3817006070;119299
3817008314;119317
3817016732;119335
3817019942;119353
3817024802;119371
3817034832;119389
3817042424;119407
3817045790;119425
3817051364;119443
3817054884;119461
381718;119479
381780039;119493
381782511;119510
381790;119527
381961621;119541
381963019;119558
381964564;119575
382;119592,119604
382004;119747
382050;119761
382092;119775
382118;119789
382164;119803
382169684;119817
382175500;119834
382176478;119851
382236;119868
3822656572;119882
382301;119899
382359598;119913
382448717;119930
382469;119947
3825379014;119961
382556180;119978
382618;119995
38262936;120009
382648042;120025
382771721;120042
382847;120059
382851;120073
382874;120087
382896;120101
38290;120115
382900;120128
3829056323;120142
382946305;120159
382951117;120176
382961;120193
382969726;120207
382971664;120224
382988;120241
38299;120255
383;120269,120435
3830;120447
383024;120458
383030;120472
383034;120486
383072;120500
3831;120514
383138652;120526
383144;120543
383156;120557
383202;120571
383209;120585
383270;120599
3832960;120613
383308;120628
38331;120642
38332;120655
383333;120668
383347;120682
383366;120696
383419;120710
383430;120724
383446;120738
383472;120752
383476;120766
383484;120780
383503;120794
38350903;120808
383617;120825
38364107;120839
383762;120855
383770;120869
383808;120883
383824;120897
38383;120911
383862;120924
383945;120938
383961;120952
383984;120966
384;120980,121000
3840;121205
38400498;121230
384026;121247
384033;121261
384075;121275
384087;121289
384094;121303
384101975;121317
384109;121334
384111037;121348
384163;121365
3842;121379
384262;121391
3843153119;121405
384319;121422
384369098;121436
384388;121453
384392;121467
384441;121481
384471520;121495
384476;121512
384476591;121526
384521;121543
384548;121557
384561919;121571
384583;121588
384624;121602
384632;121616
384644;121630
384682;121644
384724;121658
384742929;121672
384828;121689
38485088;121703
384872;121719
3848746;121733
3848888;121755
384899;121770
384987;121784
384988;121798
385;121812,122023
3850;122051
385006;122063
3852;122077
385204;122089
385223;122103
385227;122117
3853;122131
38536;122143
385365;122156
3853824735;122170
385422;122187
3855;122201
385506;122220
385567;122234
385586;122249
385693;122263
38571;122277
385765;122290
385769;122304
38577;122318
38577247;122331
38583337;122346
38583751;122361
385917915;122376
3859546185;122393
385983;122410
386;122424,122547
386082;122583
3861;122597
386101;122610
386116;122624
386177;122638
38618996;122652
38622015;122668
38625801;122684
386341;122700
3864;122714
386497;122742
386620;122756
386630019;122770
386632427;122787
386634462;122804
38666081;122821
3866781665;122837
38671219;122855
386726;122871
386734967;122885
3868282405;122902
38686840;122920
3869;122936
386990;122962
386991339;122976
386996873;122993
387;123010,123030
3870;123213
38704;123225
38704491;123238
387054;123253
387108060;123267
387119;123284
387192;123298
387201714;123312
387202813;123329
387206753;123346
387208130;123363
38724;123380
38726;123393
387272700;123406
387329;123423
387390;123437
3874;123451
387455;123470
3875;123484
387505;123503
387550;123517
387566;123531
387570;123545
38757065;123559
38758662;123575
38758694;123591
387642;123607
38768545;123621
38769352;123637
38772103;123653
38775035;123669
387829;123685
387836;123699
38788799;123713
387897;123729
38789788;123743
387905;123759
388;123773,123785
388016;123942
388084;123956
38813405;123970
38814207;123986
388172;124002
3882;124016
388210;124028
388260;124042
388294;124056
388325;124070
3884;124084
388443;124117
388468376;124131
388468830;124148
38849437;124165
3885;124182
3885225;124194
388538;124209
3885716796;124223
388580;124240
38858360;124254
38858511;124270
388674190;124286
388676;124303
3887;124317
388733;124334
388828;124348
388863;124362
388897;124376
3889;124390
3889328;124402
389;124417,124445
389015;124617
389168;124631
389198;124645
3892;124659
389250;124672
389294;124686
3893;124700
38933410;124712
3894182;124728
389427;124743
3894348;124757
3895;124773
38953;124784
38953937;124797
3895558591;124813
389557;124830
389587;124844
3896210874;124858
389713;124876
389855145;124890
38986405;124906
38987;124922
389877;124935
3899133374;124949
3899853308;124967
38b;124985
38h;124997
38th;125008
38z;125096
39;125107,125929
390;130271,130291
3900;130487
39000;130499
390064;130513
39008172;130527
390087;130543
3901474938;130557
390198;130576
3902;130590
3902251;130601
390240;130616
3903;130630
3903080523;130643
39031766;130660
3903273;130676
39038;130691
390392;130704
390438;130718
390483;130732
3905;130746
39058271;130757
390656;130773
390690;130787
3907;130801
390724;130813
390732;130827
390751;130841
390754225;130855
390823;130871
39082542;130885
390857;130901
390865;130914
390949;130928
390965430;130942
390966628;130959
391;130976
3910;131115
391003;131134
391033;131148
391038243;131162
391056;131179
391068;131193
391113;131207
391144;131221
391150040;131235
3912;131252,131265
391240176;131277
391251;131294
3912950158;131308
391331;131325
3913652;131339
391373;131354
391376;131368
391411910;131382
391438;131399
391473055;131413
391476;131429
391499;131443
3915;131457
391514;131476
391518;131490
3916;131504,131517
391602;131529
391613;131543
391624;131557
391627347;131571
391629715;131588
39164;131605
391667;131618
391670;131631
391724;131645
391725971;131659
391728878;131676
391747;131693
391792;131707
3918;131721
39182;131742
391822262;131755
391884;131772
391919186;131786
391920924;131803
391941;131820
391968;131834
391975;131848
391979;131862
391991;131876
392;131890
392015778;132036
392021229;132053
392037788;132070
392107313;132087
392113;132104
392115922;132118
392116785;132135
392120;132152
392143;132166
3922;132180
392200486;132192
392216;132209
39223;132223
392269;132236
392319;132250
3923656046;132264
392387;132281
392395;132295
392406;132309
392418;132323
392456;132337
392460;132351
392494;132365
392540;132379
392563;132393
392597;132407
3926;132421
39268;132433
39268710;132446
392708;132462
3927485462;132476
392754;132493
392761;132507
392769;132521
392792;132535
392811;132549
392815;132564
392841;132578
392857;132592
392868;132606
3929115581;132620
392929;132638
392944;132652
39294451;132666
392963;132681
392997;132695
392nd;132709
393;132722,132884
393002;132904
393005;132918
393028;132932
393044;132946
393066;132960
393074;132974
393082;132988
393101;133002
393108;133016
393116;133030
393155;133044
393158;133058
393200;133072
393250;133086
393265;133100
393272;133114
393291;133128
393299;133142
3933;133156
393311;133169
39333391;133183
393363380x;133198
393383;133216
39341244;133230
393463;133246
3935116;133260
393528;133275
393544675;133289
39356130;133305
39358611;133321
3936;133337,133350
393620;133369
39362025;133383
393631;133399
393646;133413
393684;133427
393685835;133441
393689602;133458
3937;133475
393700;133494
393723;133508
393745;133522
393761;133536
393783884;133550
393833;133567
3938401;133581
393848;133596
393852;133610
393856;133624
393864;133638
393871;133652
393876412;133666
3938821336;133683
393883;133701
3939;133715
3939363658;133734
393992503;133751
393c;133768
393d;133780
394;133792,133812
3940056014;133961
3940056081;133979
394039;133997
394062327;134011
394081;134028
39408224;134042
394142;134058
394146;134072
3942;134086
394241;134098
394264;134112
394318;134126
394363;134140
39438;134154
394497;134167
394543;134181
394581;134195
3946;134209
394627;134219
394688;134233
3947;134247
394711;134259
394733;134273
394798;134287
394863;134301
3948835135;134315
39493;134332
3949922621;134345
394993;134362
394997;134376
395;134390,134410
3950;134592
395004;134604
395016;134618
395023;134632
395027;134646
395054;134660
395184;134674
395271;134688
3953;134702
395302;134714
395306;134728
395331;134742
395370;134756
3954;134770
395405;134782
39541;134796
395416;134809
39545;134823
395470;134836
395557;134850
395573;134864
395626;134878
39570;134892
39571;134905
395725;134918
39576;134932
39577;134945
395794;134958
3958;134972
396;134991
396053;135173
396065;135187
3961;135201
396118;135213
396133;135227
396141;135241
396164;135255
396248;135270
3963;135284
396332;135303
39637691;135317
396400;135332
39641;135346
396412;135359
396484;135373
396492;135387
3965;135401
396519;135413
396557;135427
396572;135441
396585465;135455
396599;135471
396601627;135485
396602972;135502
396609400;135519
396610;135536
396626;135550
396641;135564
396652;135578
396675;135592
396690;135606
396694;135620
3967;135634
396732;135646
396748;135660
396770;135674
396793;135688
396799186;135702
396805;135719
396824;135733
396825713;135747
396826975;135764
39687645;135781
396893;135796
396895751;135810
396896;135827
396897191;135841
3969;135858
396900;135870
396969;135884
397;135898
397072;136072
397141;136086
397167;136100
397274;136114
3972855806;136128
39734;136145
397404;136158
397457;136172
3974654675;136186
39749096;136203
397518;136227
397549;136241
397552;136255
397579;136269
39759517;136283
397602;136298
397636;136312
397690249;136326
397709;136343
397713;136357
397719051;136371
397775203;136388
397776954;136404
397781483;136421
3978;136438
397808;136450
397865;136464
3979;136478
397919;136497
39793201;136511
397984780;136527
397d;136544
398;136555,136591
3980;136698
398003;136710
398075;136724
398186;136738
398201;136752
398328669;136766
398333812;136783
398335170;136800
398342;136817
39838;136831
3984;136844
398431585;136856
3985001;136873
398518;136888
398552;136902
39858322;136916
3986;136942
39861;136954
398682;136967
398697;136981
398754;136995
3987995386;137009
398822;137026
39885954;137040
398876;137056
39888293;137070
3989532;137085
399;137100,137128
3990;137291
399014;137303
399129;137317
399181;137331
3992;137345
3993;137364
399319;137376
399323;137390
3995;137404
399509;137416
399529;137430
399784;137444
39997;137458
39d;137471
39th;137483,137512
3a;137594,137613
3a0000729;137764
3a19711972;137781
3a23e2;137799,137814
3a250px;137905
3a7;137920
3aa;137931
3aaa3a;137942
3aal;137957
3aalain;137969
3aalan;137984
3aalex;137998
3aall;138012
3aapk;138025
3aarmi;138039
3aarticl;138053
3abb;138069
3abnhs05;138080
3abnhs2a;138096
3abnhs3a;138112
3abni;138128
3abno2007;138141
3abnt;138158
3aboa;138171
3aboaky;138184
3aboard;138199
3aboard2;138214
3abook;138230
3abridget;138244
3acecep;138261
3achas;138276
3acherish;138290
3aclos;138307
3adal;138321
3adbsts2;138334
3adiamond;138350
3adiana;138368
3adipankar;138384
3adirt;138402
3adoi;138416
3adonovan;138438
3adr;138455
3adt;138467
3aebg;138479
3aeddi;138492
3aeveryday;138506
3afil;138524,138538
3agertrud;138607
3aghost;138624
3agorillaz;138639
3ahood;138657
3ain;138669
3akev;138681
3akey;138694
3akonidela;138707
3aks;138725
3akula;138737
3alaura;138751
3alendi;138767
3alondon;138783
3amadelin;138806
3amartin;138823
3amemphi;138839
3ami;138855
3amost;138867
3amtx;138879
3anerga;138892
3anotlah;138908
3ao;138925
3aoff;138935
3aofi;138946
3apass;138959
3apolybiu;138973
3ari;138988
3asawmil;139000
3asearch;139016
3aserg;139032
3asid;139046
3asingl;139059
3asnowden;139074
3asosvdrew;139091
3aspeci;139109
3asweetbox;139124
3ath;139142
3atwist;139161
3aveneri;139176
3awrit;139190
3ayudik;139204
3ayzf1000r;139220
3b;139239,139250
3b2;139288
3b3d;139300
3b444b;139311
3bd0;139325
3bdulelah;139338
3bhk;139355
3c;139367
3c02;139385
3c159;139397
3cb;139411
3ctag;139423
3d;139436,139487
3d4a67;139682
3d6;139696
3d62410f22;139707
3d6a;139725
3d6p;139737
3d7;139749
3d7a;139760
3d7p;139772
3d8;139784
3dcd;139795
3dec;139807
3deep;139819
3delight;139832
3den;139847
3df;139866,139878
3dflow;139889,139904
3dsmobil;139918
3dve;139935
3e;139946
3e2;139971
3edisast;139983
3em;140000,140077
3esewol;140510
3ex;140525,140537
3f;140623,140658
3fa;140710
3fam;140720
3family6;140760
3fb2ad;140783
3fg;140798
3final;140822
3flang;140836
3fm;140857
3gg5amp1;140876
3gpp;140891
3h;140903,140922
3ho;140965
3i;140981
3j5201;140991
3j5202;141005
3j5203;141019
3j5204;141033
3j5205;141047
3j5206;141061
3j5207;141075
3j5208;141089
3j5209;141103
3j5210;141117
3j5211;141131
3j5212;141145
3j5213;141159
3j5214;141173
3j5215;141187
3j5216;141201
3j5217;141215
3j5218;141229
3j5219;141243
3j5220;141257
3j5221;141271
3j5222;141285
3k;141299
3mt;141309
3n;141321
3name;141331
3niti;141345
3o;141359
3ot;141369
3p;141380,141391
3pfgm;141436
3px;141449,141629
3q;142581
3qr;142592
3r;142604,142623
3rd;142669,144405
3rdplace;144689,144706
3rdwhale;144743
3rr;144759,144780
3rrn;144831
3rrnb;144842
3s;144855
3split;144871
3unsourc;144886
3v;144902
3x;144912
3x3;144936
3x4;144947
3xlp;144957
3xplatinum;144969
3y;144988
3yo;144998
