70;0,51
700;326,362
7000;436
700020;467
700049;480
7001;494
700104;505
70114;518
7018;532
702;545
7032;556
704;568
705;579
707;590
709;608
709317;619
70mce;632
70px;645,658
70th;670
71;682,725
710;928
710000000;939
71000780;956
710616;973
711;986,1006
711387;1017
712;1031
7126485887;1077
713;1095
714;1106
715;1116
717;1134
71898;1144
719;1157
71b8ff;1175
71st;1190
72;1202,1245
720;1706,1718
7204422;1743
7205;1758
7206;1770
720p;1782
721;1801
722;1819
7220793;1837
723;1853
724;1871
725;1882
7250;1899
726;1911,1923
7264;1934
727995;1946
728;1960
729580;1971
72nd;1985
73;1997,2008
730;2298
73000251;2318
73001554;2334
73057191;2350
731;2365
73110;2376
7339;2389
734;2401
735;2425
736;2445
7365;2456
7365527;2468
736667;2483
738;2497
7381;2507
73992;2520
73rd;2533
74;2559,2642
740;2840
74001855;2865
74001856;2882
74001984;2899
7403;2915
741;2927
741126;2938
741r;2953
7429;2965
743398;2977
744;2990,3002
745;3034
7461;3046
747;3058
748;3069
749;3080
7499;3091
74th;3103
75;3122,3472
750;3499,3511
7500;3550
75056;3562
751;3575
754;3585
754733;3608
755;3622
75773;3633
757944;3646
7585;3661
759;3673
75px;3684
75th;3703
76;3721,3796
760;4123
76000671;4141
762542;4157
7638;4170
764;4182
765;4193,4205
7650;4215
766;4227
7666;4238
76732;4251
768;4265
768798;4276
769;4291,4303
769cbb;4314
76th;4329
77;4348,4367
770;4611
7700;4622
77000204;4641
77001221;4656
7706;4673
771;4685
7729;4696
7730;4708
7734555;4720
7736;4736
774;4749
775;4767
77648693;4785
777;4800
779;4811
779447;4822
77th;4836
78;4848,4875
780;5147
78000208;5159
78000517;5175
78000633;5191
78001867;5207
78002506;5223
781;5240
78112;5251
7814;5264
7816;5273
782;5285,5297
782531;5308
7826151;5322
784;5338
78432;5349
785;5362
7854;5380
786;5392
7865828;5416
7869;5431
787;5443
789;5461
7890;5479
78b7;5491
78c;5503
78th;5514
79;5526,5721
79000273;5912
79000407;5928
79001987;5944
791217;5961
792;5975
795439;5986
7960;6000
796213;6012
79704;6026
799;6039
7996e2;6050
7aa;6064
7bz;6075
7cc9;6086
7dj;6098
7e;6109
7e3;6119
7f38ec;6130
7f7f7f;6144
7imag;6158
7ja;6171
7q;6182
7s;6191
7th;6201,6237
7v;6406
7v5;6416
