10;0,19
100;50
1000;59
100062551;70
1003029;87
100632;102
100835;117
100th;132
101;146
1014365;157
101830;173
102323;188
102371;201
102380;214
102500;227
103115;241
10327;255
103741;268
10426503;282
104316;299
1044557;313
104493;328
104531;342
1054677;356
1059365;371
106;386
106080;397
1064567;411
1068599;426
107236;441
107664;455
10801;469
10816;481
1085951;495
10880;510
1095011;523
109770;538
10th;551
11;589
110024;620
110310;634
110336;648
1104191;662
110th;677
1110850;690
1113;705
1114497;717
11158;733
112;747
1123265;758
11247;773
1139203;786
11393;800
113th;813
114;917
11486;928
11488116;941
11507;957
115159;970
115552;983
1155957;997
11562;1012
11564;1025
115680;1038
115933025;1052
116230789;1069
116350873;1086
116cde79;1103
117;1119
1173146;1131
117320;1146
117329;1159
1176728;1172
1177747;1187
118;1200
118204;1211
11847;1225
118525700;1238
11860645x;1255
118702424;1272
11903;1289
11911;1302
11913;1315
1192431;1328
119311194;1343
11th;1360
12;1372,1383
120;1420
1200;1431
120160;1443
120284039;1457
1203;1475
12080;1487
121;1501
1212;1512
121491;1524
121583346;1539
1218392;1556
122;1571
12209;1582
122468082;1596
122728;1613
12325;1627
1235790;1640
12409;1655
1249160;1668
125;1683
125055;1700
12510;1714
1252367;1727
12586;1742
126553;1755
1268;1769
12695;1782
1277715;1794
128140;1809
128518921;1823
12855;1840
1286;1853
128977;1865
129;1879
12913;1890
129319;1902
1294664;1916
129516;1931
13;1945,1956
1300265;1994
1304873;2010
131;2025
132049;2036
132334;2051
1347072;2065
13535;2080
1360209;2093
1361;2107
136174;2120
1369559;2134
1369570;2149
1371;2164
137235;2177
137263;2191
138441;2205
13861;2220
138755;2233
139314;2247
1394661;2262
1394968;2277
13abc;2292
14;2305
1401;2336
14015;2348
1401730;2361
1405406;2376
1407940;2391
141;2406
14103;2417
141364785;2430
1417;2447
1418205;2460
1418251;2475
14200;2490
1422776;2503
1431080;2518
143407;2533
1435448;2547
14361;2560
14371;2573
143848;2587
144297;2600
144652;2614
14466;2628
144802;2642
144975;2656
145;2670
14572;2682
146032;2695
146729;2710
14704;2724
14742;2737
148142;2750
148682;2764
14882;2778
149253;2791
14973;2805
15;2818
150032;2870
15004157;2884
1501;2900
1504;2912
150722;2924
150th;2938
1513082;2949
1513667;2964
15138;2979
1521166267;2992
1522296;3010
152845;3025
154902;3039
155421;3054
155523;3068
1555427;3083
155696;3098
1561755;3112
156361;3127
156402;3141
156541;3156
1566938;3170
157281;3185
15817;3199
15835;3213
158592;3226
159;3240
159377;3251
1599;3265
16;3278,3297
160;3314
160428;3326
1604589;3341
161;3356
16136;3368
162044;3381
16221;3395
16246;3408
162543;3422
162639;3436
1636;3450
16404;3463
16478;3476
16518;3489
165237;3502
165274;3516
165515;3530
165630;3545
165653;3559
1680105;3573
16805;3588
16823;3601
16827;3614
168980;3627
169170;3641
169276;3655
169733;3669
1699158;3683
169ufpa;3699
16h;3714
17;3725,3736
1703;3774
170895;3786
170983;3799
1729202;3814
173009;3829
173018;3844
1740159;3858
17425;3873
1754436;3886
1761;3901
177675;3913
178694;3927
1788;3941
1793;3953
179655;3966
1799176;3980
18;3995,4014
1800;4036
1800372;4048
1801;4064
1810;4076
1812;4088
1816;4100
1817;4112
18193;4125
1819769;4138
182;4153
182508;4165
1829;4179
1831;4191
1836;4202,4215
1840;4227
1841;4239
1842;4272
1843;4305
1846;4317
1847;4329
1847558;4347
1848;4362
1849;4374
1851;4386
1853;4398
1854;4410
185409;4423
185945;4437
18623;4451
1863;4464
186344;4488
18688;4502
1870;4515
1872;4528
1873;4547
187461;4559
187780;4574
18796;4588
187998;4601
1880;4615
18818;4626
1883;4639
1885;4651
1886;4663
1887309;4675
1888;4690
1888075;4702
18882;4717
1889;4730,4743
1890;4755
1891;4768
1891137;4780
1892;4795
1893;4814
1894;4833
1895;4845
189523;4871
1896;4885
1897;4897
1898;4909
19;4921,4932
1901;4975
1903;5022
1906;5041
19075;5067
1908;5081
1910;5093
1912;5105
191201;5117
1913;5131
1914;5142
1915;5152
1919;5171
1920;5190,5203
1922;5215
192289;5227
1928;5242
1929;5253
1929278;5265
1932;5280
1934;5306
1934208;5318
1935;5334
1936;5346
1937;5358
1938;5370
1941;5383
19433;5395
19434;5409
1944;5423
1945;5449
1946;5468
1947;5480,5493
1947920;5519
1948;5534
1949;5553
1949008;5592
1950;5608
1951;5627
1953;5653
1955;5671
1956;5683,5696
1956630;5707
1959;5721
1961;5732,5745
1963;5764
1964;5775
1965;5787
1966;5806
1967;5839,5852
1968;5864
197;5883
1970;5894
1971;5920
19715;5932
1972;5945
1973;5957
1977;5969
197849;5981
1979;5995
1980;6014
1981;6032
1982;6053
1983;6079
1984;6098
1985;6111,6124
1986;6136
1988;6155
1989;6168
1990;6180,6193
1992;6219
1993;6238,6251
199315;6270
1994;6284
1994585;6296
1994588;6310
1994590;6325
1996;6340
1998;6359
1999;6371
19th;6383
1a;6395
1b;6405
1st;6415
