1 0;0
1 jpeg;18
1 jpg;32
10 000;46
10;67
100;131,159
1000;233
100th;273
102 jpg;286
108;299
10th;310
11;329,348
110;386
1100;411
113th;423
11th;443
12;455,466
125;503
1256;514
126;526
1286;537
129;549
1290;560
13 3;572
13;585,596
130;648,660
1319;671
1377;683
1396;695
1399;708
13th;719
14;731,750
1401;795
1425;814
1437;827
1442;840
1443;852
1446;864
1456;877
1460;890
15;902,913
150;951
1500;962
150th;981
1520am jpg;995
15th;1013
16;1025
161;1063
1616;1073
169;1085
17 jpg;1096
17;1111
1705;1147
1727;1159
172d;1171
173;1183
174;1194
1793;1204
1796;1217
18 jpg;1229
18;1244
1808;1328
1814;1340
182;1352
1824;1363
1832;1375
1839;1387
1840;1399
1862;1411
1865;1423
1866;1435
1874;1454
1883;1466
1885;1485
1891;1497
1893 jpeg;1509
1893;1525
1896;1537
1899;1549
18th;1562
19 jpg;1575
19;1590
190;1669
1901;1680
1908;1698
1910;1716
1912;1727
1913 jpg;1739
1914;1755
1915;1768,1781
1917;1793
1919;1805
192;1824
1920;1835
1922;1847
1923;1873
1924;1885
1925;1897
1927 png;1909
1929;1925
1930;1943
1931;1962
1932;1981
1933 jpg;2000
1933;2016
1934;2048
1935;2061,2074
1936;2113
1937;2132
1938;2157
1939;2175
194;2199
1940;2210
1941;2236,2249
1942;2274
1943;2320
1944 jpg;2332
1944;2348,2361
1945;2401
1946;2420
1947;2439
1948;2486
1949;2525
1950;2558,2571
1951;2590
1952;2609
1953;2621
1954;2633
1955 png;2645
1955;2660
1956;2672
1957;2691
1959  jpg;2717
1959 jpg;2732
1959;2748
1960;2759
1961;2778
1962  jpg;2825
1962;2842
1963;2874,2887
1964;2906
1965 jpg;2960
1965;2976
1966 jpg;3016
1966;3032
1967 ogg;3043,3068
1967;3084
1968;3110,3123
1969 jpg;3135
1970;3151
1971;3164,3177
1972;3210
1973 jpg;3229
1973;3245
1974;3257
1975 jpg;3268
1975;3284
1976;3302,3315
1977 jpg;3340
1977;3357,3370
1978;3402
1979;3435
1980;3454,3467
1981 jpg;3507
1981;3523,3552
1982;3590
1983;3628
1984;3672
1985;3705,3726
1986;3759,3772
1987;3845
1988;3864,3877
1989;3917,3930
1990;3975,3988
1991;4042
1992;4068,4097
1993;4144,4157
1994;4195
1995;4240,4253
1996;4299
1997;4331,4376
1998;4401,4414
1999 jpg;4454
1999;4471,4596
19th;4961
1st;4973,4993
