80;0,550
800;3477,3658
8000;4462,4493
80000;4547
800000;4560
8000000;4631
80000674;4646
800066;4662
800080;4676,4723
800122;4878
800163;4892
800182335;4906
80019;4924
80021;4944
800242696;4964
80027;4982
8002893329;4996
8003;5013,5026
800346;5038
80039275;5052
800430;5067
80044;5081
800485;5094
8005;5108
800735;5121
8008;5135,5148
800835;5160
800850;5174
800890685;5188
800px;5204
800th;5217
801;5244
80101755;5366
801028;5382
801079;5396
801178;5410
801232935;5424
801239;5440
80125;5454
8014;5468
801468;5486
80149;5500,5514
80152066;5534
801559;5550
80158;5564
801620;5577
8017;5591
80176;5603
80177049;5617
80177100;5633
8018;5649
801818;5661
801966665;5675
80199;5691
802;5711,5731
8020;5861
802086;5887
8021;5901
802101;5913
80214957;5927
80219;5943
80222;5957
802307;5970
802353;5984
80238;5998
80239;6011
802399;6025
80241;6039
80246;6053
80259;6067
80262;6080
8026335;6094
8028;6110
8029;6122
80291;6135
80299;6148
803;6162,6174
8031;6240
8031540513;6253
8032;6270
803207;6281
80325;6295
80332;6308
803398;6321
80345;6335
803452;6348
8035;6362
80351;6374
80356;6388
80371;6401
8038;6415
803802;6428
803932;6442
804;6456,6476
8040;6579
80401;6590
80402;6604
804092;6618
8041;6632
8042;6644
80423;6673
80424;6687
80430055;6701
80434;6716
80437;6730
804375;6744
80439;6758
804466;6770
804475;6784
804527;6799
804565;6813
804581;6827
8046;6841,6854
804649;6865
80465;6879
8047;6893
804703;6912
804718;6926
804733;6940
804756;6954
80478;6968
8048;6981
804863;6994
804893;7008
8049;7022
804909;7039
80490923;7053
804955;7068
804970;7082
805;7096,7124
8050;7224
805122;7237
80517;7251
80519;7265
805298;7278
805321;7292
805326;7306
80547;7320
805496;7333
805511;7347
805542;7361
80555;7375
805565;7389
805573;7403
805603;7417
80562401;7431
80564;7446
8056452274;7460
805672;7477
80569;7491
805740;7505
805779;7519
80578;7533
805794;7547
805817;7561
805855;7575
805862;7589
8059;7603
8059487;7615
80599;7631
806;7644,7664
80606;7751
806084;7764
806099;7778
8061;7792
80612;7810
80614;7823
8061466;7836
80615;7851
80616;7864
80617;7877
80618;7890
80619;7903
8062;7923
80620;7935
806213;7948
80622;7962
80625;7975
80626;7989
80629;8002
80630;8015
806458;8028
8065;8042
80655;8054
806580;8068
80663;8082
80665;8096
806656;8109
806664;8123
8067;8137
806703805;8150
80675;8166
806763;8180
8067646623;8194
8068;8211
806862;8244
806953;8258
80697;8272
807;8285
8070;8351,8372
807014;8384
807060;8398
807068;8412
8070742;8426
8071;8442
80715764;8454
80717;8469
807228;8482
807312;8496
807335;8510
807495;8524
8075;8538
807518;8550
807526;8564
807709;8578
807770;8592
807777;8606
8078;8620
807800;8633
807816;8647
807930;8661
80798401;8675
807th;8691
808;8704,8716
808000;8816
808080;8843,8858
808083;8943
8081;8957
808105;8970
808121;8984
80825406;8998
8083;9013,9026
808327;9045
80834639;9059
808395;9074
8085;9088
808502;9100
808540;9114
808556;9128
808578;9142
808594;9156
808723;9170
808800;9184
808823;9198
808868;9212
808891;9226
808c8e;9240
809;9253,9265
80904;9421
8091;9434
809204;9446
80922;9460
809242;9473
809273;9487
8094;9501
809418;9522
809464;9536
809692;9550
809722;9564,9579
8097509742;9593
809784;9610
809814;9624
809891;9638
809898;9652
8099051714;9666
809952;9683
809966;9697
80a0ff;9711
80cc33;9725
80ff00;9739
80k;9753
80px;9778,9799
80th;10064,10093
81;10152,10502
810;12175
8100;12283
810043;12302
81008499;12316
8101;12332
8102;12345
8102359;12357
8102593;12372
81029;12387
8103;12400
810417;12417
810448;12431
8105;12445
8105062;12463
810532;12478
810616;12492
81065;12506
8108;12519
81089151;12531
8109;12548
8109139204;12566
81094;12583
810989;12596
811;12610,12622
811012;12737
81105;12751
8112;12764
81121719;12776
811279;12791
81141;12805
8115;12818
811656835;12830
811676;12846
811737;12860
8118;12874
811913;12893
811951;12907
812;12921,12933
81200039;13049
81200045;13066
812057;13083
812061965;13097
8121714592;13114
8122;13131
812248;13150
8123;13164
8123089671;13176
812454;13193
81246;13207
8125536442;13220
81256;13237
812564015;13250
812675;13266
8129;13280
813;13292,13328
8130;13435
813034;13448
81306;13462
8131;13475
813171;13487
813202;13501
813292861;13515
8133;13531
813316;13550
813482207;13564
813497406;13581
813530756;13598
813532528;13615
813539068;13632
813539161;13649
813667;13666
81369;13680
813881;13693
813919;13707
814;13721,13741
8140;13853
814041;13874
81409;13888
8141;13901
814194;13913
8143;13927
814346;13939
81452;13953
8145487309;13966
814590;13983
814613;13997
814690;14011
8147;14025
81470847;14051
814728;14066
81473;14080
814804;14093
81484;14107
8148694634;14120
81488;14137
814911;14150
814d;14164
815;14175,14211
815048;14345
815163;14359
815201;14373
815231;14387
815239;14401
81528;14415
8153;14428
815323;14440
815331;14454
815349;14468
815376;14482
815384;14496
815392;14510
815414;14524
8155;14538,14551
81552;14563
8156;14576
815666;14594
815674;14608
8157;14622
81570;14634
815704;14647
815773;14661
815804;14675
81581;14689
815819;14702
815826;14716
815887;14730
815918;14744
81593;14758
815948;14771
815964;14785
815994;14799
816;14813,14849
8160;14950
816048;14962
816055;14976
816071;14990
816075;15004
8161;15023
816132;15035
816185;15049
8162;15063
81627;15075
816284;15088
816299;15102
816368;15116
81638;15130
816383;15144
8164;15158
816429;15170
816505;15184
816513;15198
81652745;15212
81652754;15227
816536;15242
816551;15256
8166;15270
816620;15282
816628;15296
81667;15310
8167;15323
8167268;15342
816826;15357
816917;15371
817;15385,15413
8170;15513
81700003;15526
817047;15543
81706;15557
81707;15570
817070;15583
8171269;15597
817139;15612
817177;15626
81717968;15640
817192;15655
81744;15669
817459;15682
8174896;15696
817551;15711
817581;15725
817612;15739
817642;15753
817657;15767
8177;15781
817703;15793
817719;15807
8178;15821
817863;15834
818;15848
818001;15934
818024;15948
818085;15962
818115;15976
818130;15990
81818;16004
818184;16017
8182;16031
818230;16043
818245;16057
81825912;16071
818260;16086
81827;16100
8184;16113,16126
8184230535;16138
8184230634;16156
818428;16174
818469;16188
818504;16202
81855;16216
818604;16229
818695;16243
818703;16257
818733;16271
818794;16285
818817;16299
8188331723;16313
8188582722;16330
818863;16348
818985;16362
819;16376
8190;16447
8190357936;16459
819153;16477
819234;16491
819252;16505
819275;16519
8192826509;16533
819313;16550
819321;16564
819427;16578
819443;16592
819511;16606
819534;16620
819565;16634
819593668;16648
819595;16664
819649;16678
819672;16692
819710;16706
8197111487;16720
819725;16737
819733;16751
819832;16765
819847;16779
819870;16793
819ff7;16807
81aa;16821
81ke;16834
81n;16846
81st;16857
82;16903,18472
820;18836,18930
8200;18958
82001244;18971
8200211169;18987
820045;19005
82009;19019
820091;19032
8201;19046
820122;19058
820152;19072
820274;19086
8203;19100
820389;19112
82047;19126
8204809;19139
8205;19154
820511;19165
820518;19179
820549;19193
820610;19207
820625;19221
820641;19235
820671;19249
820679;19263
820732;19277
820793;19291
820831;19305
82085;19319
820900;19332
82092246;19346
820953;19361
820969;19375
820984;19389
821;19403,19423
821053;19496
821091;19510
821121;19524
8212;19538
821236;19564
821304;19578
821370;19592
821411;19607
821548;19621
821625;19635
821632;19649
821659;19663
821678;19677
821693;19691
821709;19705
821716;19719
821763;19733
8218;19747
821808;19759
821815;19773
821831;19787
821846;19801
821899;19815
821915;19829
822;19843,19963
822029;19999
822090;20013
822105;20027
822113;20041
82211949;20055
822121;20070
822144;20084
822250;20098
822304;20112
82232;20126
8223899;20139
822426;20154
822441;20168
822456;20182
822487;20196
8225;20210
822502;20222
82251;20236
822527;20249
822540;20263
822617;20277
822678;20291
8228;20305
82280;20317
822884;20330
82289;20344
822914;20357
822952;20371
82296;20385
822968;20398
822975;20412
823;20426,20519
823051;20531
823059;20545
823090;20559
823105;20573
823120;20587
82321;20601
8232125;20614
823219;20628
823256;20642
823265;20656
823273;20670
823303;20684
823318;20698
823441;20712
82346;20726
823479;20739
82350907;20753
823555;20768
823557;20782
823563;20796
82361621;20810
82362;20825
823631;20838
823639;20852
823708;20866
823715;20880
823761;20894
8238;20908
823822;20919
823860;20933
823868;20947
82387;20961
823875;20974
82391;20988
823921;21001
823982;21015
824;21029
824051;21086
824059;21100
824066;21114
824089;21128
824120;21142
824127;21156
824165;21170
8242;21184
824219;21196
824242;21210
8242655993;21224
8243;21241
824303;21253
8243414;21267
824394;21282
824471;21296
82455;21310
824600;21323
824640;21337
8247;21351
824738;21364
824768;21378
82477;21392
824837;21405
82486;21419
824936541;21432
825;21448,21468
8250;21533
825005;21551
82502;21565
8250379;21578
82507;21593
8251;21606
825134;21618
82516;21632
825165;21645
825180;21659
8252;21673
825218;21685
8252471;21699
82531;21714
825348;21727
825371;21741
8254;21755
82544;21767
825445574;21780
82547;21796
825485;21809
825500;21823
825539;21837
82555;21851
82556;21864
825600;21877
825638;21891
82568;21905
825691;21918
825706;21932
825737;21946
82577;21960
825790;21973
825867;21987
825905;22001
825920;22015
826;22029,22041
8260;22140
826027;22152
82611;22166
826111;22179
826118;22193
82612;22207
826126;22220
826149;22234
826164;22248
826187;22262
8262;22276
826218;22289
826286;22303
826294;22317
82634;22331
826370;22344
8264;22358,22379
826530;22391
826584;22405
826614;22419
826622;22433
826636;22447
826660;22461
82666349;22475
8267;22490
826729;22502
826797;22516
826866;22530
826874;22544
826897;22558
8269;22572
827;22585,22597
827065;22669
82714224;22683
827156;22699
827171;22713
827286;22727
8273;22741
827301;22753
82732552;22767
827446;22783
82748;22797
827553;22810
8276035786;22824
827621;22841
827705;22855
827736;22869
827751;22883
82785;22897
82795;22910
827988;22923
828;22937,22973
828117;23107
828171;23121
828201;23135
828217;23149
828278;23163
82828;23177
828316;23190
828339;23204
828368;23218
828369;23232
8284;23246,23259
82843;23271
828445;23284
828468;23298
828484;23312
828568;23326
8285728;23340
8285730;23355
828583;23370
8286;23384
828629;23396
828651;23410
8286819;23424
8286826;23439
828804;23454
8288182;23468
828819;23482
82883;23496
828857;23509
828865;23523
828911;23537
82896;23551
829;23564
8290;23622
8291;23634
82913;23646
82923;23659
829239;23672
829247;23686
82926;23700
82927;23713
829285;23726
8293;23740
8293051;23752
829361;23766
829414;23780
829498;23795
8295;23809
829521;23821
829529;23835
82966;23849
829681;23862
829689;23876
829720;23890
82988;23904
8299;23917
829994;23928
82d;23942
82nd;23953,23966
82wg;23992
83;24004,24335
830;25972,26000
8300;26182,26195
830002;26207
83002159;26221
8301;26236
830101;26256
830185;26270
830208;26284
8302353;26298
830261;26313
830269;26327
830292;26341
830300665;26355
830338;26371
83042;26385
8304701;26398
8304708;26413
8305;26428
830505;26440
8305120;26454
8305126;26469
8306112;26484
830635;26499
83066;26513
830719;26526
830780;26540
8308772;26554
8308774;26569
8309572339;26584
831;26601,26621
83100013;26700
831055;26717
831078;26731
831093;26745
831123;26759
831146;26773
831169;26787
83119;26801
8312124014;26814
8313174248;26831
831345;26848
8314240;26862
831482;26877
831497;26891
831596;26905
8317;26919
8317007;26931
831807;26946
8319;26960
832;26972,26992
83200023;27077
83200064;27094
83200112;27111
83200120;27128
83200168;27145
83200210;27162
832069;27179
8322;27193
832222;27205
832397;27219
832489;27233
83253;27247
832611;27260
832672;27274
832893;27288
83291;27302
833;27315,27327
833038;27399
8330851197;27413
833199;27430
83324588;27444
833333;27459
8333626;27487
833412;27502
833427;27516
833435;27530
83348;27544
833519;27557
8336;27571
833763;27584
833778;27598
833801;27612
834;27626
834045;27713
8340927;27727
8340929;27742
8340985;27757
8340986;27772
834129;27787
83413;27801
834145;27814
834152;27828
834190;27842
834194;27856
834221;27871
8342345;27885
8342350;27900
834236;27915
8342390;27929
8342394;27944
834251;27959
83426;27973
834267;27986
834297;28000
834328;28014
834366;28028
834396;28042
834419;28056
834435;28070
834450;28084
8344529;28098
8344531;28113
834480;28128
834488;28142
834503;28156
8345252;28170
8345258;28185
8345445991;28200
83455;28217
834595;28230
834625;28244
83465457;28258
834671;28273
834755;28287
834763;28301
834785;28315
834801;28329
83481312;28343
834839;28358
8349;28372
834923;28384
834th;28398
835;28411,28496
835159;28508
835182;28522
835213;28536
835243;28550
835266;28564
83527;28578
8353;28591,28604
835350;28616
835419;28630
835480;28644
83553;28658
835571;28671
8356;28685
83561;28697
835625;28710
835632;28724
835686;28738
835693;28752
835701;28766
835709;28780
835716;28794
835724;28808
8357590;28822
8357592;28837
83576;28852
835762;28865
83579;28879
835831;28892
83586;28906
83591;28919
835930;28932
8359869;28946
835999;28961
836;28975,28995
836006;29075
8361;29089
836182;29115
836243;29129
836266;29143
836281;29157
836322665;29171
8363229;29187
8363231;29202
8363505;29217
8363507;29232
8364;29247
836464;29259
8366;29273
836678;29285
8366881;29299
836868;29314
836929;29328
836943;29342
836975;29356
837;29370,29390
83703;29470
8371;29483
837112;29509
83716613;29523
837212;29538
837280;29552
8373;29566
837357;29578
83737;29592
837379;29605
8374;29619
837402;29631
837448;29645
837456;29659
837463;29673
837494;29687
837532;29701
837585;29715
83766;29729
837677;29742
837685;29756
837700;29770
837746;29784
837761;29798
8377884626;29812
837791;29829
837807;29843
837883;29857
8379;29871
837906;29890
8379245996;29904
8379499316;29921
837975;29938
837990;29952
838;29966
838036;30058
838081;30072
838104;30086
838112;30100
838120;30114
838135;30128
838142;30142
838181;30156
838196;30170
8382;30184
8383;30205
838333;30217
838341;30231
8383525;30245
838432;30260
8385192253;30274
838539;30292
838562;30306
838608;30320
83863;30334
838745;30347
838753;30361
83877;30375
8388;30388
838806;30401
838829;30415
83883;30429
838852;30442
8389;30456
838a;30468
839;30480,30588
8390;30600
839035;30612
8391307;30626
839167;30641
839294;30656
8393;30670
839317;30682
839363;30696
839394;30710
8394;30724
839424;30736
8394418;30750
8394807;30765
839493;30780
83950126;30794
83954;30809
839661;30822
8397;30836
839790;30848
83981;30862
83984;30875
83985;30888
839890;30901
839943;30915
839989;30929
83rd;30943,30956
84;30988,31352
840;32981,33001
84000;33080
84002195;33093
8400kj;33110
8401;33124
8402;33136
840225;33148
8403;33162
840309;33174
840372;33188
840401;33202
840424;33216
840492;33230
840538;33244
840546;33258
8405756354;33272
840622;33289
840637;33303
840691;33317
84071;33331
840714;33344
840729;33358
840790;33372
840805;33386
840813;33400
84083;33414
840851;33427
840866;33441
840897;33455
8409;33469
840919;33481
84093;33495
841;33508,33544
841034;33597
841087;33611
841103;33625
841111;33639
841125;33654
841156;33668
841225;33682
841270;33696
84135;33710
841389;33723,33738
8414180279;33752
8414196968;33769
84143;33786
841431;33799
84144;33813
841446;33826
84149;33840
841522;33853
84165;33867
841675;33880
84168;33894
841759;33907
841766;33921
8418;33935
841818;33948
841835;33962
841888;33976
84196;33990
842;34004,34098
8420;34110
84200034;34129
84200142;34146
84200150;34163
84200151;34180
84201142;34197
842049;34214
842079;34228
842087;34242
842094;34256
842125;34270
842194;34284
842209;34298
842247;34312
842255;34326
8423;34340
842300;34352
842346;34366
842377;34380
842384;34394
842392;34408
842415;34422
842422;34436
84244628;34450
84248;34466
842484;34479
8425;34493
842514;34505
842522;34519
842598;34533
842690;34547
842720;34561
842758;34575
84277;34589
842781;34602
842819;34616
84283;34630
842865;34643
842873;34657
8429;34671
842942955;34683
842972;34699
842995;34713
843;34727,34747
8430;34833
843063;34845
8431342;34859
843193;34874
843208;34888
84328;34902
8433;34915
843338;34928
84334;34942
843407;34955
84343;34969
843445;34982
843475;34996
843506;35010
84351;35024
843513;35037
843544;35051
843651;35065
84381;35079
843834;35092
843857;35106
843910;35120
843948;35134
844;35148,35176
844002;35240
8440400285;35254
844048;35272
844086;35286
844139;35300
844167;35314
844254;35328
84431;35342
844315;35355
84433;35369
844383;35382
844406;35396
844467;35410
844551;35424
844589;35438
844612;35452
844666;35466
844673;35480
84468;35494
844757;35507
844765;35521
844810;35535
844833;35549
84487;35563
8448786;35576
8448788;35591
844879;35606
844894;35620
8449170;35634
845;35649,35669
8450;35746
845062;35758
845085;35772
84511;35786
845154;35799
84521;35813
845215;35826
84524;35840
845261;35853
84527;35867
845291;35880
845299;35894
845360;35908
845383;35922
845398;35936
8454193473;35950
845467;35967
845505;35981
845543;35995
845566;36009
845581;36023
845612;36037
845627;36051
84564;36065
845650;36078
84571;36092
845711;36105
845764;36119
845802;36133
8459;36147
846;36159,36187
846046;36271
84615;36285
846184;36299
8462;36313,36326
846207;36338
84628;36352
8463;36366
84633;36378
8463536;36391
846466;36406
846497;36420
8465;36434
84650439;36452
846519;36467
84653;36481
8466;36494
846603;36507
846680;36521
8467908961;36535
8467d7;36553
8468;36567
84684;36579
846840;36592
846916;36606
846992;36620
846th;36634
847;36646,36682
847046;36749
847137;36763
847145;36777
847176;36791
84719;36805
84726042;36818
8473098278;36833
84733;36850
847389;36863
847488;36877
847504;36891
84750998;36905
847610;36920
847641;36934
84767;36948
8477;36962
847733;36974
847748;36988
8478294611;37002
84784;37019
84796;37033
848;37046,37074
848000;37161
848007;37175
848045;37189
848053;37203
848076;37217
8481090034;37231
848129;37249
848137;37263
84825397;37277
84826;37292
8482907414;37305
84832;37322
84834;37335
848351;37348
84836;37362
848373;37375
8484;37389
84844;37401
848465;37414
848482;37428
848484;37449
848541;37477
84861;37491
848610;37504
848618;37518
848648;37532
84867;37546
8487309;37559
848740;37573
848755;37587
8487790;37601
848785;37615
848793;37629
8488041162;37643
848816;37660
8488692;37674
849;37689,37701
8490;37767
849083;37779
8491719365;37793
849190;37810
849250315;37824
8493;37840,37853
849327;37865
8493789;37879
849480;37893
84963;37907
849632;37920
8496549;37934
84976;37949
849854;37962
849915;37976
849930;37990
84th;38004,38017
85;38078,38578
850;40853,40873
8500;41071,41084
85000;41109
850060;41122
850151;41136
850159;41150
850212;41164
850235;41178
85024;41192
850243;41205
85028;41219
85032;41232
850395;41245
850403;41259
85043;41273
85045;41286
850471;41299
8505;41313
850533;41325
8506;41339
850639;41360
850655;41374
850662;41388
85067;41402
850792;41415
850800;41429
850929;41443
85097;41457
8509733;41470
850983;41485
851;41499,41511
851006;41585
8510178924;41599
851028;41616
851082;41630
851143;41644
851173;41658
851196;41672
8512034416;41686
851212;41703
851318;41717
851326;41731
851585;41745
8516;41759
851662;41771
851677;41785
851692;41799
851837;41813
851944;41827
852;41841,41869
85209;41977
85213473;41990
852158;42006
852188;42020
852257;42034
85229;42048
852310;42061
85233;42075
852348;42088
85235;42102
85241;42115
852470;42128
852478;42142
852493;42156
852501;42170
852509;42184
852531;42198
85255;42212
8525593;42225
85261;42240
852638;42253
85269;42267
8526992202;42280
852781;42297
852783;42311
852852;42325
852867;42339
85287;42353
852905;42366
85296;42380,42394
853;42407
8530;42515
853012;42536
853058;42550
853081;42564
853180;42578
853203;42592
85321;42606
853279;42619
853287;42633
853401;42647
853519;42661
853546;42675
853607;42689
85361733;42703
853653;42719
85367;42733
853691;42746
853836;42760
853844;42774
85388231;42788
853991;42803
854;42817,42837
85404;42937
854050;42951
85409;42965
854095;42978
85415;42992
85427;43005
854279;43018
85428;43032
8543;43045
854325;43057
854538;43071
854660;43085
8547;43099
85475;43111
85488;43124
855;43137,43244
85504;43272
855049;43285
85510;43299
85511;43312
85513;43325
8551574;43338
855246;43353
85535;43367
855370;43387
8554;43402
855431;43414
8554616;43428
85559;43443
855659;43456
85573;43470
855789;43484
8558;43498
85581;43510
855865;43523
855896;43537
85591471;43551
855957;43566
855961;43580
85598;43595
856;43608,43715
8560;43743
856016;43755
856041;43769
85605;43783
856071;43796
856102;43810
85617;43824
8562;43838
856209;43850
85634;43864
8563nc9787;43877
8564;43895
85649;43907
856575;43920
8566363;43934
85665;43949
8566500;43962
85668;44005
8567;44031
85681;44044
856812;44057
856873;44071
857;44085,44233
8570683;44245
85709;44259
8571;44272
857109;44284
857121;44298
85714;44312
857155;44325
857338;44339
8574;44353
857430;44365
857483;44379
857506;44393
85751;44407
85753;44420
857567;44433
85760;44447
857651;44460
857689;44474
857719;44488
85775;44502
857758;44515
85777;44529
8578;44542
85780;44554
857864;44567
857931838;44581
857932730;44598
857971;44615
858;44629,44649
8580;44714
85802;44726
8581;44739
858185;44758
85819;44772
858200;44785
85822;44799
85824;44812
858246;44825
858276;44839
85831;44853
858376;44866
8584;44880
858437;44892
858444;44906
858475;44920
858490;44934
85850;44948
858543;44961
85858;44975
858582;44989
8586;45003
8586006;45022
85864;45038
85873;45051
858742;45064
858772;45078
85882;45092
858826;45105
85885;45119
85886;45132
858887;45145
85892;45159
859;45172,45184
85900;45251
859039;45264
859062;45278
859093;45292
859116;45306
859123;45320
859138;45334
859161;45348
85918;45362
8592;45375
859215;45387
85928;45401
859283;45414
859291;45428
85932;45442
859360;45455
85941;45469
859413;45482
859421;45496
859482;45510
859512;45524
859550;45538
85964;45552
859688;45565
8597406745;45579
859764;45596
8599;45610
859905;45622
85992;45636
85996;45649
859970;45663
859978;45677
85999;45691
85a2dd;45704
85px;45718,45731
85th;45802
86;45863,46186
860;47723,47735
8600;47829
860023;47841
86005;47855
860054;47868
860077;47882
860100;47896
860161;47910
860191;47924
860260;47938
860268;47952
860298;47966
860321;47980
860413;47994
860474;48008
8604797;48022
8605;48037
860535;48049
860542;48063
860596;48077
860619;48091
86062;48105
860626;48118
860641;48132
860680;48146
86078;48160
8608591557;48174
860924;48191
86093;48205
861;48218,48246
861122;48326
861206;48340
861213;48354
861374;48369
8614;48383
86148366;48395
86149;48411
8615;48424
86153;48436
8616;48449
86165836;48461
861702;48477
86176;48491
861847;48504
861870;48518
861929775;48532
86197;48548
862;48561,48581
86200073;48674
86205;48691
8621;48704
862122;48716
8621605635;48730
862228;48747
862244;48761
862556;48775
862648;48789
862663;48803
862717;48817
86272;48831
86274;48845
8628;48858
863;48870,48882
8630290627;48948
863098;48965
863121;48979
8632;48993
86323;49006
86325;49019
8633272648;49032
8635;49049
86355;49061
863625;49073
863701;49087
86373;49101
863731;49114
863785;49128
86380;49142
863815;49156
86383;49170
863831;49183
86386;49197
863869;49210
863892;49224
863914;49238
863930;49252
863960;49266
863983;49280
863e;49294
864;49306,49318
86400;49409,49423
864021;49436
864067;49450
864113;49464
864136;49478
864204;49492
864220;49506
864265;49520
864288;49534
864357;49548
864365;49562
864388;49576
864410;49590
864426;49604
86444;49618
864441;49631
864449;49645
86446;49659
864464;49672
864471;49686
864479;49700
864517;49714
864548;49728
864601;49742
864670;49756
864685;49770
8647;49784
864700;49796
864731;49809
864769;49823
86478;49837
86490;49850
864929;49863
865;49877,49897
86514;49998
86518;50011
86525;50024,50038
865265;50051
86529;50065
86530;50085
865372;50098
865395;50112
8654;50126
865517;50138
865623;50152
86566753;50166
8657;50182
865761;50194
8658;50208
86592;50220
865952;50233
865965;50247
866;50261,50273
866127;50408
86619560;50422
8662;50445
866219;50457
866234;50471
866257;50485
866280;50499
866310;50513
866348;50527
866379;50541
8664;50555
866425;50574
866493;50588
866570;50602
86659253;50616
866600;50631
866667;50645
866684;50659
866745;50673
866821;50687
8668777;50701
866920;50717
866944;50731
866959;50745
867;50759,50771
867043;50865
867119;50879
867149;50893
867241;50907
86725;50921
867325;50934
8673328161;50948
867409;50965
867416;50979
867424;50993
867439;51007
867470;51021
8675;51035
867554;51047
8675758243;51061
867638;51078
867653;51092
867767;51106
867813;51120
867897;51134
867943;51148
868;51162,51174
868073;51261
868088;51275
868118;51289
868164;51303
8681880;51317
868217;51333
868248;51347
868256;51361
868279;51375
868286;51389
86830562;51403
868309;51418
8685;51432
868568;51444
8686;51458
868698;51471
868774;51485
868904;51499
869;51513,51525
869133;51654
869217;51668
86930;51682
869347;51695
86957204;51709
869706;51724
8698;51739
86981;51752
869896;51765
8699;51779
869904;51791
869949;51805
86a;51819
86d;51829
86e;51840
86final;51851
86px;51866
86th;51878,51907
87;51933,52328
870;53904,53916
870079;54079
870109397;54093
87011;54110
870110279;54123
870125;54140
870140;54154
87016;54168
8702082038;54181
87021;54198
87023592;54211
870270;54226
8703;54240
87031;54252
87033;54266
870369;54279
870483;54293
8705;54307
87057;54319
870659;54332
870705;54346
870758;54360
870781;54374
870918;54388
87094;54411
870941;54425
870972;54439
871;54453,54473
8710;54573
871109;54584
87111;54598
8711368442;54611
8711899519;54628
871201;54645
871284;54659
871315;54673
871445;54687
871468;54701
871521;54715
871544;54729
8716;54743
87169;54755
87170;54768
871712;54782
871719;54796
87182;54810
871902;54823
872;54837,54865
8720;54971
87200;54983
87200713;54996
872070;55011
87208;55025
8721169;55038
872284;55060
872337;55074
872337790;55088
872520;55105
872536;55119
872581;55133
8726;55147
872612;55159
872635;55173
872688;55187
872765;55201
8728690147;55215
872871;55232
873;55246
8731;55359
8731175397;55371
873177;55390
873306;55404
873322;55418
873344;55432
873375;55446
87339;55460
873390;55474
8734;55488
873444;55499
873451;55513
87349;55527
873528;55540
873543;55554
873611;55568
873627;55582
873665;55596
873688;55610
873692;55624
87369591;55638
8737;55653
873711;55665
873779;55679
873795;55693
873810;55707
873901;55721
873924;55735
874;55749,55769
874084;55905
874092;55919
874105;55933
874115;55948
874146;55962
874153;55976
874161;55990
87417;56004
874245;56017
874275;56031
874306;56045
8744;56059
874428;56071
874435;56085
874672;56099
8747;56113
874739;56132
874916;56146
874981;56160
875;56174,56210
875084;56288
875214;56302
875299;56316
875305;56330
875328;56344
875343;56358
875351;56372
875381;56386
875389;56400
875404;56414
875420;56428
875450;56442
875465;56456
875481;56470
875488;56484
875504;56498
875534;56512
875557;56526
875580;56540
875641;56554
875656;56568
875671;56582
8757;56596
875755;56608
8758;56622
87584;56634
875885;56648
875931;56662
875938;56676
876;56690,56790
8760;56810
876091;56822
8761627078;56836
876167;56853
8762;56867
876209495;56879
876213;56895
8762512803;56909
876297;56926
8763;56940
876389;56952
876419;56966
876434;56980
876450;56994
876472;57008
876480;57022
876495;57036
876503;57050
876587;57064
876595;57078
876610;57092
876678;57106
876694;57120
876709;57134
876717;57148
876793;57162
876801;57176
876839;57190
876892;57204
876930;57219
876961;57233
876968;57247
876976;57261
877;57275,57287
877022;57361
877045;57375
877159;57389
87717098;57403
877182;57418
8772;57432,57445
877205;57457
877243;57471
877251;57485
87727;57499
877373;57512
87738466;57526
87743;57541
877434;57554
87746926;57568
8775;57585
8775500;57597
8775829673;57619
877617;57636
877640;57650
877701;57664
877731;57678
877747;57692
877762;57706
877777;57720
877815;57734
87796;57748
877960;57761
8779dd;57775,57790
878;57819,57912
878021;57924
878181;57938
878183;57952
878227;57966
878273;57980
878288;57994
878333;58008
878471;58023
878510;58037
87855;58051
878586;58064
878654;58078
8787720203;58092
878807;58109
878891;58123
878899;58137
878929;58151
87893;58165
878944;58178
8789597154;58192
879;58209,58221
879066;58287
879074;58301
879148365;58315
879150;58331
8792;58345
879295;58357
87930;58371
879326;58384
879364;58398
879387;58412
879478;58426
879486;58440
879501;58454
879517;58468
879532;58482
879583;58496
879585;58509
879593;58523
8796;58537
879637301;58549
879684;58565
879700;58579
879784;58593
879799;58607
879807;58621
879815;58635
87995386;58649
879981;58664
87a96b;58678
87ceeb;58692
87d;58706
87dcbb;58717
87fa;58732
87r;58744
87th;58755
88;58801,59141
880;60673,60808
8800;60836
880005;60848
880043;60862
880127;60876
880219;60890
8802458048;60904
880295;60921
88033;60935
880402;60948
880417;60962
88043612;60976
88048;60991
8804920;61004
880573;61061
880592;61075
880600;61089
880692;61103
8807;61117
880943;61129
880c;61143
881;61154,61190
881027;61284
88109;61298
881104;61311
881142;61325
881187;61339
881241;61353
881248;61367
881287;61381
881294;61395
881310;61409
881348;61423
881363;61437
881371;61451
881424;61465
881470;61479
8815;61493
881531;61512
881538;61526
881561;61540
881577;61554
881622;61568
881638;61582
881668;61596
881676;61610
881714;61624
881752;61638
881775;61652
881805;61666
881844;61680
88191761;61694
881943;61717
881958;61731
881966;61745
881973;61759
88199;61773
881c1c;61786
882;61800
8821;61886
882141;61905
882179;61919
882217;61933
882222294;61947
882225;61964
88228;61978
8823;61991
882332;62003
88234;62017
882370;62030
882401;62044
882462;62058
882469;62072
88266;62086
8827;62099
88275;62111
882751;62124
882778;62138
882797;62152
882874;62166
882912;62180
882950;62194
882973;62208
882988;62222
883;62236,62256
883033515;62336
883041;62352
883064;62366
88309;62380
883095;62393
88313;62407
883141;62420
883171;62434
883186;62448
883209;62462
883240;62476
883286;62490
88329;62504
8833;62517
88331723;62536
88333;62551
883331;62564
883354;62578
88338;62592
883453;62605
8835;62619
883514;62631
88352;62645
88354;62658
883575;62671
883591;62685
883621;62699
883629;62713
883659;62727
883675;62741
883705;62755
8837088965;62769
883736;62787
883743;62801
883759;62815
88377;62829
883774;62842
883840;62856
883965;62870
884;62884
884026;62971
884109;62985
884125;62999
88424;63013
884254;63026
884277;63040
884293;63054
884361;63068
884422;63082
884430;63096
884438;63110
884460;63124
88452;63138
884552;63151
884560;63165
884575;63179
884621;63193
884674;63207
884705;63221
88472;63235
884735;63248
884766;63262
884789;63276
8848;63290
884804;63302
88489799;63316
884903;63333
884933;63347
88495;63361
885;63375,63387
885109;63480
885162;63494
885201;63508
8854;63522
885437;63534
885445;63548
885506;63562
885513;63576
8856;63590
8857206455;63602
8857235639;63620
885788;63638
885834;63652
885849;63666
8859;63680
886;63692
886000;63785
886017;63799
8860731844;63813
8862;63830
886238;63842
886314;63856
886322;63870
886337;63884
886368;63898
8863881707;63912
8864130170;63930
886414;63948
8864485025;63962
886475;63979
886581;63993
886612;64007
886699;64021
88692;64064
88692522;64077
886932;64092
886948;64106
886976;64120
887;64134
88706;64220
8872;64233
88721;64245
887275;64258
887772;64272
887794;64286
8878;64300,64313
887825;64325
8879;64339
887901;64351
8879115490;64365
887947;64383
887993;64397
888;64411
888036;64518
888046;64532
888222;64546
888321;64560
888382;64574
888479;64588
888489;64602
8885;64616
888672;64628
888680;64642
888741;64656
888800;64670,64693
88880253;64819
888888;64834,64849
8888aa;64926
888931;64947
889;64961,64981
8890;65074
889000;65086
889053;65100
88905609;65114
889069;65129
8891;65143
88914;65156
88916078;65169
889175;65185
88922;65199
889244;65212
889305;65226
889336;65240
8894;65254
88942313;65266
889450;65281
889473;65295
88952613;65309
889546;65324
889557;65338
889648;65352
889702;65366
88973;65380
88979;65393
8898;65406
889954;65418
889969;65432
889th;65446
88a;65459
88a4c7;65471
88b;65486,65498
88c;65508
88d6;65518
88f;65530
88miso;65582
88px;65605
88th;65617
89;65664,67276
890;67591,67697
890091;67709
890099;67723
89012;67737
890129;67750
89018;67764
89019;67777
890343;67790
890350;67804
89036;67818
890366;67831
890388;67845
890450;67859
890472;67873
890480;67887
890518;67901
890587;67915
890648;67929
890739;67943
8908;67957
890808;67969
890831;67983
890938;67997
890968;68011
890b;68025
891;68037
891029;68145
8911;68159
891278;68171
891289;68185
891389;68199
891518;68214
891617;68228
89168;68242
8917;68255
891771;68268
8918;68282
8918649554;68294
892;68311,68331
892128;68425
892220;68439
89223914;68453
892242;68468
892258;68482
892319;68496
8924609;68510
8925223;68525
892532;68540
892647;68554
892723;68568
892740798;68582
892815;68599
8929818;68613
893;68628
8930;68730
893005;68742
893105;68756
893326;68770
8933306932;68784
893456;68801
893478;68815
8935293;68829
893536;68844
893549335;68858
893566925;68876
893631;68894
893692;68908
8937298059;68922
893802;68939
8938396;68953
893905364;68967
893905749;68985
893967;69003
893f45;69024
894;69038
8941926;69145
8942;69160
89425;69172
89428;69185
8943;69199
894318;69211
894440;69225
894444;69246
894646;69260
8948;69274
89480925;69286
894836;69301
894852;69315
894856;69329
8949;69343
894958;69355
894974;69369
894997;69383
895;69397
8952095509;69498
89521134;69515
895278;69531
895332;69545
895355;69559
895485;69573
895584;69587
8955861;69601
89563747;69616
89566;69632
895790;69645
895882;69659
896;69673,69766
89600;69778
89603;69791
896080;69811
89609;69825
896111;69838
89612;69852
89622998;69865
896233;69880
896278;69894
8963;69908
8964;69921
896683;69933
896790;69947
896851;69961
896858;69975
8969;69989
896904;70001
896912;70015
897;70029,70041
8970;70086
897118;70098
897141;70112
897176;70126
89720;70140
89721274;70153
897247;70168
89727;70182
897285;70195
897308;70209
8974;70223
8975;70235
897560;70247
89757;70261
897591;70274
897598;70288
89760;70302
897652;70314
897980;70328
898;70342,70416
898056;70428
898064;70442
898079;70456
8981;70470
89815;70483
89820;70496
898281;70509
898529;70530
8986443;70544
898666;70559
89870;70573
89874;70586
898941;70600
899;70614
89913;70700
899216;70713
89936745;70727
899529;70742
89963;70756
899697;70769
899773;70783
899788;70797
89978981;70811
899803;70826
899857;70840
8998934;70854
8999;70868
899902;70881
899948;70895
89c;70909
89cff0;70920
89th;70935,70956
8a;70996,71023
8a2be2;71054
8a935201;71076
8a95c9;71092
8ab8e6;71113
8b;71128,71139
8b0000;71163
8b008b;71191
8b0a50;71212,71227
8b3c;71241
8b4513;71253,71268
8bbf;71282
8bit;71293
8c;71306
8c2633;71344
8c67;71359
8cbed6;71370,71393
8d;71407
8d38c9;71417
8d51;71431
8d98;71443
8dp;71455
8e519637;71466
8e8e8;71481
8em;71495,71534
8ex;71645,71705
8f;71764,71783
8f5902;71807
8fbf7b;71835
8h;71850
8hr;71860
8i;71871
8ish;71881
8p;71893
8pt;71903
8px;71989,72018
8s;72174,72185
8th;72195,72311
8unsourc;73173
8v;73189
8vo;73206
8x8;73217
