50;0,1330
500;8188,8472
5000;10353,10415
50000;10684,10698
500034;10753
500049206;10767
500050;10784
500057;10806
500114;10820
500126;10834
500248;10848
50029518;10862
50030677;10878
500343;10902
50034618;10916
5003592372;10932
50042;10949
500477;10962
500500;10976
5006;10990
50064;11009
500658;11022
500691;11036
500725050;11050
500729;11067
5007292032;11081
50075;11098
500786;11112
500786277;11126
5008;11143
500858;11155
500919;11169
500937849;11183
500954;11200
500973391;11214
500976764;11231
500k;11248
500psig;11267
500px;11282,11304
500th;11338
500word;11407
500yo;11429
501;11443,11503
50100160;11692
50100327;11709
501015;11726
501017243;11740
501022196;11757
501080;11774
50113;11788
501225;11801
501308;11815
501320;11829
501331;11843
50133855;11857
501350;11873
501354;11887
50138;11901
5014;11914
501450;11925
501465;11939
501514;11953
501530;11967
501560;11981
5015631914;11995
501578;12012
501598;12026
5016;12040
5016273856;12058
50163275;12075
501667;12090
501671;12104
50168383;12118
5017;12133
501732;12144
50174;12158
501740;12171
5017542;12185
501785;12200
5018;12214
501801;12226
50181;12240
501835;12253
501888;12267
5019;12281
501923;12293
501961;12307
501c3;12321
502;12334,12362
5020;12501
50200146;12512
50200147;12529
50200148;12546
50200149;12563
50200150;12580
50200151;12597
50200152;12614
50200309;12631
50200326;12648
50200341;12665
5020226645;12682
502163;12700
50223;12714
5023;12728
502304;12740
502361;12754
502369;12768
502445;12782
502514;12796
502619632;12810
50264;12827
502647;12840
502691973;12854
502692336;12871
502701;12888
502796;12902
5028649096;12916
50288625;12934
5029;12957
50291;12970
502979;12990
503;13004,13032
50303113;13165
503052;13180
503143;13194
503147;13208
5031798;13222
5032;13237
50324472;13248
5033;13264
503338;13283
503438514;13297
503440579;13314
503441388;13331
503460864;13348
503468;13365
5035;13379
503501016;13391
503525;13408
5035267472;13422
503536;13439
503543;13453
503578;13467
503668485;13481
503685;13498
503712;13512
50375668;13526
5037861466;13543
503792;13560
503834273;13574
503841;13591
503860;13605
503883;13619
503889;13633
503925;13647
503944;13661
503976341;13675
503982647;13692
503985458;13709
504;13726,13762
5040;13946
50400457;13958
50401306;13974
504051;13989
5041;14003
504131;14015
50415749;14029
504169;14045
504193345;14059
504211;14076
504284;14090
504318;14104
504424100;14118
504472;14135
504498;14149
5045;14163
504532;14175
5047;14189
504700;14201
504761;14216
50477;14230
504789005;14243
504803;14260
504841;14274
5049;14288
504923287;14300
504974;14317
504976251;14331
505;14348,14400
5050;14686
505203;14698
5052086711;14712
505240743;14729
50531205;14746
505318;14769
505409;14783
50546;14797
505581;14810
505646;14824
505657;14838
505665;14852
505688;14866
505741;14880
505750958;14894
505791;14911
505848;14925
50585049;14939
505886;14954
505th;14968
506;14981,15017
5060;15227
506001;15240
50605;15254
506050;15267
506076;15281
506123;15295
506130;15309
506245;15323
506264;15337
5063072;15351
50641;15366
50641026;15380
506435;15397
50645;15411
506461695;15425
5065;15442
506557;15454
50660288;15468
506611;15483
506649;15497
50669606;15511
506744;15528
5068;15542,15555
506803;15567
506847;15581
506882;15595
506920;15609
50697919;15623
50697923;15639
507;15654,15666
50704;15782
507172;15796
50725234;15810
507294;15825
5073;15839
507313;15858
507331;15872
5074;15886
507427;15898
507442;15912
5075;15926
507565;15938
50762;15952
507648;15965
50771;15979
50787;15992
5079622269;16006
507980;16023
50798715;16037
507996;16054
508;16068,16088
508068;16251
508083;16265
5081717968;16279
508228;16296
508333;16310
508372728;16324
50838;16341
508453;16354
508457;16368
508545;16382
508597881;16396
508599999;16413
508601555;16430
508743;16447
508760409;16461
508762;16478
508762013;16492
508763902;16509
508766;16526
508779773;16540
5088;16557
508815772;16569
5088282;16586
508841866;16609
508851596;16626
508853278;16643
50889355;16660
5089;16675
508923843;16685
508932288;16702
508936390;16719
508937564;16736
508942773;16753
508945226;16770
508955810;16787
508958719;16804
508961093;16821
509;16838,16985
509004079;16997
50902;17014
509029;17027
50903;17041
509088302;17055
509097455;17072
509104576;17089
50911;17106
509158304;17119
509159241;17136
509235;17153
509240209;17167
509244898;17184
50926;17201
509278421;17214
50928;17231
509285927;17244
509312;17261
5093337297;17275
509427;17292
5096078515;17306
509819;17323
509850;17337
509926;17351
509949;17365
509969519;17379
509974216;17396
509th;17413
50a;17440
50b;17451
50bi;17462
50cc;17474
50em;17486
50k;17533,17545
50p;17556
50px;17567,17620
50th;17759,17772
50thi;17927
50u;17941
50you;17952
50z;17965
51;17976,18744
510;22801,22930
510003;22942
510010;22956
510040;22970
51004746;22984
51007;22999
5101;23012
51010;23024
510101453;23037
510128;23054
510134978;23068
510136962;23085
510252475;23102
510253580;23119
510258538;23136
510259759;23153
510262567;23170
510270214;23187
510272189;23204
510272759;23221
510300;23238
510342;23252
510349;23266
51041019;23280
510454378;23295
510492346;23312
510507179;23329
510562356;23346
510568184;23363
510583609;23380
510584328;23397
510590;23414
510591932;23428
510598843;23445
510599608;23462
510599736;23479
510601395;23496
5107015371;23513
510735;23530
510735845;23544
510738137;23561
510739283;23578
51074;23595
5107596517;23609
510761;23626
510773;23640
510777;23654
5107917;23668
510799;23683
510818;23697
510883;23711
5109;23725
510979;23738
511;23752
511032;23908
511047;23922
51109;23936
511169;23949
511199260;23963
511201525;23980
511223;23997
511286991;24011
511293476;24028
511295028;24045
511296536;24062
511298899;24079
5113;24096
51133594;24115
511363329;24130
511363955;24147
511364034;24164
511365798;24181
511371524;24198
511404595;24215
511409812;24232
511440;24249
51144028;24263
511452;24278
511486;24292
511547;24306
511597369;24320
5116;24337
511600;24356
511601798;24370
511604859;24387
511606785;24404
51164;24421
511665;24435
511667;24449
511667319;24463
511668419;24480
511669208;24497
511670329;24514
511688433;24531
511692367;24548
511708063;24565
511740800;24582
51177;24599
51177275;24612
51180;24627
511829;24640
51184;24654
51185;24667
511913;24680
511925;24694
511925638;24708
511931421;24725
511982;24742
511f;24756
512;24767,24795
512062;24945
5121;24959
512119;24971
5122;24985
512249;24997
512253;25011
512257;25025
5123116374;25039
51236;25056
512385809;25070
512524;25087
512547;25101
512562;25115
512592;25129
512604;25143
512638;25157
51264;25171
512672;25184
512684;25198
512794;25212
512810;25226
512821;25240
512910493;25254
512911582;25271
512941;25288
512943;25311
512992028;25325
512993;25342
512997521;25356
513;25373,25410
513056;25623
51306;25637
513123;25651
513130;25665
51315;25679
51317;25692
513233;25705
513248;25719
513256;25733
5132592;25747
513306;25762
513333;25776
513357669;25790
513359514;25807
513361354;25824
513376830;25841
513377828;25858
513393;25875
513447;25889
5135;25903
513519061;25915
513531;25932
5135375857;25946
513550;25963
513671057;25977
513683;25994
51370;26008
513733;26021
513737;26035
5137621;26049
5138;26064
51381;26077
513847;26090
513891530;26104
513905;26121
51391089;26135
514;26151,26368
514000;26388
514002964;26402
514005440;26419
514013290;26436
514086675;26453
514107;26470
514162285;26484
514183;26501
514191293;26515
514206861;26532
514210;26549
514229262;26563
514231681;26580
514240;26597
514259;26611
514263;26625
514290;26639
5143;26653
514301;26665
514317896;26679
514322778;26696
514324538;26713
514332;26730
514342268;26744
514385;26761
514406708;26775
514406868;26792
514407882;26809
514416492;26826
514454;26843
514484285;26857
514485547;26874
51450;26891
514503;26904
514515856;26918
514621391;26935
514633740;26952
514641;26969
514672700;26983
514685669;27000
5147;27017
514713897;27036
5147906542;27053
514856076;27070
514866;27087
514894712;27101
514923;27118
514931;27132
514984;27146
514988;27160
514993245;27174
514994897;27191
51499d;27208
515;27222,27242
515014999;27398
51502;27415
515067538;27428
51509052;27445
515127906;27461
515135047;27478
515142133;27495
515142671;27512
51517;27529
515182;27543
515222041;27557
515224663;27574
515226801;27591
515231114;27608
515234454;27625
515263;27642
515345893;27656
515346686;27673
515358;27690
51536680;27704
51537150;27720
515448270;27736
515448779;27753
515456371;27770
515540148;27787
515540660;27804
515540789;27821
515549361;27838
515555227;27855
515555754;27872
515560;27889
5156;27903
515612010;27915
515623806;27932
515628863;27949
515629007;27966
515636722;27983
515637688;28000
515639596;28017
515640895;28034
515643252;28051
515643592;28068
515645208;28085
515647110;28102
515660307;28119
515663730;28136
515666069;28153
515682;28170
515696074;28184
515698062;28201
515701;28218
515703643;28232
515705;28249
515706291;28263
515724;28280
515759;28295
515778;28309
515840500;28323
515841619;28340
515842333;28357
515868497;28374
515870758;28391
515875565;28408
515878559;28425
515882245;28442
5159;28459
515907;28471
515957;28485
5159788;28499
516;28514
516014;28621
516045;28635
516111;28649
516139265;28664
516160240;28681
516162796;28698
516186;28715
516197;28729
516209;28743
516242568;28757
516244223;28774
51635;28791
516464;28804
516487582;28818
516490541;28835
516495779;28852
5165407;28869
516624307;28893
516634996;28910
516663;28927
516667;28941,28956
516678127;28970
516703673;28987
516705930;29004
516754;29021
5168;29035
51681417;29048
516941;29063
516953;29077
517;29091,29111
5170301723;29218
517059;29236
517097;29250
517144;29264
517155;29278
517189;29292
517205018;29306
517207030;29323
517208531;29340
517224025;29357
517246;29374
517342;29388
517361617;29402
51737;29420
51742;29433
51743;29446
51747;29459
517470;29472
51748;29486
517502;29499
517532;29513
517555;29527
517570223;29541
517572565;29558
517574719;29575
51758;29592
517585;29605
51759;29619
517593;29632
5176;29646
517628;29658
51763;29672
517651;29692
51767;29706
51769;29719
51772;29732
517757;29745
51778;29759
51783;29772
517834;29785
51785;29799
51789;29812
5179;29825
517941;29837
518;29851,29974
518036;29986
518089;30000
5181;30014
518116;30026
518125749;30040
518135136;30057
518137216;30074
51814;30091
51821;30104
51825;30117
51827;30130
51828;30143
5183;30156
518314;30176
51836;30190
5184;30203
518405764;30215
518407929;30232
518424885;30249
518486;30265
5184893;30279
518515287;30294
51852;30311
518551;30324
51856;30338
51862;30351
51866;30364
518681762;30377
5187;30394
5188;30406
518894;30417
518913;30431
518951;30445
519;30459,30487
51902;30581
51904;30594
51904094;30607
51908;30622
51910;30635
519123555;30648
51913;30664
51923;30677
519306;30690
51933;30704
519375;30717
5194;30731
51940142;30743
51942;30759
519440;30772
51948;30786
51949676;30799
519497;30814
51950676;30828
5196;30844
519634;30856
51964;30870
51965;30883
51966;30896
519669;30909
519688;30923
51969;30937
519733;30950
519737;30964
519748272;30978
51975;30995
51977;31008
519775;31021
519814;31035
51986;31049
51987;31062
519909;31075
519955527;31089
51b;31106
51d;31117
51h;31128
51n3rg;31139
51st;31153,31166
51vlr;31248
51z;31261
52;31272,32080
520;36169,36229
5200;36364
52000;36376
52003774;36390
52003811;36413
5200422;36436
520046;36458
5200552;36472
520063;36494
520074;36508
5200757;36522
520100608;36544
520103748;36561
5202;36578
52021801;36597
520251266;36612
520256;36629
520257625;36643
520258093;36660
520258676;36677
5203172;36694
520351;36709
52046146;36723
52046222;36746
52049178;36769
5205;36784
52057726;36796
5206;36811
520607;36823
520626;36837
52068;36851
52070578;36863
520711;36878
52072;36892
52073;36905
520782;36918
5208;36932
52083;36951
52083619;36964
520836460;36979
52086711;36996
520926;37011
52093;37025
52099;37039
521;37052,37072
5210;37213
52100994;37234
52102390;37251
52104055;37268
52104298;37285
52105;37302
521118;37315
5211619139;37329
52121;37346
521222026;37360
521271;37377
521275;37391
521278;37405
521294;37419
5213;37433
521301;37453
521336;37467
52134;37481
52137;37495
52139187;37509
521412;37524
521423;37538
521473;37552
521500;37566
521564;37580
52157;37594
52159;37607
521599;37620
521606;37634
521610;37648
52164257;37662
521660;37677
521667;37691
5216754079;37705
521694;37722
521709;37736
521721;37750
52174;37764
521748;37777
521755;37791
521770;37805
521774;37819
521809;37833
52185571;37847
521874096;37862
52197;37879
522;37892,37904
5220;38025
52200102;38037
52203;38054
522079;38067
5221;38081
522121;38093
522160;38107
52216524;38121
522222;38138
52223;38152
52228;38165
52229;38178
522293;38191
52231;38205
522320;38218
52233;38232
522341907;38245
522362;38261
522392;38275
522427;38289
522430;38303
52251;38317
522518;38331
52255;38345
522564;38358
522575;38372
5225855112;38386
522591;38403
522640;38417
522652;38431
5226711631;38445
522678;38462
522682;38476
52269;38490
522690;38503
522701;38517
52271;38531
522743;38544
522823;38558
522888;38572
52289;38586
522949;38599
52297;38613
522995;38626
522c1b;38640
523;38654
523026;38763
523041;38777
5230429769;38791
523045;38808
523056;38822
523064;38836
5230854154;38850
52308700;38867
5231065;38884
5231292;38899
5231396;38914
523151;38929
523155;38943
523232;38957
523285;38971
5233;38985
523308;38998
523317185;39012
523333;39029
523351772;39043
523365;39060
523403;39074
5234237;39088
52344;39103
52349;39116
5235;39129
523534861;39141
52354;39158
523590;39171
523594798;39185
523595084;39202
523666649;39219
523693;39236
523708623;39250
523724;39267
523731;39281
523746;39295
523754;39309
523788;39323
523811;39337
523861;39351
52392;39365
523928957;39378
523952;39402
524;39416,39436
524021;39599
52406669;39613
52416;39628
52419;39641
52421;39661
52422;39674
524246;39688
524257730;39702
52426;39719
524260400;39732
5242759;39749
524296;39764
524326;39778
52434;39792
524361291;39805
524363611;39822
524364;39839
524366892;39853
524368;39870
524368551;39884
524369943;39901
524443;39918
524453;39932
52447;39946
524596;39979
524624;39993
524639;40007
52466586;40021
52466671;40044
524675930;40067
524677;40084
524679071;40098
524713348;40115
524715847;40132
524717578;40149
524717900;40166
524718222;40183
524718902;40200
524720054;40217
52479;40234
524799;40248
52481;40262
524831;40275
524834;40289
52494;40303
524948;40317
524949;40331
5249726772;40345
525;40362,40382
525040362;40600
525040888;40617
525043789;40634
525055;40651
525178607;40665
525180670;40682
525180906;40699
525181798;40716
525182765;40733
525183487;40750
525185201;40767
525185646;40784
525185816;40801
525208641;40818
525209002;40835
52521;40852
52526;40865
5253;40879
525333;40891
525337;40905
525394;40919
525543;40933
52559;40947
525604;40960
525616641;40974
525616932;40991
525620383;41008
525654;41025
5257;41039
525704735;41051
525726724;41068
52573;41085
525730918;41099
525848;41116
52586;41130
525860;41143
52589;41157
525892985;41170
5259;41187
525906;41199
52591;41213
525936935;41226
525939207;41243
52595;41260
52597;41273
525978;41286
52598;41300
526;41313
52601;41435
526028;41448
526080966;41462
5261;41478
526104;41499
526104346;41513
526192;41530
526215;41544
52622;41558
526241;41571
526264;41585
526272;41599
526314;41613
526340;41627
526352;41641
526421;41655
526463;41669
526482;41683
526497;41697
526505;41711
526524;41725
526527;41739
526533088;41753
526588;41779
526592;41793
5266;41807
526617654;41819
526627;41836
526630079;41850
526661;41867
526710170;41881
526711998;41898
526715891;41915
526719284;41932
526782913;41949
526783070;41966
526783383;41983
526783435;42000
526783671;42017
526783852;42034
526784157;42051
526784259;42068
526785133;42085
526785659;42102
526785780;42119
526785819;42136
526786014;42153
526786361;42170
526786423;42187
526786583;42204
526786625;42221
526786691;42238
526786910;42255
5268;42272
526814;42284
52683;42298
526851466;42311
526851597;42328
526851746;42345
526851916;42362
526852270;42379
526852537;42396
526852566;42413
526853163;42430
526853536;42447
526853675;42464
526853826;42481
526853892;42498
526853999;42515
526854312;42532
526854429;42549
526854586;42566
526854674;42583
526854809;42600
526854951;42617
526855220;42634
526855709;42651
526856295;42668
526856401;42685
526856629;42702
526857351;42719
526857488;42736
526857635;42753
526857833;42770
526857922;42787
526858121;42804
526858316;42821
526859641;42838
526860488;42855
52687;42872
526871;42885
52694;42899
527;42912,42940
527000;43034
527004;43048
527008528;43062
527008708;43079
527009172;43096
52705413;43113
527056;43128
527084;43142
52713;43156
52714;43170
527153;43183
527229;43197
52731;43211
527325;43225
5273342133;43239
527351;43256
527363;43270
527390;43284
527424;43298
52747;43312
52757026;43325
5276;43341,43354
527603;43366
52772;43380
52778;43394
527785021;43407
527786;43424
527788280;43438
527794;43455
527794760;43469
527795721;43486
527802;43503
527851;43517
527855422;43531
527901;43548
527905;43562
527958;43576
528;43590,43618
5280;43754
528004438;43766
528005958;43783
528009592;43800
528049;43817
528082882;43831
528089897;43848
528092168;43865
5281;43882
528130;43893
528135595;43907
528139908;43924
528143361;43941
528145547;43958
528150281;43975
528151749;43992
528152636;44009
528154651;44026
528155613;44043
528160;44060
528183120;44074
528183403;44091
528184855;44108
52819;44125
528193819;44138
5282;44155
528221;44168
528229;44182
528229985;44196
52823;44213
528230242;44226
528297;44243
528382848;44257
528461;44274
528469309;44288
528488;44305
528511;44319
528525712;44333
528553;44350
52856;44364
528610;44378
528656;44392
528706;44406
52892;44420
5289274;44434
529;44449,44631
52903;44643
529128746;44656
529133447;44673
529190394;44690
529191814;44707
529194711;44724
5293;44741
52933;44753,44767
529331;44780
529449;44794
529488;44808
529516670;44822
529517470;44839
52955;44856
529621;44870
529646;44884
52967;44898
529741412;44912
529839;44936
52985609;44950
529865834;44965
5298885107;44982
529907;44999
529942;45013
529949;45027
52b;45041
52bef1;45052
52nd;45067,45080
52px;45134
52z;45146
53;45157,45787
530;49574,49610
5300;49785,49798
53000;49817
530014;49830
530029;49844
530045;49858
530067;49872
5301;49886
53013;49905
530170;49919
530186;49933
530210028;49947
5302206;49964
530228178;49979
530230607;49996
530251;50013
530254;50027
530270;50041
530296;50055
530354;50069
530354459;50083
530356956;50100
530358089;50117
530365152;50134
530376390;50151
530378251;50168
530379133;50185
5304;50202,50215
530437;50227
530484257;50241
530486437;50258
530492016;50275
530497782;50292
530504097;50309
530508577;50326
530518;50343
530530164;50357
530532273;50374
530533;50391
530540;50405
5306;50419
530602791;50431
530611588;50448
530611654;50465
530623368;50482
5307;50499
530763355;50511
5307650;50528
530771488;50543
530781;50560
530876;50574
530908947;50588
530944705;50605
530948118;50622
530979;50639
531;50653,50773
531040;50785
531113;50799
531119345;50813
531147;50829
531166;50843
5311854482;50857
531187521;50874
531246;50891
531250;50905
531268572;50919
531291245;50936
531353061;50953
5313628;50970
531436080;50985
531483;51002
531532978;51016
531538;51033
531567;51124
531627199;51138
531629223;51155
5316392183;51172
531651;51189
531654;51203
531683492;51217
531700;51234
531711677;51248
531713861;51265
531715300;51282
53176;51299
531803;51312
531853;51326
531875191;51340
531879;51357
531898;51371
531918;51385
531944478;51399
531956;51416
531967;51430
53198;51444
531988477;51458
531989685;51475
532;51492,51520
5320;51696
532017;51708
532034079;51722
532059233;51767
532063;51784
532120;51798
53215;51812
53218;51825
532263343;51838
532301;51855
532319516;51869
532406;51893
532444;51907
532447994;51921
532449230;51938
532494;51955
5325;51969
53253;51982
532532;51995
532566;52009
532646;52023
53268421;52037
532688;52052
532757;52066
532772;52080
5328;52094
53280;52113
532928;52126
532982;52140
533;52154,52174
533039299;52348
533047853;52365
533062;52382
533074718;52396
533077335;52413
533192;52430
53324847;52444
533253;52460
533263;52474
5333;52488
533333;52500,52515
533358045;52529
533388486;52546
533389204;52563
533398585;52580
533398871;52597
533400011;52614
533400455;52631
533400775;52648
533402617;52665
533433091;52682
53345;52699
533451647;52712
53346016;52729
533539;52752
53358162;52766
53359;52782
5335949;52796
533684;52811
5337;52825
533706205;52838
533764239;52855
533765422;52872
533787;52889
533794;52903
533810;52917
533848;52931
533858377;52945
533862;52962
533882981;52976
5338996;52993
5339;53008
533906780;53021
533916;53038
533981;53052
533989;53066
533b;53080
534;53092,53104
534016;53252
53403;53266
534050;53280
534065;53294
5341;53308
53415;53327
534184148;53340
534191;53357
534218;53371
534225;53385
53425;53399
534252;53412
534397;53426
534420;53440
534443;53454
53447;53468
534492952;53482
5344946;53499
534496361;53514
534503725;53531
534507681;53548
534519;53565
53453884;53579
534557;53595
534603;53609
5346622467;53623
5347;53640
534790;53653
534801;53667
534954;53681
534966;53695
535;53709,53729
535076855;53911
53508;53927
53508426;53940
535091;53956
535191;53970
535217;53984
53538;53998
53542;54011
535498219;54025
535529770;54042
535540344;54059
535544933;54076
535588342;54093
53563;54110
535648;54123
53569;54137
535701560;54151
535740710;54168
535777169;54185
535778217;54202
535809;54219
535835;54233
535858553;54247
535915;54264
535919;54278
53595;54292
535959822;54305
536;54322,54415
5360;54435
53613;54447
53617;54460
536179;54473
536190;54487
53626;54501
536297;54514
536304;54528
53631;54542
536339;54556
536350;54570
536369;54584
536424464;54598
536427;54615
536453582;54629
536469;54646
536510;54660
5366;54674
53666;54695
536682;54708
536686123;54722
536687401;54739
5366965;54756
53671;54771
5367256;54784
536739;54799
536743;54813
536785;54827
536812;54841
536854;54855
53686;54869
536861;54882
536883;54896
536930;54910
536938;54924
536950616;54938
536957;54955
536968;54969
536999;54983
537;54997,55025
5370016;55208
537035027;55223
537035221;55247
537035358;55271
537036415;55295
537052;55319
5370643;55333
53708;55349
537090764;55362
537098;55379
537113;55393
537142842;55407
537143449;55424
537143720;55441
537144327;55458
537144802;55475
537144997;55492
537256496;55509
5373026;55526
537319;55541
537320886;55555
537321048;55572
537338;55589
537373;55603
5374981761;55617
537510;55634
53752;55648
537533;55662
537563354;55676
537565289;55693
537617;55710
537632;55724
53765;55738
5376822;55751
537708;55766
53774;55780
537781;55793
5378;55807
537807;55819
53782;55833
537830;55847
537918;55861
537926;55875
537937;55889
537d;55903
538;55915,55935
538013;56091
538036;56105
538055;56119
538073;56133
538230;56147
538241745;56161
53824735;56177
538323349;56192
538323703;56209
538325201;56226
538327156;56243
5384325;56260
538498;56275
53855515;56289
538567;56304
538578;56318
538704;56332
538737135;56346
538752;56363
538783468;56377
538921;56401
538950805;56415
53898;56432
538981030;56445
539;56462,56498
539053;56612
5391;56626
539249;56638
539299;56652
539335;56666
539368;56681
539433;56695
539446358;56709
539463;56726
539619;56740
539678100;56754
539696;56771
5397;56785
539721340;56797
539833;56821
539894;56835
539901381;56849
539928;56866
53b;56880
53ce;56891
53k1467002;56903
53rd;56921
53z;56982
54;56993,57614
540;61582,61634
5400;61811
540001;61823
5400031805;61837
540081;61854
5400843024;61868
540164130;61885
540226;61902
540251881;61916
540302;61933
540318;61947
5403863192;61961
54039;61978
54048;61991
5405;62005
540531;62017
54057;62031
540665;62044
54068;62058
54075;62071
540783;62084
540794;62098
540801312;62112
54091;62129
54095;62142
540977;62155
540th;62169
541;62182,62194
541012;62335
541042089;62349
54112;62366
541225;62379
54122918;62393
54131;62416
541312107;62429
541332;62453
541344;62467
541356461;62481
541454;62498
54154;62512
541553391;62525
541554004;62542
541575;62559
541622;62574
541637;62588
541645;62602
5417;62616,62629
5417668819;62641
54178;62658
5418;62671
54187;62683,62697
54188;62710
541882;62723
541887;62737
54189;62751
541962;62764
541988;62778
541992;62792
542;62806,62834
542015;63020
542103;63034
542103785;63048
542128375;63065
542129612;63082
542131278;63099
542149;63116
542164;63130
5422;63144
542220;63156
542271;63170
5423;63184
542397;63196
542431052;63210
542435;63227
542454;63241
54249411;63255
542526;63271
54254;63285
542572;63299
5426;63313
5426562;63325
54266;63340
542690;63353
54276;63367
542786;63380
5428;63394
5428188;63407
5428190;63422
5428198;63437
5428199;63452
5428201;63467
5428202;63482
542824;63497
542839;63511
54285;63525
542850;63538
54286;63552
5428825;63566
5428829;63581
5428833;63596
5428841;63611
5428877;63626
5428880;63641
5428926;63656
5428967;63671
5428979;63686
5428981;63701
5428982;63716
54299;63731
543;63744,63878
5430;63906
543064;63918
543090398;63932
543097880;63949
5431972146;63966
5432;63983
54323;63995
543247;64008
543333;64022
543381;64036
5435;64050
543502258;64062
543526;64079
54353;64093
543534639;64107
5435519218;64124
54365;64141
543671;64153
54368;64167
5437;64179
54371494;64198
543728;64213
5438;64227
5438767076;64239
54388;64256
5439197124;64269
543926;64287
54392624;64301
543930;64316
544;64330,64482
544025;64494
544071;64508
544086;64522
544128;64536
544228;64550
544247;64564
5443;64578
544331;64591
544338;64605
544407;64619
544426;64633
544470763;64647
544476;64664
544502;64678
544542490;64692
544559;64709
544594;64723
544601;64737
544605;64751
54465;64765
544655;64777
54466;64791
544693;64803
544724;64817
54473031;64831
544739;64846
544741;64860
54475x;64874
544774734;64888
544786233;64905
5448;64922
544872;64935
5449;64949
544979;64961
545;64975,65003
545025;65096
5450363755;65110
545052;65127
5450863;65141
5451908;65155
545216;65170
545223;65184
545242;65198
545246;65212
5452497;65226
5452499;65241
545273;65256
545284;65270
545303;65284
545315;65298
545334;65312
545356069;65326
545403;65350
545452;65364
5455;65378
54551;65397
5455174;65410
54555;65425
545551;65438
545582;65452
545616;65466
54566;65480
545673;65493
545708;65507
545738;65521
545750146;65535
54576;65552
545773;65565
545784;65579
545811;65593
545853;65607
545862;65621
545876;65635
545893554;65649
545937;65666
545938399;65680
545940563;65697
54596;65714
546;65727,65747
546021;65867
54606;65881
546070;65894
546116;65908
54620064;65922
546230;65938
546255741;65952
546364;65976
546402;65990
546436;66004
546459;66018
546474;66032
5465;66046
54651439;66058
54652;66073
546543;66086
5465463;66100
546547;66115
5465595;66129
5465609;66144
5465615;66159
546562;66174
546587053;66188
546619823;66212
546667841;66236
546677;66253
546734;66267
546772692;66281
546773675;66298
546774005;66315
546814;66332
54682;66346
54686;66359
546892;66379
5469096;66393
546986;66408
546989;66422
547;66436,66549
54703;66561
54705;66581
54711;66595
54712021;66608
547131;66623
547150;66637
547192;66651
547195;66665
547199;66679
547215;66693
547218;66707
547260;66721
54729;66735
547336;66748
54735;66762
547360;66775
547398;66790
547428;66804
547478;66818
547503876;66832
54753;66849
5476;66862
547615;66874
547634;66888
547649;66902
54765;66916
547661;66929
54771;66943
54778;66956
547791332;66969
547796502;66986
5478;67003
54782;67016
547842678;67029
547846289;67046
54785;67063
547854458;67076
547890;67093
547894;67107
547909;67121
54793;67135
547943;67148
548;67162,67190
54804;67385
548050;67398
54806;67412
548080;67425
5481;67439
548130;67451
548132663;67465
548134095;67482
548135516;67499
548144;67516
54818;67530
548180;67543
54821076;67557
548229;67573
548241;67587
548256;67601
548298;67615
548313319;67629
548321;67646
548409;67660
54841;67674
548420;67688
54845;67702
548490535;67715
54851948;67732
548523;67748
5485381484;67762
548569;67779
548588;67793
548630;67807
548653;67821
548660;67835
5487;67849
5487023592;67866
548717;67883
54875;67897
548750500;67911
548775;67928
548798;67942
548820;67956
5489;67970
548912;67989
548950;68003
549;68017,68153
54901;68165
549038;68179
549072;68193
549090298;68207
549095;68224
549107;68238
549133;68252
549164;68266
549171133;68280
549216289;68297
54925;68314
549255;68328
549274;68342
549318134;68356
54933;68373
549346505;68386
549348325;68403
549380940;68420
549397;68437
549403437;68451
549404;68468
549407719;68482
549438;68499
549507;68513
549576;68527
54958663;68541
54959;68557
549610;68570
549664;68584
549686;68598
549695015;68612
549713580;68628
549782;68654
5498;68668
549809;68687
549831;68701
549839;68715
549848336;68729
549889;68746
549911;68760
549915886;68774
549918730;68791
54992;68808
5499418378;68821
549983178;68838
549983263;68864
54b;68890
54k;68901
54th;68912
54z;68959
55;68970,69746
550;75398,75434
5500;75713
5500000000;75739
55000204;75757
550003;75774
55002;75788
550060;75802
550076012;75816
550076292;75833
550102;75850
55011;75864
55013;75877
550140;75891
550143721;75905
550156;75922
55019;75936
5502;75950
550209;75962
55021;75976
550228;75990
550278;76004
550282;76018
550306263;76032
550312;76049
550377;76063
550392;76077
55046;76091
55050;76105
550510;76118
550530685;76132
55057;76149
550579;76163
55059;76177
550591;76190
5506;76204
55061;76217
550617;76230
550625;76244
550644862;76258
550671;76275
55068;76289
550686;76302
550709;76316
55072;76330
550720243;76344
550755;76361
550770;76375
55077386;76389
550774;76404
550812;76418
550816;76432
550819;76446
550827;76460
550838;76474
550877;76488
550885115;76502
5509;76547
550900;76559
550926;76573
550928699;76587
550930;76611
550934;76625
550953;76639
550964;76653
550972;76667
550976;76681
550th;76695
551;76708,76736
551018;76927
551023767;76941
551025006;76958
55103;76975
551037;76988
551060;77002
551075;77016
551086;77030
551090;77044
551140;77058
551147;77072
551167;77086
551174;77100
551178082;77114
551193;77131
5512;77145
551201;77163
551208;77177
55122;77191
551247;77204
551277;77218
55129;77232
551311;77245
55132;77259
551334;77272
551346;77286
551365;77300
551388;77314
551389;77328
551403;77342
551418376;77356
551437;77374
551449;77388
551476;77402
551487;77416
551510;77430
551517;77444
55151914;77458
551552;77474
551556;77488
551609;77502
551628;77516
551651;77530
551655;77544
551666;77558
551689;77572
5517;77586
551701;77598
551701466;77612
5517174;77629
551727;77643
551746;77657
551750;77671
55176;77685
551762;77705
55179;77719
551792;77732
551796;77746
5518;77760
55194;77772
551952;77785
551987;77799
5519884;77813
551988719;77828
552;77845,77865
5520300;78015
55203128;78030
552044;78045
552071;78059
552086;78073
552097;78087
552109;78101
5521135926;78115
5521254;78132
552132;78147
552135;78161
552142261;78175
552166;78192
5522;78206
55223;78219
552231;78232
552238;78246
5522507429;78260
552261;78277
552288;78291
55229;78305
552296;78317
5523;78331
552322;78344
55233;78358
552334;78371
552340985;78385
552351306;78402
552364;78419
552383;78433
552406;78447
552416226;78461
552419209;78478
552419992;78495
552436419;78512
552480801;78529
552490;78546
55250663;78560
552521;78575
552582;78589
552597;78603
552605;78617
552658;78631
552662;78645
552696;78659
552704285;78673
552705016;78690
552705131;78707
552705803;78724
552705965;78741
552706156;78758
552706299;78775
552706578;78792
552730568;78809
552780;78826
55278879;78840
552792;78855
5528;78869
552803;78882
552809319;78896
552818;78913
552834;78927
552837;78941
552841;78955
552872;78969
552876;78983
552895;78997
55292046;79011
552925;79026
552929;79040
552937;79054
552940;79068
552959;79082
552967;79096
553;79110,79138
5530;79273
553074;79285
553078;79299
553082;79313
553135;79327
553177;79341
553188;79355
553207;79369
553208297;79383
553209937;79400
553211;79417
553211067;79431
553211956;79448
553225764;79465
553226024;79482
553230;79499
553238;79513
553242;79527
553264920;79541
553280;79558
553280646;79572
553284;79589
55329;79603
553299;79617
553303;79631
553322;79645
553337;79659
553339598;79673
553345252;79690
553348497;79707
553349;79731
553360;79745
553364;79759
553366852;79773
553368;79790
553375;79804
553394;79818
553398;79832
5534;79846
553410;79858
553414606;79872
553423618;79889
553429;79906
553452;79920
55346;79934
553463;79947
553468548;79961
553470134;79978
553471253;79995
553474365;80012
553475361;80029
553574;80046
553577;80060
5536;80074
553631;80087
553696;80101
5537;80115
55372;80125
553767361;80138
553799;80155
553829;80169
553833;80183
55384773;80197
55389;80213
553894;80226
553928;80240
553935836;80254
553a26;80271
554;80285,80313
554001;80441
554019637;80455
55402;80472
55403;80485
55408;80498
55409;80511
55414;80524
55419;80537
554199;80550
554203543;80564
55423;80581
55425;80594
55427;80608
554272;80621
554325;80635
55433;80649
554376051;80662
554378587;80679
55443;80696
55445;80709
55449;80722
5544906259;80735
5545;80752
554503;80764
554513751;80779
554514879;80796
554517277;80813
554527;80830
554577;80844
554587177;80858
554592410;80875
554593309;80892
554610048;80909
554644585;80926
554653;80942
554653991;80956
554657918;80973
554658644;80990
554661;81007
554665700;81021
554672;81038
554693222;81052
554695;81068
5547;81082
554799284;81094
554893;81111
5549;81125
55497632;81143
55499;81159
555;81173,81314
555045688;81334
555054;81351
5550658703;81365
555074503;81382
555138;81399
55522;81413
555233;81426
555283;81440
5553;81454
555317;81466
555337665;81480
555356413;81496
555375423;81514
555380831;81532
555492;81549
555508;81563
55551;81577
555517822;81591
555523600;81608
555523731;81625
555526096;81642
555528372;81659
555529967;81677
555530597;81694
555535;81711
555555;81725
555639565;81747
55564898;81764
55566;81779
5557;81792
555717;81804
55577;81818
555794;81831
555866;81845
55588;81859
555958;81872
556;81886,81906
5560393333;82011
556080;82028
556095;82042
556099;82056
55611;82070
556111673;82083
556195435;82101
556196306;82118
556197189;82135
55620739;82152
556343;82167
556438;82181
556477;82195
556488;82209
5565;82223
55652;82233,82255
556553;82268
55666;82282
556671;82295
556698;82309
556705640;82323
556709;82340
55671;82354
556724633;82367
556744;82384
55678;82398
55684221;82412
556863;82427
556904;82441
556923;82455
556927;82469
556934;82483
556949400;82497
556961;82514
556973;82528
557;82542,82562
557003;82654
557018;82668
557026;82682
557045;82696
557076;82710
557087;82724
557091;82738
557190;82752
557205;82766
557247;82780
557274;82794
557278;82808
55730;82822
55732;82835
557339;82848
5574;82862
557438;82875
55750;82889
557525250;82902
557533;82919
557541;82933
557571;82947
557593550;82961
557678;82978
557705;82992
557712746;83006
557716;83023
557724;83037
557751;83051
557754973;83065
557789;83082
5578;83096
557819;83109
557823;83123
557861;83137
557993;83151
558;83165,83217
5580;83295
558018;83307
558047516;83321
558067;83338
5580th;83352
5581;83366
558125;83379
558155;83393
558186;83407
558262;83421
558266;83435
558296659;83449
558365;83466
55845265;83480
558586;83496
5587;83510
558811;83523
558823;83537
55895;83551
558d39;83564
559;83579,83591
559036;83740
55906;83754
55909;83767
559264;83780
559269;83794
559367;83808
559380;83822
5594;83836
559402;83849
559448;83870
559497595;83884
55951;83900
5595411658;83913
559566;83930
559589;83944
559597;83958
559612;83973
559719601;83987
559753;84004
559772;84018
55978;84032
559780;84045
559807;84059
55982;84073
559856470;84086
559929;84103
559949498;84117
559963;84134
559cda;84148
55aae0;84163
55b;84177
55ffff;84188
55px;84201
55th;84220
55vhtt;84294
56;84308,85018
560;88762,88806
56000;89022
560005;89035
56006154;89049
56013;89065
560137;89078
56016;89092
560166211;89105
560169;89122
56018;89136
560223;89149
56024;89163
560246;89176
56025;89190
560253;89203
560314;89217
560322;89231
560371;89245
560379;89259
56041;89273
5604439974;89287
560452;89304
560474;89318
560478;89332
5605;89346
560547;89358
56058;89372
560596;89385
560612;89399
560628326;89413
560696;89430
5607;89444
560719;89457
56072;89471
560745770;89484
560764;89502
56080345;89516
56081;89532
560875;89546
560889416;89560
56089;89577
560912492;89591
560914738;89608
560915098;89625
560916352;89642
560917034;89659
560918254;89676
560932;89693
56098319;89707
56098923;89724
561;89741,89769
56117;89939
561170268;89952
561184410;89976
561184863;89993
561195;90010
561248015;90024
561260;90041
5613;90055
561337;90067
561344;90081
561386;90095
56145;90109
56149554;90121
561523;90136
561565;90150
561661;90164
561667826;90178
561696197;90202
5617;90219
561787;90240
56184316;90254
561874;90269
561939;90283
562;90297
562057;90460
562080;90474
56208707;90488
562130;90504
56214571;90518
562252;90533
5623658299;90547
562366;90564
562395371;90578
562412;90602
562415639;90616
56247;90633
562488278;90646
5625;90663
562500;90675
562522042;90689
562527;90706
562546;90720
562634;90734
562717;90748
56272;90762
562749986;90775
562767;90792
562768955;90806
562769246;90823
562813;90840
562874;90854
562882818;90868
562899195;90892
562977;90909
563;90923,90935
563027534;91035
56304;91059
563065;91072
563088849;91086
5631;91103
563141;91120
563206;91134
56324;91148
563244;91161
56332;91175
563332;91189
56337511;91203
563454;91219
563522;91233
563543341;91247
563545;91264
563572;91278
563585625;91292
563618;91309
563663;91323
56367594;91337
563677243;91352
563678372;91369
563678800;91386
563679499;91403
563724788;91420
563725069;91437
563725303;91454
563725936;91471
563727603;91488
563727901;91505
563729143;91522
563729874;91539
563730639;91556
563731357;91573
563732351;91590
563733407;91607
563735410;91624
56375;91641
563839;91654
563889;91668
5639;91682
563949643;91695
563956969;91712
56396;91729
563981317;91743
563988;91760
564;91774,91786
5640;91929
564068;91948
564095778;91962
564099896;91979
564105656;91996
56414;92013
564140;92026
564215788;92040
564216165;92057
564216334;92102
564217305;92119
564222210;92136
564224146;92153
56432;92170
564346;92183
564350;92197
564374174;92211
564375666;92228
564378081;92245
564426;92262
564436101;92276
564468;92293
564484;92307
56452274;92321
564526;92336
564564;92350
564576164;92364
564580878;92381
5645858;92398
564632;92413
564650734;92427
564681383;92444
564683440;92461
5647;92478,92491
564713;92503
564714454;92517
564725885;92534
5647526;92551
564788293;92566
564789489;92583
564791008;92600
564888;92617
564891509;92631
5649;92648
564930;92660
564938;92674
564991;92688
565;92702
5650;92873
565010;92891
565031496;92905
565033605;92922
565075;92939
565117;92953
565179244;92967
565179425;92984
565181104;93001
565182543;93018
565187778;93035
565194339;93052
565197827;93069
5652;93086
565200167;93098
565201370;93115
565203284;93132
565203848;93149
5652139187;93166
565250231;93183
565250646;93200
565251981;93217
565253278;93234
5653;93251
565318335;93264
565320107;93281
565322050;93298
565323334;93315
565327281;93332
56533432;93349
565339660;93364
565407;93381
565418;93395
56546;93409
565475;93422
565476958;93436
565479;93453
565496584;93467
565502862;93484
565505781;93501
56555;93518
565609670;93531
565621654;93548
565630129;93565
565655;93582
565680656;93596
565729626;93613
565760486;93630
565769;93646
565777;93660
565781;93674
565784;93688
565784984;93702
565785399;93719
565786201;93736
565811;93753
565845;93767
565849;93781
565865;93795
565868;93809
56587124;93823
566;93838,93882
5660;94009
566002;94022
566006;94036
566029;94050
566032;94064
566048;94078
566051;94092
5661;94106
566147;94118
566158;94132
566193;94146
5662423372;94160
566296;94177
566315;94191
566344106;94205
566349;94231
566364;94245
566416612;94259
566448;94276
56648;94290
566609459;94304
566658;94321
566666;94335
566667;94349
566696;94370
5667;94384,94397
566704;94409
566708;94423
56676;94437
5667852163;94451
5668;94468
56684;94481
566840799;94494
566843713;94511
566859203;94528
56687;94545
5669;94558
56691;94570
56694;94583
567;94596,94731
5670;94751
56700;94763
567001;94777
567017;94791
567043;94805
56706;94819
5671;94833
567101869;94845
567131;94862
567139;94876
567177;94890
567245;94904
567249776;94918
567250278;94935
567383;94952
567390;94966
567392991;94980
567419178;94997
567467;95014
567474;95028
56753;95042
567574;95056
567600;95070
56767;95084
567719;95097
56772;95111
567734;95124
5677813292;95138
567820469;95155
567837020;95172
567867;95189
567882068;95203
567886;95220
567921;95234
567945186;95248
568;95265,95285
568039;95454
568058;95468
568185801;95482
5682;95499
56820;95511
568241;95531
568241470;95545
568246036;95562
56826401;95579
56828;95594
5683658719;95607
5684;95624
568412215;95636
568432;95653
5684379935;95667
56849;95684
568495761;95697
568499357;95714
568501100;95731
568531;95748
568536632;95762
568573230;95779
568588;95796
568601499;95810
56865;95834
5687;95924,95937
568729;95949
568752;95963
568760;95977
56881;95991
56884837;96004
568853748;96019
568856874;96036
568863;96053
5689;96067
568913712;96079
568918660;96096
568925541;96113
56894;96130
568974;96144
569;96158,96202
5690;96287
569012;96299
569027;96313
56904;96327,96341
569078730;96354
56908;96371
569115;96385
569123435;96399
569130;96416
5692;96430
56922;96449
569245397;96463
569294;96480
569347;96494
569439;96508
56944;96522
5695;96536
56956;96547
569584;96560
569588;96574
56963;96588
569636582;96602
56964;96619
56964278;96632
569683758;96647
569729;96671
569771;96685
56978;96699
569837396;96712
569837949;96729
569866;96746
56988;96760
569900300;96774
569908;96798
569912;96812
569965;96826
569981279;96840
569992;96857
56a;96871
56a0d3;96882
56b;96897
56px;96908
56th;96920
57;96980,97553
570;101168,101188
5700;101365
57001;101378
570055125;101391
570058219;101408
570072;101425
57014;101439
570181742;101452
57021;101469
570286173;101482
570288540;101499
57029;101516
570320;101530
570328;101544
570423;101558
570457315;101572
57048;101589
570492;101602
570514772;101616
570526328;101633
570532287;101650
570553;101667
570599;101681
5706048;101695
5707;101709
570778;101721
57078;101735
570815062;101748
57083;101765
570847;101785
57086;101799
570889;101813
57093;101827
570937087;101840
57096;101857
570988;101870
570995;101884
571;101898,101926
57102186;102092
57103;102115
571030855;102128
5710368156;102144
571053;102161
571056;102175
571102;102189
57111771;102203
57112197;102226
57112384;102249
57113;102264
571140227;102277
571140322;102294
571140498;102311
571140988;102328
571143054;102345
571267845;102362
5713;102378
571303239;102397
571308;102414
57131;102428
5713230;102441
57137;102455
57137139;102469
571391272;102485
5714;102502
571434786;102515
571435818;102532
571437507;102549
571453;102566
5715;102580
57151;102592
571564;102606
571571999;102620
571652829;102637
57171;102654
571751;102668
571754;102682
571789;102696
571833;102710
5718379708;102724
571865;102743
571899;102757
571925440;102771
57193;102788
571938272;102801
571938391;102818
57195;102835
571975184;102849
571995886;102866
572;102883,102903
57200206;102989
57200214;103006
57202;103023
572063;103036
572102;103050
5722;103064
57225;103077
5723;103090
57234;103111
57243;103125
5725;103138
57252;103150
572659117;103164
572659503;103181
5727;103198
572796;103210
57281;103224
57285;103238
572899;103251
57292;103265
573;103279,103299
57312;103398
57317;103412
57321;103426
5732168;103440
573219;103454
57326;103468,103482
57329;103495
5733;103509
57331;103521
57332;103534
57335;103548
57339;103562
57341;103576
573418339;103590
57342;103607
57346;103621
57347;103635
573479741;103649
57348;103666
573481815;103680
573494;103697
5735;103711
57351;103724
5735214949;103738
573589;103755
573658;103769
57369;103783
5737001896;103797
5738;103814
5738163;103826
57383;103841,103855
5738577247;103868
5739;103885
57390179;103897
57392;103913,103927
57395;103940
573963717;103954
573973522;103971
573974596;103988
574;104005
574024;104119
5741;104133
57413;104146
57414;104160
574154;104174
57415794;104188
574230;104204
57429;104218,104232
57433;104245
574334756;104259
574353688;104276
57438;104293
574392093;104307
5744;104324
57442;104337
57445;104351
574450684;104365
574451041;104382
574468094;104399
574469379;104416
57449;104433
57451;104447
57455;104460
574581;104473
5746;104487
574619;104516
57466;104530
57467;104543
57469;104556
5747;104569
574709972;104580
57471;104597
57475;104611
57476;104624
5748;104637
574800041;104649
57481;104666
574825;104680
57484;104694,104708
57485;104721
57486;104734
574901908;104754
574902027;104771
574944;104788
57494614;104802
574970;104818
57498;104832
574992403;104846
575;104863,104891
575010634;105041
575012039;105058
57502;105075
575050;105088
57506;105102
57511;105115
575142;105128
575150;105142
57517;105156,105170
5752;105183
575226;105195
575243116;105209
575317;105227
575325;105241
575336016;105255
57542;105272
575425;105285
575455;105299
575468335;105313
575478;105337
57550;105351
5755043;105364
575516;105378
57558;105392
575712828;105405
5757588148;105431
575802;105448
575806;105462
575863;105476
57594;105490
5759863163;105503
575993;105521
576;105535
576008;105622
576176;105636
5761781;105650
57625;105666
5763;105679
57643;105691
576436375;105705
576450;105722
576504735;105736
576550;105760
57658;105774
5766;105787,105800
57660079;105812
576649;105827
5766890049;105841
5767;105858
576702;105869
576721;105883
57675;105897
57683;105910
576922441;105923
576922946;105940
576923418;105957
57693;105974
576942;105988
577;106002,106014
5770;106176
577026;106188
577091;106202
577094160;106216
5771;106233
57717838;106244
577209;106260
57722;106274
577229;106288
577232;106302
577316105;106316
577354;106332
577423;106346
5774401426;106360
57745;106377
57749;106390
577515;106404
577534;106418
57763195;106432
57767;106447
577675;106461
5777;106475
57777;106487
5778;106500,106513
577805;106525
577821905;106539
577824;106556
577827810;106570
577829101;106587
577850007;106604
577854;106621
57787;106635
577881;106648
57791;106662
577932285;106675
577984;106692
577991;106706
578;106720,106740
57805;106866
57806;106879
578064;106892
578162655;106906
5782;106923
578217;106936
57822;106950
57832414;106963
578354;106978
578358;106992
578368809;107006
578484;107023
578598922;107037
578609;107053
578644;107067
578678;107081
578703639;107095
57871;107112
578750;107126
578785;107140
578817838;107154
578835;107171
578850;107185
578991;107199
578994792;107213
579;107230,107250
579090;107375
57912;107389
579124;107403
57917233;107417
579179553;107433
579205;107457
579212;107471
579273;107485
579283671;107499
579288;107523
579334;107537
579361995;107551
579365;107575
5793884397;107589
5794125795;107606
579456;107623
579494;107637
579540;107651
579559;107665
57956;107679
579576501;107692
579620;107716
57965;107730
579670;107743
579697;107757
579700;107771
579716;107785
579742;107799
579750;107813
579767972;107827
579814073;107845
579823;107862
579826;107876
579853;107890
579872;107904
579926;107918
579942963;107932
57999;107949
579999325;107962
57a;107979
57a9;107990
57b;108001
57c738;108012
57c8;108040
57db1e;108051,108074
57th;108109,108130
57z;108196
58;108207,108894
580;112504,112516
580020697;112616
580021213;112633
580025879;112650
580027071;112667
580028874;112684
580031376;112701
580032611;112718
580034155;112735
580040694;112752
580043741;112769
580044398;112786
580045246;112803
580046952;112820
580055077;112837
580067;112861
580112;112875
580120;112889
580124;112903
58012462;112917
58015;112932
580185;112946
580187824;112960
580189;112977
580190356;112991
580191142;113008
580192768;113025
580194403;113042
580196411;113059
580197199;113076
580198203;113093
580215;113110
580250;113124
580273;113138
580280;113152
5803;113166
580330;113178
580360;113192
580364;113206
580379;113220
58042;113234
58046;113247
580465035;113260
580465618;113277
580480011;113294
580480304;113311
580506316;113328
580517;113345
580547;113359
580551;113373
5805gt;113387
580620;113401
580642792;113415
580647224;113432
580647587;113449
580678738;113466
580692;113483
580805029;113497
580822;113514
580848714;113528
580849;113545
580952;113559
580959;113573
580e;113587
581;113599,113611
581024;113699
581058131;113713
581059;113730
581059881;113744
581066;113761
581081;113775
581165;113789
581184;113803
581226;113817
581234;113831
581238;113845
581249;113859
58125;113873
581264;113886
581266126;113900
581284;113924
581345;113938
581367;113952
581383;113966
581455;113980
581470;113994
5814732909;114008
581493;114025
581497;114039
581539;114053
581547128;114067
581548858;114084
581596;114101
581600;114115
581619344;114129
581620979;114146
581638;114163
58165845;114177
581676;114192
581700209;114206
58173;114224
581738;114237
581779241;114251
581783;114275
581818;114289
581833980;114303
58191502;114327
581921435;114342
581931323;114366
581940700;114390
581941096;114407
581978;114424
581986727;114438
582;114455,114475
582005;114672
582060921;114686
582062;114703
582066;114717
582072854;114731
582115;114748
5821848512;114762
582218;114779
582233418;114793
582237;114810
582241;114824
582279848;114838
582283;114855
582287;114869
5823;114883
582321;114896
582333;114910
58234;114924
582344;114937
582352;114951
58235908;114965
582363;114980
582371;114994
582375;115008
582386;115022
58240229;115036
582409;115051
582439;115065
582443;115079
582462;115093
582466;115107
582489;115121
582573;115135
5826;115149,115162
582603;115180
582623;115194
582661;115208
582672673;115222
582684;115239
582687;115253
58269;115267
582699;115280
58278;115294
58279;115308
582859;115322
582897;115336
5829;115350
5829100150;115362
582912;115380
582932;115394
5829548836;115408
58297;115425
582981;115445
582d;115459
583;115471
583012;115585
583035;115599
583046;115613
583096;115627
5831;115641
583111;115666
583128122;115680
58314;115704
583179;115717
583183;115731
583202373;115745
583221;115762
583248;115776
583271;115790
583298;115804
583309;115818
583333;115832
58336604;115853
583378;115868
583393;115882
583408;115896
583412;115910
583470416;115924
583561;115941
583565;115955
583572;115969
583587223;115983
5836;116000,116013
583611;116032
58363740;116047
583641;116063
58365;116077
58367;116090
583694;116104
583717;116118
583755;116132
583794;116146
5838286281;116160
583832;116177
583847;116191
583851;116205
583851655;116219
583872368;116236
583893;116262
583931842;116276
583933;116302
583935;116317
583965;116331
58397;116345
584;116358,116370
584034;116482
584054518;116496
584056928;116514
584057;116531
584065905;116545
584099;116563
584106;116577
584126081;116591
584148;116608
5842;116622
584207554;116634
584213;116658
584225663;116672
584295933;116689
584297;116706
584352006;116720
584358;116737
584388788;116751
584389212;116768
5843996;116785
584406102;116809
584408964;116826
584423;116843
5845;116857
584515;116869
584525519;116883
584526;116900
584527015;116914
584528533;116931
584529508;116948
58453;116965
584541588;116979
584559160;116996
584562689;117013
5846;117030
584610;117042
584633;117056
58465;117070
584657;117083
584665996;117098
584667;117122
58469;117136
5847;117149
584709;117161
58478;117175
584782;117188
584835357;117202
58485;117226
584854;117239
584870788;117253
584873;117270
584881;117284
584892;117305
584908;117319
584920464;117333
584920799;117350
58493;117367
584999904;117380
585;117397,117409
5850;117539
58501;117551
585049;117564
585121623;117578
585121854;117595
585154618;117612
585156760;117629
585157855;117646
585161253;117663
585167;117680
585203469;117694
585320;117711
585346;117725
585361718;117739
585362981;117756
585364474;117773
585433001;117797
585499;117815
5855;117829
585503722;117842
585506;117859
5855717659;117873
58559;117890
585602;117903
58562;117917
585644;117930
585678;117944
5856802;117958
585693;117972
585705;117986
585808;118000
585842;118014
58586;118028
58587;118041
58592;118055
585938;118068
585941;118082
5859504;118096
585968;118111
586;118125,118145
586021;118288
586052;118302
58608;118316
586082542;118330
5861;118347
586113;118359
586140;118373
586143;118387
586260145;118401
586261403;118418
586278090;118435
586279273;118452
58629;118468
586300;118481
586345297;118495
586345528;118521
586345658;118547
586346397;118565
586354391;118582
586357135;118606
586413636;118623
586416420;118640
586418311;118657
586419364;118674
586468;118691
586472;118705
586484746;118719
586536;118736
586551744;118750
586563;118767
586574587;118781
5866;118798
58665;118811
586653775;118824
586681;118850
586693;118864
5867;118878
586718588;118890
586735;118907
586761;118921
586784;118935
586788;118949
586792;118963
586796;118977
586803;118991
586807;119005
586811;119019
586829176;119033
586830;119050
586834;119064
586868;119078
586922;119092
586937;119106
5869607329;119120
587;119137,119165
587024665;119293
587040;119310
587059;119324
587101;119338
587132;119352
587135;119366
58718988;119380
587193;119395
587205655;119409
587318;119426
587334;119440
587376;119454
587410795;119468
58746256;119485
5875;119501
58753;119513
587532;119527
587534629;119541
587543;119558
587566846;119572
587593;119596
5876;119610
58762;119622
587620;119635
587635;119649
587670772;119663
587688;119687
587692;119701
587700;119715
58777219;119729
587807;119745
587839622;119759
587887;119783
587910;119797
587921;119811
587982;119825
587985361;119839
587990;119856
587px;119870
588;119883
588062236;119990
588064384;120007
58806458;120024
588086872;120040
588135;120064
588150740;120078
5881600;120095
588173459;120111
588177;120156
5882;120170
588254525;120182
588272904;120206
588292446;120223
588298750;120240
588309560;120258
588330055;120284
588360;120308
588427309;120322
588448383;120339
588450482;120356
588471055;120373
58847361;120389
588485142;120404
588486935;120430
588490;120448
588519156;120462
588547;120478
58855;120492
588585;120505
588631;120519
58863508;120533
588639360;120548
588655106;120574
588660923;120591
588662471;120609
588665;120627
588665148;120641
588683392;120659
588695472;120676
5887;120693
588701272;120705
58877;120722
58878088;120736
588872997;120751
588898;120775
5889;120789
588943;120801
588952582;120815
588982687;120839
588983303;120856
589;120873,120885
589010174;120991
589031;121008
589033463;121022
589038828;121039
589043;121063
589053517;121077
589073134;121171
589073621;121188
589154448;121205
589171216;121222
589172357;121239
589174153;121256
589176034;121273
589203;121290
589222471;121304
589223514;121321
589226;121338
589287408;121352
589288456;121369
589300641;121386
589302;121403
589310240;121417
589310892;121443
589336337;121469
589336448;121486
589424;121503
589426708;121517
589432;121535
589444;121549
589450928;121563
589451;121580
589459215;121594
589460309;121611
589462;121628
589474;121642
589500;121656
589516;121670
589521826;121684
58958;121708
589584;121722
589634;121736
589674605;121750
589674877;121767
589675877;121784
589676549;121801
589678893;121818
589679438;121835
589679682;121852
589681716;121869
589682862;121886
589684701;121903
589685410;121920
589685889;121937
589692351;121954
589729;121971
589764;121985
589783284;121999
58979;122016
589809;122029
589845452;122043
589870;122060
5899;122074
5899056792;122087
589924217;122104
589956726;122121
589962869;122138
589964034;122155
589964446;122172
589964677;122189
58a0b8;122206
58b;122221
58e4;122232
58ljaat;122244
58px;122259
58th;122270,122283
59;122335,122900
590;126598,126618
5900;126809,126822
590000;126834
590015;126848
590051083;126862
590063562;126879
590067569;126903
590106044;126920
590110741;126946
590122;126972
590123163;126986
590169595;127010
590187;127027
590189324;127041
59019;127065
590195;127078
590202;127092
590207723;127106
590222428;127123
590255734;127147
590294;127164
5903;127178
590305;127191
590317;127205
590328;127219
59034;127233
590358760;127246
590370833;127270
590374676;127287
590376839;127304
590439;127321
590489194;127335
590506908;127361
59051;127378
590513814;127391
590518;127408
590525041;127421
590526164;127437
590548838;127454
590569139;127478
590574999;127495
590588;127512
590596492;127526
590603;127543
590609653;127557
59062;127573
590626;127586
590633;127600
590636931;127614
590637629;127632
590637880;127650
590639690;127668
590649;127686
590686841;127700
59074;127724
590741976;127737
590752060;127754
590816056;127778
590816365;127795
590817042;127812
590817557;127829
590818325;127846
590819791;127863
590821864;127880
59084;127897
59085856;127910
590870;127926
590870385;127940
59088;127964
590927;127978
590934183;127992
590934540;128008
590938272;128024
590995995;128048
591;128093,128105
591026;128199
591044117;128213
591046572;128230
591061;128247
591103;128261
591110;128275
591116808;128289
591142299;128306
591183;128323
591200358;128337
591206;128354
59129;128368
591328110;128381
591342419;128398
591355107;128415
591355363;128439
591364596;128463
5914;128480
591424824;128492
59143;128509
591446379;128523
591488;128540
59150267;128554
591505547;128570
591511;128594
591511655;128608
591511661;128625
591514302;128642
591523;128666
59154;128680
591541;128693
59156;128707
591577743;128720
591595359;128737
5916;128761
591610;128773
591629;128787
591637;128801
591656773;128815
591692640;128832
591694;128849
591709;128863
591740;128877
591797391;128891
591815;128915
591835;128929
591835797;128943
591844;128967
59186;128981
591888;128994
591905969;129008
59191;129032
591930;129045
591937852;129059
59195596;129076
591959650;129092
591959953;129110
592;129128,129140
592029849;129278
5920470357;129302
592061452;129319
592068;129336
592112513;129350
592117;129374
592139079;129388
592144;129412
592165099;129426
592165560;129442
592166206;129458
592205499;129474
592224;129491
592232;129505
5922458;129519
592297;129535
592323;129549
592335;129563
592347074;129577
592354623;129601
59237;129617
592377495;129630
592384;129654
59240;129668
592422;129682
592434717;129696
59246232;129713
592487823;129729
592525;129753
592533;129767
592541;129781
592567;129796
592567640;129810
592597675;129827
592609;129844
592612994;129858
59264;129875
5926672816;129889
592701;129906
592724;129920
592745166;129934
592763463;129958
592870641;129982
592871757;129999
5929;130016
592911;130028
592949;130042
592968;130056
592994733;130070
593;130094,130227
593040;130239
593044;130253
593054516;130267
593054712;130284
59307;130301
593079;130314
593083399;130328
593089350;130345
5931;130369
593100094;130381
593133530;130405
593135305;130422
593137694;130439
59318;130456
593185;130469
593194032;130483
593195306;130505
59323;130523
593230629;130536
593230939;130560
593241682;130584
59324777;130601
593257417;130616
593257421;130633
593270411;130650
593277891;130667
593292;130684
5933;130698
593346634;130711
593365;130728
593395;130742
593414;130756
593439552;130770
593475454;130787
593498;130804
593510;130818
593513069;130832
593513925;130849
593514916;130866
593515836;130883
593515930;130900
593529;130917
593544;130931
593571;130945
593580256;130959
593594;130976
593594707;130990
593597441;131007
593598163;131024
5936;131041
593602682;131054
593604750;131071
593605286;131088
593606860;131105
593620;131122
593634620;131136
593651;131160
593655;131174
593666;131188
593674;131202
593716;131216
593720717;131230
593731397;131247
593731983;131264
593734617;131281
593735226;131298
593742;131315
593750;131329
593774254;131343
593799039;131360
593799698;131377
593815;131394
59384;131408
593845;131422
593877646;131436
593877957;131453
593878088;131470
593879653;131487
593922;131504
59393;131518
593931487;131531
59394;131548
593945;131568
59395;131582
593954444;131595
593956;131612
593960;131626
593962393;131640
593962570;131657
593963269;131674
593963604;131691
593963786;131708
593964;131725
593964631;131739
593983;131756
593991404;131770
593996490;131787
594;131804,131832
594021;131911
594026422;131925
594027961;131949
59403;131973
594055;131987
594067;132001
594074;132015
594078;132029
594085019;132043
594090;132067
594094806;132081
594101;132098
594110164;132112
594139;132129
594159613;132143
594186674;132167
594186958;132191
594200;132215
59421;132229
594250;132242
594311;132256
594320894;132270
594333712;132294
594376;132312
594383;132326
594391;132340
594424914;132354
594488073;132371
594507033;132395
59452;132489
59457;132503
594585;132516
594635;132530
59465;132544
594650;132557
594662;132571
594676484;132585
594680126;132602
594681;132619
5946877003;132633
594711;132650
5947147012;132664
594723;132681
594727;132695
594734;132709
594741565;132723
594752261;132740
594758908;132757
594761991;132774
594778569;132791
59481;132808
594841;132822
594845;132836
594967;132850
595;132864,132876
595017473;133038
595023340;133055
595023480;133072
595060748;133089
595070;133106
5951;133120
595104;133133
595125562;133147
595137250;133171
595147456;133188
595149426;133205
595162084;133250
595162322;133274
595162562;133298
595165;133322
595175172;133336
595219;133353
595222;133367
595226;133381
595234;133395
595241320;133409
595249;133426
595276;133440
595288048;133454
595295;133478
5953;133492
59531;133504
595317324;133518
59534633;133534
595375;133549
595379;133563
595424759;133577
595446359;133601
595450898;133618
595454;133635
595459119;133670
595470;133694
595473298;133708
595493;133726
59550;133740
595517801;133754
595525466;133771
595526342;133788
595527204;133805
595592147;133822
595593349;133839
595594884;133856
595604847;133873
595605550;133890
595605991;133907
595623;133924
595657268;133938
595657316;133955
595665;133972
5957;133986
595708;134005
595737;134019
595741;134033
595751266;134047
5957660079;134092
595783;134109
595784859;134123
595786027;134140
595789682;134157
595790522;134174
595790862;134191
595818;134208
595822284;134222
595824356;134239
595831550;134257
595833;134281
59584;134295
595867;134309
595886;134323
5959;134337
59593;134350
59595;134364
59598;134378
596;134392,134412
5960039496;134547
596016;134564
596024;134578
59603;134592
596031;134605
596035;134619
596046;134633
596050651;134647
596066;134673
596073822;134687
596082591;134713
596085906;134739
596094006;134755
596097520;134772
596098612;134789
596100766;134806
596102812;134823
59611;134840
59613;134854
596157;134867
596157281;134881
596184492;134905
596191;134929
59619617;134943
5962;134958
59621;134970
596218;134984
596226;134998
596226622;135012
596227766;135036
596242690;135060
596249069;135077
596249277;135094
596252253;135111
596252707;135135
596252819;135159
596253046;135183
596268;135207
596275;135221
59629;135235
596298;135249
596302;135263
596329;135277
596333;135291
596333768;135305
596347381;135323
596373370;135347
596386;135364
596390;135378
596397;135392
596410735;135406
596412110;135423
596430223;135440
596436163;135457
596437521;135481
59644;135505
596452776;135519
596455;135536
596478439;135550
5965;135567
596506400;135579
596507045;135596
596507503;135613
596507744;135630
596507882;135647
596508464;135664
596509327;135681
596509352;135698
596510173;135715
596512037;135732
596512324;135749
596523582;135766
596527;135790
596561;135804
596565;135818
596573;135832
5965915322;135846
5966048;135863
596629311;135887
59663246;135904
596635373;135920
596646734;135937
596688146;135961
596689212;135978
596697755;135995
596699834;136012
59670;136029
596705340;136042
596706;136058
59672;136072
596748;136085
596758207;136099
596772061;136116
596774134;136133
596776496;136150
596790;136167
596813982;136181
596814672;136205
596835226;136229
596863;136253
596880402;136267
596880828;136291
596889;136315
596916;136329
596924;136343
596931;136357
596951;136371
596954;136385
59695911;136399
596970;136414
596973;136428
597;136442,136462
597046;136562
59705;136576
597061;136590
597069;136605
597118;136619
59716;136633
597174643;136646
597183;136670
597228764;136684
597229;136708
597237;136722
597260;136736
597272359;136750
597328;136774
597336;136788
59734;136802
597347;136816
5973473;136830
597376551;136845
597448757;136862
597466;136879
597477324;136893
59748;136919
597489191;136932
597496;136956
5975;136970
597500;136982
597546;136996
597580871;137010
597581960;137027
597588214;137044
597589432;137061
597590053;137078
597596634;137102
597630;137119
59765;137133
597672808;137146
597679;137170
597692969;137184
597731883;137210
59775;137227
597782;137241
597791852;137255
597794963;137272
597795829;137289
597820610;137306
597821423;137330
597828;137354
597870895;137368
597878105;137385
597912;137409
597942;137423
597965;137437
597988758;137451
597993005;137469
597998868;137493
598;137511,137523
598023389;137713
598027649;137730
598034;137754
598072511;137768
598099;137785
598112641;137799
598141890;137823
598143296;137840
598148308;137866
598151206;137892
598152638;137916
598169;137940
59817;137954
598171;137968
598174682;137982
598179097;137999
598209;138023
598229202;138037
598243312;138054
598245896;138071
598247033;138088
598267;138105
598298297;138119
598335894;138136
598362631;138153
598366318;138170
59837;138187
598379798;138200
598379941;138217
598383298;138234
5984;138251
598404;138263
598412;138277
598419;138291
598429849;138305
598479215;138329
598532902;138353
598540;138370
598565224;138384
598579;138401
598595;138415
598606417;138429
598632659;138446
598655234;138463
598694202;138489
598707237;138506
598743;138523
598750195;138537
598750259;138554
598778;138571
598798649;138585
598802296;138602
598803118;138619
598808648;138636
598829189;138660
598831043;138677
598831944;138694
598832447;138711
598834880;138728
59884205;138745
598864960;138761
598884145;138785
598903345;138802
598939549;138819
598941999;138843
59895359;138860
598965;138876
598996671;138890
599;138914
599045;139040
599087342;139054
599107010;139078
59913084;139096
599145308;139112
599148;139129
599154717;139143
599159;139167
599167;139181
599174;139195
5992;139209
599205;139221
599220;139235
599232;139249
599239;139263
59925;139277
599262;139290
599297;139304
599300;139318
599312507;139332
599316;139354
599319571;139368
59933;139386
599331;139399
599339515;139413
599377303;139437
599392;139454
599413942;139468
599413945;139485
59943;139502
599474349;139515
599523543;139532
59953;139556
599541751;139569
599581176;139593
599598;139610
599603309;139624
599609;139641
599625;139655
599638702;139669
599640;139686
599672267;139700
599682;139724
599697;139738
599709;139752
599754;139766
599762242;139780
599786;139797
599792;139811
59979629;139825
599826854;139841
599834;139857
599874378;139871
599879661;139888
599880614;139905
599883442;139922
599884077;139939
59989;139956
599948551;139970
599957;139987
599964858;140001
599991971;140025
59a;140042
59b;140053
59b8;140064
59k;140076
59th;140087
5a;140154,140173
5a1810;140204
5a5ac5;140218
5a5f5c;140233
5asa01;140248
5asa02;140262
5asa03;140276
5asa04;140290
5asa05;140304
5asa06;140318
5asa07;140332
5asa08;140346
5asa09;140360
5b;140374,140393
5b00;140473
5b01273b;140484
5b1b8f;140500
5banne;140514
5bbackid;140528
5bfossil;140544
5bmotscl;140567
5btheme;140583
5btt;140598
5buid;140617
5by20;140630
5c;140643
5c5c33;140652
5c72;140667
5cf9;140679
5d;140691,140710
5d6;140811
5d7;140822
5d7cba;140833,140864
5d8;141389
5d9c8ec7;141400
5dn;141416
5e7;141428
5em;141439,141788
5ex;142739,142775
5f;142938,142957
5faizan;142995
5fm;143010
5ga;143028
5ghz;143039
5h;143051
5h2o;143088
5hr;143100
5k;143118
5ki11z;143135
5km;143149
5li;143160
5p;143171
5px;143182,143218
5q13;143453
5r;143465
5s;143475
5sbofbu9a;143504
5so;143521
5sq;143532
5tardium;143543
5th;143559,143715
5u;144769
5v;144779
5vkbp2oc5;144789
5wpc;144806
5x;144818,144861
5x5;145121
5x8;145132
5z1jhry0i;145143
