20;0,387
200;1914,1990
2000;2360,2541
200008;3307
2000a;3321
2000byp;3334
2000map;3348
2001;3362,3536
2001a;4160
2002;4173,4323
2002a;5056
2003;5076,5258
2003map;6009
2004;6023,6165
2004a;7052
2004map;7065
2005;7079,7245
2005a;8061
2005b;8074
2006;8087,8357
2007;9596,9841
2007a;10979
2007b;11006
2007plan;11019
2008;11035,11296
2008a;12774
2009;12794,13031
2009a;14238
2009b;14272
2009to;14285
200i;14299
201;14311,14331
2010;14404,14787
2010a;16518,16724
2010b;17151
2010iv;17164
2011;17178,17656
2011award;19552
2012;19639,20102
20122;25388
2012a;25401,25415
2012award;25428
2012b;25501
2012c;25515
2012d;25530
2012grouph;25544
2012stp400;25562
2013;25580,30119
20131229;30712
20134;30728
2013a;30741
2013award;30754
2013b;30771
2014;30784,32287
201403;39796
20140504;39810
20140612;39827
20140726;39843
20140830;39859
20141103;39875
2014ag;39892
2014review;39906
2015;39923,42554
20150122;42944
20150310;42961
20150405;42978
20150707;42994
20150708;43010
20150714;43027
20151104;43043
20151225;43060
2015a;43076
2015bustl;43089
2015data;43106
2015nyp;43122
2015recap;43137
2016;43154,43415
20161010;45233
20161025;45249
20161026;45265
2017;45281,45582
20170329;47036
20170501;47052
20170516;47069
20170808;47085
20171031;47101
20171112;47118
2018;47134,47380
20180212;49023
20180314;49040
20180424;49055
20180518;49071
20180729;49087
20180801;49103
20181108;49119
20181121;49135
2019;49151,49292
202;50009,50021
2020;50087,50108
2021;50141
2022;50160
2023;50179
2024;50197
203;50209,50229
2032;50294
2034;50306
2035;50332
20369;50344
204;50358,50370
204037;50430
2041;50444
20428;50457
2048;50470
205;50482,50502
2054907;50569
205f;50584
206;50596
2062;50641
2064;50654
2069;50666
207;50678,50690
208;50806
2084;50857
2085;50869
20850;50881
2087;50894
2089;50906
208903;50918
209;50932
20em;50977,50990
20first;51002
20h;51017
20h55;51028
20map;51041
20may2013;51054
20nation;51071
20ste;51087
20th;51100,51121
20upfront;51324
21;51341,51576
210;52836
2105;52875
2108;52894
211;52906,52918
2112;52964
21154;52976
212;52989,53009
21256;53034
213;53047,53067
21354;53099
214;53112,53124
2141;53135
2145;53147
21490;53159
215;53172,53184
21532099;53230
21578;53246
2159;53259
216;53271,53299
217;53338,53350
2171;53389
2173;53401
2174;53413
2179;53425
218;53438
2182;53470
2183;53481
219;53492,53504
21919658;53534
219256;53550
21cn;53564
21cr;53576
21pm;53588
21st;53600,53621
22;53695,53954
220;58223,58251
2201;58269
221;58281
22102;58306
222;58319,58339
2223;58357
22255;58370
22282;58383
222pp;58403
223;58416,58428
224;58446,58474
22416;58506
22493;58519
225;58532,58544
225173;58590
22548;58605
225533;58618
226;58632,58676
2262;58694
2262cbo;58706
22648;58721
227;58734,58746
22705;58792
227247;58805
2273;58819
2274;58831
227848;58844
228;58858,58878
229;58917,58937
22951;58955
22952;58968
22em;58981,58994
22f;59013
22nd;59024
23;59056,59323
230;60553,60565
2300;60611
2307;60623
230th;60635
231;60648,60668
2310;60714
2311;60726
2313;60738
23162;60751
232;60764
23254;60803
2326;60816
23264;60828
233;60841
2337;60894
23389;60907
23396;60920
234;60934
2340;61014
235;61026,61038
2350;61077
23533401;61088
23543913;61105
23550;61121
236;61135
236049;61195
2361;61210
236689;61222
23669;61236
236pp;61249
237;61262,61290
2371399;61328
238;61343,61355
23816;61380
238279;61393
2384;61407
239;61419,61455
23904;61515
2391;61528
23924;61540
23934;61553
23944;61566
23954;61579
2395899;61592
23961;61607
23964;61621
2396532;61634
23974;61649
23984;61662
23994;61675
23b;61688
23rd;61706,61719
23rdaward;61787
24;61804,62063
240;63448
24004;63522
24014;63535
24024;63548
2403;63561
24034;63573
24044;63586
24054;63599
240616;63612
24064;63624
24074;63637
24084;63650
24094;63663
241;63676,63688
24104;63726
2411;63739
24114;63751
2411934;63764
241215b;63793
2417;63808
242;63821
242102040;63832
242102042;63849
2423;63866
2424;63878
243;63890,63902
2433;63955
2434;63967
244;63979,63991
2449;64008
245;64020
24508;64038
2451;64051
246;64063,64083
2463;64115
246546;64127
247;64140,64160
2477;64178
2478;64190
248;64202,64230
2480;64276
248752;64288
249;64302,64322
249386;64382
24appoint;64396
24d;64413
24th;64424
25;64490,64734
250;66072,66084
2500;66242
25021;66254
25042;66267
251;66280,66292
251870;66338
251886;66352
251991;66366
252;66380,66392
2521;66446
25213;66458
253;66490
2532;66508
254;66519
25434;66530
25444;66543
255;66556,66568
2550;66579
25525;66598
256;66611
2560;66629
2562;66641
25648;66653
2565;66666
2567;66678
257;66690,66702
258;66748,66760
259;66792
25a;66830
25apr2015;66841
25b;66858
25k;66869
25th;66881,66902
26;66963,67182
260;68547,68559
26048;68605
261;68618,68646
26109;68664
262;68678
262667;68710
263;68723,68735
26312;68753
264;68766,68778
2640;68824
265;68836
2651;68875
266;68887,68907
26629;68932
26658;68946
267;68959,68995
2672;69006
2672sum;69018
26778;69033
268;69046
269;69092,69112
26th;69130
26thaward;69183
27;69200,69467
270;72372,72392
2700;72424
2707gt;72435
271;72449
2713;72488
2714;72501
27154;72522
2715808;72535
2715812;72550
27176;72565
272;72578
273;72610,72630
273273;72675
273510768x;72689
27376;72707
274;72739
2740;72813
274441;72825
27462;72839
275;72852,72880
27510;72898
2756;72911
276;72923,72935
277;73009,73021
2773;73053
278;73065
279;73104
2791;73171
27923469;73190
27936;73206
2798;73219
27th;73232,73245
28;73285,73560
280;75213,75241
281;75287,75299
2810;75359
2812;75371
281827;75384
282;75398,75418
28231;75485
2824;75498
283;75510,75530
2834;75576
2836;75588
283956539;75600
284;75617,75629
2843;75654
285;75666
28528203;75719
286;75735,75747
28614;75782
2863;75795
286730;75808
287;75822,75850
2872;75868
28795;75881
288;75893,75913
289;75959,75971
289616;76010
28e;76024
28th;76035
29;76087,76330
290;77858
290315;77897
29072010;77911
290860;77927
290907;77941
291;77955
29162;77987
2919;78000
2919sum;78012
292;78027,78055
293;78108,78120
29337;78165
294;78185,78197
295;78236,78248
2954;78301
296;78313,78349
2966;78395
297;78407,78419
2970;78458
298;78470,78498
299;78530
29914;78558
29924;78572
29934;78586
2994;78600
29944;78612
29954;78626
29964;78640
29974;78654
29984;78668
29994;78682
29th;78696
2a;78729,78740
2all;78757
2b;78769
2c;78779
2d;78789,78808
2d7;78844
2df;78855
2f;78866
2face;78875
2june;78888
2k15;78901
2million;78914
2nd;78930,78998
2ne1;79272
2ot;79284
2r;79295
2sosfact;79304
2suit;79321
2uol;79334
