50;0,11
5007802;35
5021516;50
502264;65
50393;79
50629118;93
51;109,120
5114776;130
5115546;145
515035;161
5166;175
5177;187
517730;198
517731;212
517735;226
517739;240
517740;254
517741;269
517742;284
517769;299
517782;314
517783;328
517784;342
517785;356
517786;370
517818;384
5182370;399
518238;414
518466;428
518502;442
519464;456
52395;470
52448;482
52466;495
525306;506
52607;520
52619;534
530307;546
5335029;560
53626;575
538242;588
5395705;603
5397459;618
54011;633
54267;646
54503;659
546;670
54837;681
549;694
5498;705
552;718
553;729
55587;740
55869;753
55929;766
560;779
56120;790
5639;803
564320;815
56522;829
5653222;842
56569;857
5664834;869
57;884
571841;893
573046;907
5768;921
57760984;933
5778388;949
5791932;964
58052;979
58053;992
580578;1005
58221;1019
58222;1032
58267;1044
58679;1057
590291;1070
592200;1084
592647;1098
592662;1112
5944;1126
5954505;1138
5968219;1153
597703;1169
598119;1183
59925;1197
5b4;1210
5d;1221
5pb;1231
5th;1242
