10;0,11
100;140,168
1000;193,206
1075;246
1094;259
10th;272,301
11;375,386
110;429
1121;447
113th;459
1148;563
1149;575
1169;587
11th;606,627
12;638,649
1202;707
1210;719
1239;731
1256;743
1266;755
1270;767
1286;780
1291;792
12th;804
13;823
1315;833
1329;845
1333;858
1337;871
1340;884
1341;896
1352;909,922
1360;934
1361;946
1366;959
1377;972
1378;985
1380;998,1011
1388;1023
1390;1036
1391;1057
1394;1070
1396;1091
1397;1104
1399;1117,1138
13th;1149,1162
14;1202
1400;1226
1402;1247
1405;1268
1406;1280
1408;1309
1410;1322,1335
1413;1354
1414;1366,1379
1415;1391
1416;1412,1433
1418;1445
1420;1474,1487
1422;1506,1519
1423;1531,1544
1425;1556,1577
1426;1589,1602
1427;1614
1428;1627
1430;1640
1431;1659
1432;1672
1433;1685
1437;1698
1443;1711
1446;1724
1451;1737
1455;1748
1456;1761
1483;1774
1485;1787
1487;1799
1490;1811
1491;1829
1496;1841
1499;1854
14th;1866,2007
15;2186,2205
1500;2304
1507;2323
1508;2342
1510;2354
1516;2366
1520;2378
1522;2391
1524;2403
1529;2415
1530;2427,2440
1540;2452,2465
1541;2477,2490
1544;2502
1545;2521
1550;2533
1552;2552
1553;2564
1554;2583
1556;2595
1557;2614
1558;2626
1560;2638
1561;2650
1568;2663
1570;2676
1571;2688
1573;2700
1574;2712
1576;2724
1585;2736
1588;2748
1589;2761
1590;2773
1591;2785
1592;2797
1593;2809
1595;2835
15th;2847,2940
16;3164
1600;3174
1601;3186
1608;3198,3211
1609;3223
161;3235
1610;3245,3258
1612;3276
1614;3288
1616;3300
1617;3326
1618;3338
1619;3351
1620;3363
1621;3396
1625;3407
1626;3419
1627;3431
1629;3443
1630;3454
1635;3501
1641;3513
1642;3525
1645;3544
1646;3570
1647;3589
1650;3608
1651;3634
1652;3646
1653;3658
1655;3670,3683
1657;3695
1660;3707
1661;3718
1662;3731
1667;3743
1670;3755
1673;3767
1674;3779
1677;3792
1679;3804
1681;3823
1682;3842
1683;3854
1686;3867
1690;3879
1691;3891
1696;3917
1697;3929
1698;3942
16th;3954,3991
17;4224
1700;4234
1701;4253
1703;4272
1705;4291,4304
1707;4330
1709;4343
1712;4355
1713;4376,4389
1715;4415
1716;4428
1717;4461
1718;4473,4486
1720;4505
1723;4516,4529
1724;4548
1725;4560
1726;4571,4584
1727;4603
1728;4615,4628
1729;4640
1730;4652
1731;4685
1733;4718
1734;4737,4750
1735;4776
1738;4788
1739;4814,4827
1740;4839
1742;4852
1743;4865,4878
1745;4890,4903
1746;4915
1750;4926
1751;4938
1753;4951,4964
1754;4975
1755;4987
1756;5006
1757;5032,5045
1758;5057
1759;5083
1760;5109
1761;5128
1763;5140
1764;5152
1765;5178,5191
1766;5228,5241
1767;5267
1768;5285,5298
1770;5310
1771;5329
1772;5342
1773;5354
1775;5394,5415
1776;5447
1777;5473
1778;5486
1779;5497
1780;5516,5537
1781;5583
1782;5595,5608
1783;5641
1784;5660
1785;5673
1786;5685
1787;5711
1788;5737
1789;5770
1790;5782,5795
1791;5841
1792;5867,5880
1793;5923,5944
1794;5970,5991
1795;6017,6038
1796;6092,6113
1797;6139
1798;6151
1799;6184
17th;6217,6238
1800;6494,6507
1801;6561,6598
1802;6645
1803;6676
1804;6709,6722
1805;6747,6760
1806;6786
1807;6819
1808;6831
1809;6857
1810;6904
1811;6965
1812;7012
1813;7059
1814;7078,7091
1815;7131
1816;7157
1817;7190
1818;7209
1819;7221
182;7240
1820;7272
1821;7332
1822;7377
1823;7410,7423
1824;7455
1825;7509
1826;7555
1827;7723
1828;7749
1829;7767
1830;7813,7842
1831;7915,7936
1832;7969
1833;8002
1834;8096
1835;8149
1836;8321
1837;8353,8374
1838;8433
1839;8466
1840;8492,8529
1841;8588
1842;8635,8648
1843;8681
1844;8727,8740
1845;8828
1846;8875
1847;8908
1848;8987
1849;9020
1850;9067
1851;9113,9126
1852;9173,9202
1853;9289,9310
1854;9391,9420
1855;9474
1856;9582
1857;9615,9636
1858;9718
1859;9748,9769
1860;9903,9932
1861;10143,10164
1862;10253
1863;10453
1864;10759,10848
1865;10861
1866;11010,11023
1867;11097,11110
1868;11136
1869;11196,11234
1870;11247,11260
1871;11430,11443
1872;11497,11510
1873;11648,11661
1874;11721,11734
1875;11795,11816
1876;11985,11998
1877;12059,12072
1878;12161,12206
1879;12337
1880;12437,12458
1881;12552,12565
1882;12645,12666
1883;12740,12753
1884;12819
1885;12975,12988
1886;13136,13149
1887;13223,13244
1888;13298
1889;13420,13433
1890;13499,13544
1891;13603,13616
1892;13697
1893;13860,13881
1894;13968,13981
1895;14091,14112
1896;14208,14297
1897;14310,14339
1898;14420,14449
1899;14554,14575
18th;14615,14692
19;14879
1900;14903,14940
1901;15191,15212
1902;15314
1903;15417,15438
1904;15560,15589
1905;15712,15733
1906;15884,15921
1907;16090,16111
1908;16235,16272
1909;16434,16455
1910;16658,16679
1911;16890,17069
1912;17090,17103
1913;17400,17445
1914;17565,17602
1915;17803,17824
1916;18008,18029
1917;18146
1918;18296,18325
1919;18505,18534
1920;18684,18729
1921;19045,19082
1922;19246,19453
1923;19466,19495
1924;19660,19681
1925;19874,19919
1926;20099,20112
1927;20312,20427
1928;20440
1929;20618,20790
1930;20827,21234
1931;21287
1932;21432,21636
1933;21649,21670
1934;21813,21842
1935;21963,22131
1936;22160,22297
1937;22318,22468
1938;22497,22534
1939;22649,22694
1940;22827,22856
1941;23206,23227
1942;23362,23407
1943;23605,23650
1944;23843,23912
1945;24050,24095
1946;24253,24282
1947;24483,24544
1948;24805,24842
1949;25041,25078
1950;25283,25328
1951;25671,25932
1952;25985,26006
1953;26280,26317
1954;26473,26534
1955;26720,26765
1956;27015,27201
1957;27254,27283
1958;27473,27510
1959;27695,27724
1960;28007,28052
1961;28432,28485
1962;28780,28841
1963;29075,29144
1964;29440,29517
1965;29888,29933
1966;30224,30261
1967;30478,30523
1968;30724,30937
1969;30982,31043
1970;31319,31388
1971;31773,31850
1972;32066,32119
1973;32407,32444
1974;32685,32730
1975;32937,33305
1976;33326,33355
1977;33686,33755
1978;34060,34089
1979;34482,34527
1980;34909,34954
1981;35536,35807
1982;35828,35849
1983;36074,36119
1984;36452,36505
1985;36886,36947
1986;37242,37311
1987;37644,37713
1988;38057,38126
1989;38382,38475
1990;38858,38967
1991;39532,39925
1992;39970,40031
1993;40507,40616
1994;41107,41184
1995;41633,41694
1996;42054,42260
1997;42329,42406
1998;42659,42680
1999;42928,43117
19th;43637,43722
1da;44529,44541
1fowlea;44552
1st;44567
