80;0,67
800;358,386
8000;472
800000;490
800001;513
80000273;534
80000276;551
80000279;567
80000280;583
80000436;599
80001379;615
800016;631
8000282;645
80003390;661
8006091;677
802;692,704
8025574656;722
8028;740
803;752
804;763
805;774,786
8058;797
807980;808
808;822,834
808080;845
8080b0;859
809;873
8097;891
80px;903
80th;929
81;942,977
810;1160
81000170;1178
8105;1194
81148;1206
812;1219
81231;1307
813;1320
815;1331
8154793110;1342
8174;1361
818e;1373
81st;1385
82;1397,1440
820;1727
82001521;1739
82002145;1756
82003850;1772
82003863;1789
8203438;1805
821;1821
822;1832
8226;1857
82265;1869
823;1882
825486;1893
825862;1907
82718;1922
828;1935
82caff;1946
83;1960,2011
83000548;2195
83001129;2210
83001135;2226
83001269;2241
83002195;2257
83003549;2274
83003854;2290
83003997;2307
83004056;2324
83004057;2339
83004058;2354
83004061;2370
83004063;2386
83004065;2402
83004067;2418
83004069;2434
83004070;2450
83004071;2466
83004072;2482
83004073;2498
83004074;2514
83004162;2530
831;2546
8316;2563
832;2575,2587
833;2598,2610
835;2621
836;2632
837;2650
84;2662,2673
840;2878
84000617;2889
84003575;2906
840333;2922
8409;2936
841;2949
842;2960
843968;2971
84399;2985
8446801;2999
845;3014
8454;3025
846;3037
8480;3048
84th;3060
85;3071,3162
850;3455,3467
8500;3513
85001189;3532
8517;3549
85172;3560
8525;3573
8529;3585
8533;3597
855;3610
8557;3628
8564;3639
857;3651
8575619;3668
858609197;3683
858842122;3699
859;3716
8593;3727
85th;3739
86;3758,3809
860;4021
86002160;4039
86003096;4055
86003100;4071
86003242;4087
86003252;4103
86003254;4119
86003255;4135
86003256;4151
86003304;4167
8601;4183
861;4195
863198532;4206
8634510;4223
864;4238
8652;4255
8659;4267
866;4279
867;4290
868;4301
86b6f2;4312
86th;4326,4339
87;4358,4377
870;4546
87000042;4557
87001366;4572
87001419;4587
87025;4603
871;4616,4628
872;4639
8721;4651
8728;4663
873;4676,4688
8737;4699
8750;4711
87519;4723
876;4736
876980;4747
8779;4761
878;4774,4786
879;4832
87th;4843
88;4855,4954
880;5267
88000646;5278
88005;5294
8801;5307
881;5319
882;5330,5342
882342;5353
883;5367
884b;5378
8852;5390
886;5402
886068;5420
887;5435
89;5446,5489
890;5679,5691
89001916;5709
890909;5725
891;5739
89101;5750
891045;5763
89151;5777
892;5790
89646678;5801
897;5816
898;5827
89th;5838
8a;5850
8b0000;5860
8cb9;5881
8d16dd0a;5893
8h;5909
8l20;5919
8th;5931,5951
8tp;6079
