30;0,299
300;2060,2096
3000;2355
30000;2372
3000000;2385
300px;2401,2471
300x150px;2721
301;2738
3010;2749,2762
3012;2773
3016;2785
30165;2798
30198;2811
302;2825
3023;2871
302nd;2884
303;2897
3030th;2915
3033;2929
3034;2941
304;2953
304th;2965
305;2977,2989
3057;3042
307;3054
3072;3065
308;3077
3085;3088
308908000;3100
309;3118
30fp;3136
30h;3148
30px;3166
30th;3213
31;3232,4167
310;4402,4414
31000;4432
310px;4452
311;4465
311106;4476
312;4490
3125;4501
3126;4513
313;4525
314;4542
314788;4553
315;4567,4587
316;4619
3160;4630
316027;4642
3164;4656
3166;4669,4682
316667;4721
3170;4736
317000;4747
31739;4760
318;4773
3186;4798
319;4817,4829
31e;4840
32;4863,4986
320;5569,5581
3200;5613
321;5626,5638
3217;5663
32285;5675
323;5688
324;5699
3241;5724
3244;5736
324902;5748
325;5761,5773
325px;5805
326;5818
327;5829
3275;5841
327703;5853
328;5868
329;5891
329363;5916
32cd32;5930
32nd;5944
32q;5963
33;5974,6113
330;6769,6781
330066;6806
3303;6821
3310;6832
332;6844
33208;6869
3323;6882
3328;6893
3329;6905
33385;6917
3342;6931
3343;6943
3345;6955
335;6968
3352;6986
335868;6998
336;7012,7024
33600;7035
33630;7053
336600;7066
33700;7079
337efn;7097
338;7111
3380;7122
33815;7134
339;7148
3396;7159
339887;7178
339933;7192
33a;7206
33rd;7217
33x30px;7236
34;7251,7446
340;7936
34000;7947
341;7960,7972
34142;7983
34169;7996
341efn;8009
342;8022
3421;8033
343;8045
3431;8056
3434;8068
345;8080
3453;8091
34674;8103
3468;8116
347;8128
34722;8139
348;8153,8165
348295;8189
34991;8203
34th;8216
35;8240,8339
350;8910,8930
350000;8989
3502;9003
3503;9014
3504;9026
350kw;9038
350px;9051
351;9090
3512;9101
35137;9113
351px;9126
352;9139
3520;9150
3521;9161
3539;9173
354;9185,9197
35477;9208
355;9222,9234
35554;9245
3557148;9258
3557388;9273
356;9288
356763;9299
357;9313
3573;9324
358;9335
3584;9360
359;9372,9384
35em;9402
35th;9414
36;9426,9525
360;9932
36000;9999
360175;10012
3605340;10026
360643;10041
361;10056
362;10076
363;10115
3636;10133
364;10146
365;10170,10182
366;10193
3675000;10211
368;10226
36802;10244
368206;10257
36er;10272
37;10284,10391
370;10770
370000000;10781
37020000;10797
371;10813
3716;10824
37198;10837
372;10850,10862
37205;10894
373;10907
37373;10919
375;10931,10943
376;10982
37742;11007
3778;11020
378;11032
379;11050
3798;11061
3798218;11073
37th;11088
38;11106,11221
380;11686
3800;11718
3807203;11730
380826;11746
381;11761
3818204;11773
382495;11789
3829;11803
384;11815
385;11826,11838
3864;11863
387;11875
38803;11892
388366;11906
3889;11920
389;11932
38th;11943
39;11962,12053
3900;12594
39035;12613
392;12626
3925;12637
39301;12647
3931;12660
393245;12673
3939;12687
394;12699
395;12710
396;12721
39629;12732
397;12745,12757
398;12768
399;12780,12792
39930;12831
39th;12844
3a;12863
3alog;12880
3ar;12893
3b;12904
3b170b;12914
3crate;12928
3d;12942
3dflow;12952
3em;12966
3h;12977,12996
3h3;13012
3nowrap;13023
3px;13038
3r;13049,13060
3rd;13084,13136
