70;0,629
700;3276,3376
7000;3914
70000;3987
700000;4007
70002;4021
70007;4034
7001;4047
7003;4058
7004;4070,4083
70044;4095
700556;4108
70058;4122
7006;4135
70061;4148
7007;4161
7008;4173
70086;4186
70088;4199
7009;4212
70090;4224
70090102;4237
70096;4253
700px;4266
700th;4293
701;4334
7010;4458
701045;4469
70105;4484
70107;4497
70109;4510
70112;4523
70118;4536
70120;4549
70121;4562
70134;4575
70135;4588
70139;4601
7014050;4614
70141;4629
70145261;4643
70147a;4658
70148;4672
70152;4685
70168;4698
70171;4711
70172;4724
70176;4737
7018;4750
70194;4762
702;4775,4787
7020;4920
70206;4931
70208705;4944
70209;4960
702152600;4973
7022143;4991
70222;5007
70232;5020
70233;5033
70234;5046
70240;5066
702471;5079
7025;5093
70254;5106
70262;5119
70268;5132
70269;5145
70271;5158
702741159;5171
70277;5189
702784;5202
70279;5216
702824;5229
702848;5242
70288;5256
70291305;5269
703;5284,5320
70304;5442
70313;5455
70314;5468
70319;5481
70322;5494
70323;5507
70325;5520
70327;5533
7034;5546
70356;5559
70357;5572
703617692;5585
7036705017;5601
70373;5618
70378;5631
70381;5644
70390;5657
70398;5670
704;5683,5703
70405;5748
70407;5761
70412;5774
70414;5787
704347;5800
70438;5814
70440;5827
70441;5840
70449;5853
70456;5866
70467;5879
70468;5892
7047;5905
70473492;5917
7047764;5933
70492;5949
70494;5962
70495;5975
705;5988,6008
70509;6109
70518;6122
7052406669;6135
70525;6152
7054;6165
70544;6177
70551693;6190
7056;6206
70597504;6218
706;6234,6262
70604415;6355
70608902;6371
70621;6386
70626;6399
7063;6412
7064;6425
70646677;6438
7064819344;6454
7065;6472
7065773;6485
7066;6499
70663;6511
70667;6525
7068;6538
70687002;6551
7069;6566
7069738507;6579
707;6596,6632
7070;6794
7072;6807
70723087;6819
70736;6835
70754;6848
7076622248;6861
70772;6878
70784;6891
707872;6904
7079;6919
70793;6930
707983495;6943
708;6959,7063
70803;7075
70812;7088
70817;7101
7082;7114
70820;7126
70828;7139
7083;7152,7165
7083465457;7177
708375;7194
70848;7208
70853;7221
70864308;7234
70884;7249
70885481;7262
709;7278,7298
7090;7418
7091;7430
70917;7442
70919;7455
70941;7468
70948;7481
7095;7494
70959;7505
7096;7518
7096127;7538,7554
70965;7569
70969;7582
70973;7595
70974;7608
7098;7621,7634
70985;7646
7099;7659,7672
70993;7684
70999;7697
70di;7710
70k;7722
70legend;7733
70n;7749
70px;7761
70th;7778,7860
70x70px;7881
71;7896,8224
710;9890,9902
7100;10027
71000;10039
710000000;10052
710017;10069
71004;10083
7101;10096
71015;10108
71021;10121
71049;10134
71056;10147
7106;10160
710642;10172
71070;10185
71075;10198
7108;10211
71081;10222
71089;10235
710965;10248
711;10262
711067;10408
71107;10421
71114;10434
71127391;10447
71129355;10462
7113142923;10478
71138;10495
7114;10508
71141;10520
7114341855;10533
7115;10550
71161;10562
71176;10575
71191;10588
711916;10601
71192622;10616
712;10631,10643
71202;10747
7122;10760
71223;10772
71223236;10785
71240328;10801
71244;10816
71252;10829
71253;10842
71256;10855
712577;10868
71263;10882
71264;10895
71268;10908
712867735;10921
713;10937
7131;11024
7132;11037
71323;11049
71325522;11062
71339;11078
7134;11091
71341;11110
71350333;11123
71370218;11139
7138;11155
713872;11167
713873;11181
71391;11195
71392;11208
71395981;11221
714;11237,11362
7141;11382
71410457;11394
71448884;11410
7145;11426
71451;11438
714527476;11451
714528922;11469
7146037817;11487
714630245;11504
714669;11520
714784801;11535
7148;11551
71484;11563
7149424;11576
715;11591
71526;11677
71529;11690
71536;11703
71539;11716
71557;11729
71558;11742
71562681;11755
71575;11770
71583941;11783
7159;11799
715917;11818
716;11833
71608;11944
71610;11957
71617;11970
71618;11983
71621;11997
7162941694;12010
7163;12027
7165;12040
71663;12052
716667;12065,12080
7167;12094,12107
71673;12119
716915605;12132
71691787;12148
717;12164,12184
717092473;12250
717171;12268
7172298431;12283
71762;12300
71763049;12313
717709;12329
7179;12343
71793180;12355
718;12371
7182;12480
7183;12492
71834;12504
71834183;12517
718360533;12532
71851;12550
71854496;12563
7186;12578
71878;12590
71881986;12603
718843;12618
71894;12632
719;12652,12672
7190;12759
71900907;12770
71919;12786
71925115;12800
7193378;12816
7193379;12830
7195;12844
71954;12856
71987;12869
71990580;12882
71st;12898
71th;12959
72;12971,13336
720;15181,15209
7201;15359
720145;15371
7203;15386
7204;15398
720439119;15411
720439333;15427
720606;15443
72064;15458
72093;15471
720px;15484
721;15497,15570
72134096;15582
72156;15598
7217;15611
721727907;15624
7218269706;15641
7219352722;15658
72198947;15675
722;15691,15719
722075408;15835
722075711;15852
72214;15869
72217091;15882
7222;15898
72227;15911
7223;15925
72243;15937
722522;15950
72264;15964
7226685;15977
72278825;15992
72298431;16008
723;16023,16043
72301;16143
72315;16156
72322755;16169
72345;16185
72348410;16198
72359;16214
7236786485;16227
72368512;16244
723756;16260
72377790;16274
7238;16290
72384;16302
724;16314,16326
72406120;16427
7241;16443
72416;16455
72418;16468
72421;16481
72426;16494
72444;16507
72446;16520
7246;16533
7247;16545
7249;16557
725;16569,16589
7250541;16694
72582273;16710
72582304;16726
72583;16742
726;16755,16775
72602;16918
72614;16931
7262071;16944
72627;16959
7265;16972
72651184;16984
72657;16999
72668075;17012
726696;17028
72672;17042
72676;17055
726a5f;17069
727;17083,17095
72711;17188
7272;17201
727229955;17214
727256;17230
7274;17244
7276;17263
727606;17274
7277;17289
72775492;17301
72776;17317
72783104;17330
72783288;17346
72785;17361
72786461;17374
72787;17390
727882;17403
72791;17417
72791720;17430
727964;17446
728;17460,17472
7280260324;17593
72803;17610
7281;17623
72812;17635
7285;17648
72852;17667
72861;17680
72864;17693
7289;17706
729;17719,17830
729197;17842
7294;17856
72940329;17868
72943747;17884
7295;17900
72983;17912
729932189;17925
72aa;17941
72f;17953
72ff58;17964
72h;17978,17990
72kbp;18001
72nd;18014
72px;18088
73;18100,18399
730;20095,20139
730000ff;20209
7300697565;20225
73007706;20242
73009900;20258
730099ff;20274
73010;20290
730189085;20303
730524;20319
73071;20333
73081;20346
73082;20359
731;20372
7312027505;20478
73125;20496
7313;20509
731321;20522
7314;20536
73145;20549
73145194;20569
73145350;20585
73145369;20601
73154382;20617
7316;20633
73161194;20645
73166048;20661
73166303;20677
73179;20693
73185;20706
73189013;20719
73193;20735,20749
73199;20762
732;20775
7320168;20861
73203;20875
73215;20895
7322;20908
7322241;20920
73226;20935
73235;20948
73242722;20961
73243095;20977
73249422;20993
73249572;21009
732507829;21025
73255500;21042
73277;21058
7329;21071
733;21083,21119
73328161;21219
7333;21234
73332;21252
733405185;21265
733437768;21289
73346;21313
73363;21326
7337436;21339
7337438;21353
73383;21367
73394952;21380
734;21396
7340;21456
73403;21468
73415318;21481
7341618;21497
73423011;21512
73424002;21528
73424007;21544
73425007;21560
73425018;21576
73427372;21592
73429;21608
73432;21621
73437393;21634
73440177;21650
7346;21666
73463;21679
73472222;21692
73474;21708
7348237;21721
734f96;21735
735;21771,21791
73501234;21960
73503;21976
73505;21989
73546165;22002
73548341;22017
7356149554;22033
73572;22050
73573;22063
735742;22076
73583426;22090
73583566;22106
7359129786;22122
7359334;22139
736;22155,22167
73603;22254
736031;22267
736127;22281
736143;22294
73615181;22310
73631275;22325
73633321;22341
736443;22357
73651701;22371
73652638;22386
736582755;22402
73662;22418
73674;22431
736742;22444
73676282;22457
73676347;22473
736824;22489
7369;22503
736984;22516
737;22530,22665
737018;22677
73706378;22691
737297;22707
73737;22721
73746;22734
737465;22747
737480;22761
737537;22775
737555;22789
737566;22803
737640;22817
737656;22831
737755;22845
73779065;22859
737854;22875
737885;22889
737892;22903
73792;22917
73792195;22930
73792215;22945
737976;22961
737991;22975
738;22989
738007;23097
738014;23111
73802807;23125
7381;23141
73826313;23153
73833;23169
738342;23182
73845983;23196
73851;23211
7385462;23224
73857271;23240
7387;23256
7388;23269
738930;23281
739;23295,23323
739007;23428
73902083;23442
73908381;23458
7391;23474
73910587;23486
73913;23502
73914407;23515
73915108;23531
73918863;23547
73921417;23563
73924005;23579
739510;23594
73953759;23608
73954120;23624
73954389;23640
73959177;23656
73966503;23672
73967;23688
73972990;23701
739745;23717
73975190;23731
73975729;23747
73984411;23763
73988231;23779
73997815;23795
73997918;23810
73998785;23825
73998970;23840
73cc33cc;23855
73ff3333;23871
73nd;23887
73rd;23899
74;23974,24347
740;26170,26182
740010;26294
74001127;26308
74002707;26324
74006602;26340
7401;26356
74010816;26366
74016111;26382
74016364;26398
74018364;26414
74018385;26430
74020080;26446
74026090;26462
74026138;26478
74031369;26494
74031384;26510
74031387;26526
74031414;26542
74035;26558
7403585315;26571
7403743267;26588
74037977;26605
74049866;26621
7405;26637
74051269;26649
74051958;26665
74052006;26681
74052401;26697
74053848;26713
74055373;26729
74055450;26745
74059779;26761
74059877;26777
74066304;26793
74066314;26809
74072295;26825
74078739;26841
74079853;26857
74087;26873
74089073;26886
74091;26902
740947951;26915
740950083;26932
741;26949,26961
74101676;27083
74103899;27099
74104183;27115
741096;27131
74118371;27145
74119206;27161
74130691;27177
74132885;27193
74139868;27209
7414;27225
74143137;27237
74144181;27253
74144196;27269
74144435;27285
74145042;27301
74150680;27317
74153320;27333
74154283;27349
74157139;27365
74157359;27381
741661;27397
741676;27411
74170564;27425
7417290807;27442
74173315;27459
7417366;27475
74178428;27490
74178544;27506
7418;27522
741966;27533
742;27547,27567
74200012;27694
7420955;27711
74222960;27726
74222999;27742
74227;27758
7423;27771
74232133;27783
74235;27799
74235737;27812
74241476;27828
74247;27844
7425;27857
74251384;27869
74259986;27885
742609373;27901
742610567;27918
74277298;27935
74284927;27951
74290280;27967
74290464;27983
74293079;27999
74298429;28015
743;28031
7430;28233
743080044;28245
743120658;28262
74313;28279
74354;28292
74355009;28305
743622;28321
74365141;28335
7438;28351
74386672;28363
74387;28379
74390789;28392
74390815;28408
74392427;28424
743975;28440
744;28454,28482
744175675;28601
74422436;28617
74428;28633
744324;28646
74439;28660
74446594;28673
744591;28689
7446;28703
7447;28716
74476817;28728
74481201;28744
74482;28760
745;28773,28825
74502;28940
745060;28953
745083;28967
74509;28981
74517648;28994
74519;29009
745239;29022
74524;29036
7453;29049
7453382;29061
74534;29076
74546;29089
74558;29102
74568;29115
7457048;29128
745796;29142
745819;29156
74583;29170
745935;29183
745bp;29197
746;29211,29223
746111;29296
74616;29310
746208;29330
746243;29344
74654338;29358
74654675;29374
7467261;29389
746942;29403
74696875;29417
746971;29433
747;29447,29459
7470;29538
74703430;29550
74703740;29566
74703938;29582
74703994;29598
74708;29614
7471852303;29627
747342585;29644
747635;29660
74765;29674
7476788;29687
74769;29702
74779822;29715
74780091;29731
747809;29747
74783;29761
74787339;29774
74793;29790
74796474;29803
747971;29818
748;29832
7480;29949
74808;29961
748162;29974
74825;29988
748360;30001
74838;30015
74849;30028
748528;30041
74855;30055
7486;30068
74860610;30080
74861;30096
74868;30109
7487;30122
74873;30135
7488009;30148
74882;30163
74883852;30176
74884;30192
74891;30205
74895;30218
74898;30231
749;30244,30264
74903;30356
7491;30369
74915;30388
74921;30401
74922;30414
749247;30427
7493;30441
74931;30453
749329;30466
749352;30480
749363;30494
74941;30508
7495;30521
74966;30533
7496938011;30546
7497;30564
74974;30574
74974957;30587
74974994;30603
74985;30619
74988;30632
74988655;30645
74992;30661
74993;30674
749969;30687
74997;30701
74999;30714
749998719;30727
749998856;30743
749998883;30759
74c;30775
74c365;30787
74team;30864
74th;30878
75;30904,31452
750;33955,34047
7500;34442,34455
75006;34481
7501;34494
75012;34505
75016;34518
75018;34531
7502;34544
75023;34556
75026;34569
7503;34582,34595
75032;34607
75036;34620
750443;34633
75051;34647
75054;34660
75056;34673
7506;34686
75063;34699
750664;34712
75069;34726
7507;34739
75074;34751
75078;34764
75079;34777
7508;34790
75084;34803
750854;34816
75087;34830
750bc;34843
750cc;34856
751;34869,34913
75102;35041
751060;35054
7511;35068
75114;35079
751205;35092
751221;35106
751266;35120
751328;35134
751335;35148
7514;35162
75144;35175
751488;35188
751511;35202
7515285;35216
751572;35230
75166;35244
7516616;35257
751671;35272
7517;35286
751709;35299
751717;35313
75172;35327
751732;35340
75175;35354
75181;35367
75182;35380
75184;35393
751843;35420
75191;35434
75196;35447
752;35467,35567
752068;35587
75208;35601
75211;35614
752159;35627
7521632314;35641
75219;35658
7522;35671
75223;35683
75224;35696
75226281;35709
75228;35725
7523;35738
752328;35750
75239;35764
75240;35777
752434;35790
75245;35804
752525;35817
75256;35831
75262;35844
752678;35857
75271;35872
75282;35892
75284;35905
752876;35918
75292698;35932
75296;35947
752960;35960
753;35974,35986
75305;36074
75306;36087
753067;36100
75307;36114
75313;36127
75316;36140
75317;36154,36168
753174;36181
75318;36195,36209
753189;36222
75319;36236
75321;36250
75322;36264
75323;36278
753231;36292
75324;36306
75325;36320
75326;36334
753281;36348
75329;36362
753293515;36376
7533;36392
75330;36405
75331;36418,36432
753326;36445
75333;36459
753342;36473
75335;36487
75339;36501
75339695;36515
75340564;36531
75344;36547
75344636;36561
75345;36577
75346;36590
753464;36603
75348;36617,36631
7535;36644
75351;36657
75352;36677
75354;36691,36705
75354375;36718
75355;36734
75356;36748,36762
75357;36775
75358;36788
75359;36802
7536;36816
75360;36828
75364;36841
75365;36854
75366;36867
753685;36881
75369;36894
7537;36908
75370;36920
75372;36933
75375;36946
75376;36959
75377;36972
7538;36986
75381;36999
75382;37012
75383;37025
75385;37038
75389;37051
75390;37065
75391;37078
75394;37092
75396;37106,37120
75398;37133
753983;37147
754;37161,37301
75400;37313
75401;37326
75402;37339
75404167;37353
75406;37368
75407;37381
75408;37394
75410;37407
75416;37420
754167;37433
75417;37447
75419;37460,37474
75420;37487
75421;37500,37514
75424;37527
75426;37540
75429;37553
75431;37566
75433;37579
75434;37592
75435;37605
75437;37618
754372;37631
75438;37645
75439;37658
75442;37671,37685
75443;37698
754433;37711
75446;37725
75447;37738
75450;37751
75451;37764
75453;37777
754547;37790
75457;37804
7546;37817,37838
75460;37857
754608;37870
75461;37884
75462;37897
754623;37910
75465;37924
75467;37937
7547;37950
754700125;37963
75471;37979
75472;37992
7547316551;38005
75474;38022,38036
75475;38049
75476;38062
75478;38082
754807;38095
75482;38109
75483;38122
75485;38135
754852;38148
75486;38162
754860;38175
75487;38189
75488;38202
7549;38215
75492;38227
754929;38240
75494;38254
75496;38267
75498;38280
75499;38293
755;38307,38319
7550;38424
755035;38436
75504;38450
7550528;38463
75507;38477
75509;38490
7551050;38503
75512;38518
7551381;38531
75517;38546
75518;38559
7552;38572
755203;38584
75521;38598
75523;38611
75527;38624,38638
755272;38651
75530;38665
755302;38678
75532;38692
75533;38705
75535;38719
755359004;38732
75538;38749
75539;38762,38776
75542;38789
75543;38802,38816
755432;38829
755478;38843
75548;38857
75549;38870
75552;38883
755520;38903
75553969;38917
755556;38934
75557238;38948
75558;38965
755615;38978
755630;38992
75569;39006
7557;39019
755714;39031
75572;39045
75577;39058
75578;39071
75581;39084
75584;39097
7559;39110
75592;39123
7559584379;39136
75596;39153
75598;39166
75599;39179
755997;39192
756;39206
75600;39305
75601;39318
756012;39338
7560246587;39352
75603;39369
75605;39382
75606;39395
75607;39408
75608;39421
75615;39434
75618;39447
75619;39460
75620;39473
756210;39486
75622;39500
75623;39513
75624;39526
75629;39539
7563;39552
756341;39565
75635;39579
75638;39592
75642;39605
756424;39618
75643;39632
756439;39645
756457;39659
756477;39673
75648;39687
75652;39700
75653;39713
7565366;39726
75656;39741
756569;39754
75659;39768
756592;39781
756622;39795
75664;39809
756706;39822
7567082;39836
756744;39851
75675;39865
756775;39879
756783;39893
75678968;39907
75679;39922
75680;39935
756866;39948
75688;39962
7569;39975,39988
756905;40000
75691;40014
75695;40027
7569501996;40040
756966;40057
75697;40071
757;40084,40096
7570;40205
75704;40224
757050;40237
75706;40251
757095;40264
757126;40278
757133;40292
75715;40306
75716;40319
757164;40332
75717;40346
757197193;40360
757202;40377
75722;40391
757225;40404
75723;40418
757233;40431
75725;40445
757286;40458
757294;40472
757301;40486
757309;40500
757332;40514
757370;40528
757377901;40542
757378;40559
7574070;40573
75741;40588
757416652;40601
757423;40618
75743;40632
757439;40645
757446;40659
75747;40673
757523;40687
75755;40701
757553;40714
757622;40728
757636;40742
75765;40756
757668;40769
75772;40783
757721;40796
75773;40810
757805;40823
7578150;40837
757820;40852
7578520;40866
75786;40881
75790;40894
757954;40907
757957;40922
75797;40936
757980;40949
757file;40963
758;40977,40989
758003;41097
75801;41111
758011;41124
75802;41138
758044;41151
758057;41164
758087;41178
75809;41192
75816;41206
758186;41219
7583;41233
75830;41245
758308;41258
75834;41272
758362;41285
758377;41299
75840471;41313
75841;41329
75843;41342
75845;41355
758469;41368
75847;41382
758484;41395
75851;41409
758522;41422
758591;41436
7586234808;41450
75865;41467
758652;41481
75866;41495
75868;41508
758759;41521
75876;41535
75878;41548
758789;41561
758835;41575
758842;41589
758865;41603
758873;41617
758888;41631
75890;41645
75891;41658
758950;41671
758965;41685
758987;41699
758th;41713,41727
759;41740
75900;41878
759018;41891
759026;41905
75905;41919
75907;41932
75910;41945
7591078;41958
75911;41973
759111081;41986
75911498;42003
75912;42018
759155;42031
759201;42045
75921;42059
75923;42072
75926;42085
75927;42098
75928;42111
759298665;42131
759323;42148
759415;42162
759430;42176
75944;42190
759445;42203
759460;42217
759506;42231
759514;42245
75952;42259
75954;42272
75955;42285
759560;42298
759598;42312
75960;42326
759628;42339
759651;42353
759682;42367
75972;42381
759727;42394
759735;42408
7597411;42422
759750;42437
759758;42451
759773;42465
759789;42479
7598;42493
75982;42506
75983;42519
75984;42532
759865;42545
75991;42559
759911;42572
759918;42586
75993;42600
75a;42613
75b;42625
75b2dd;42637
75em;42672
75inch;42712
75kbp;42727
75pt;42741
75px;42753
75th;42835
76;42910,43257
760;44917,44953
760017;45046
760071;45060
76008;45074
760086;45087
7601;45101
760109;45113
76011;45127
76012;45140
76014;45153
760155;45167
760170;45181
76018;45195
760223;45208
760231;45222
760254;45236
760277;45250
76029;45264
760292;45277
7603;45291
76032e;45303
76035786;45317
760406;45332
76041;45346
760414;45359
7604236603;45373
760452;45390
760460;45404
760477545;45418
76048;45434
760490;45454
760498;45468
760506;45482
760521;45496
760544;45510
76055;45524
760567;45537
76057;45551
76061;45565
760643;45578
760651;45592
76066041;45606
76067;45621
760712;45634
760773;45648
76080;45662
760818;45675
760892;45689
760918;45703
760933;45717
760941;45731
760956;45745
761;45759,45771
76100;45857
761000;45870
761002;45885
761017;45899
761026;45913
76103;45927
76109;45940
761101;45954
76111;45968
761116;45981
761124;45995
761162;46009
761194;46023
76126;46038
761276;46051
761292;46065
761299;46079
761307;46093
761314;46107
761324149;46121
76133;46138
76139;46151
761429;46165
7614648342;46179
76149;46196
761505;46216
76151;46230
76156;46243
761561;46256
7616;46271
761620;46283
761627;46297
761688;46311
761703;46325
7617095709;46339
761711;46356
761739158;46370
76177;46387
761772;46401
76178;46415
761787;46428
7619;46442
761902;46461
761932;46475
761948;46489
761963;46503
762;46517,46537
76201;46663
762024;46676
762039;46690
762085;46704
7621;46718
7621198;46731
76213;46747
76213433;46761
76214;46776
76216;46789
762215;46802
762230;46816
762245;46830
76226;46844
762268;46857
76227;46871
76228;46885
762283;46898
762299;46912
762314;46926
76232;46940
76236;46953
76237;46966
7623973489;46979
762398;46996
7624;47010
762444;47023
762535;47037
762550;47051
762566;47065
76258;47079
762627;47093
762688;47107
7627;47121
76272;47133
762794;47146
7628097;47160
76281;47175
76281284;47189
762817;47205
762856;47219
762894;47233
7629;47247
762909;47259
762924;47273
762932;47287
762955;47301
76296;47315
76297283;47328
763;47344,47453
763023;47481
763039;47495
76304;47509,47523
763084;47536
763092;47550
7631;47564
763123;47576
76316;47590
763191;47603
76325;47617
76326;47630
763298;47643
76332;47657
763321;47671
763329;47685
76334;47699
763347;47712
763359;47727
76337;47741
76339;47754
763397;47767
763420;47781
763428;47795
763443;47809
763451;47823
763527;47837
763551;47851
76357;47865
76359;47878
763603;47891
763608;47905
76363;47919
763657;47932
7637;47946
76373;47959
763733;47972
76374;47986
7637550831;47999
763771;48016
763809;48030
76386;48044
763882088;48057
763908;48074
76392;48088
76395;48101
764;48114
764000;48201
76403;48215
76405;48229
764076;48242
76408;48256
7641;48269
76413;48281
764153;48294
76416;48308
764168;48321
76426;48335
76430;48348
76431;48361
764320;48374
764336;48388
764352;48402
764389;48416
76439;48430
7644;48443
76442;48454
764503;48467
76462;48481
764624;48495
764748;48509
764771;48523
764816;48537
764854;48551
764877;48565
7649;48579
76493;48591
764969;48604
76498;48618
765;48631,48651
765015;48730
765060;48744
76511;48758
76512;48772
76513;48785
76514;48799
76516;48813
76517;48827
765198;48841
76521;48855
76522;48869
76523;48882
76524;48896
76527;48909
7653;48923
765312;48935
76532;48949
76534;48963
76535;48976
7654;48990
7654130;49001
76544;49016
76548;49030
765480;49044
765488;49058
76554;49072
76564;49086
76567;49100
7657;49113
765709;49125
765724;49139
765749320;49153
76575;49170
7658;49184
76586;49196
765945;49209
76595;49223
765968;49236
76599;49250
765991;49270
766;49284,49296
766006;49410
76601016;49424
76603;49440
76604;49453
76611;49466
766113;49480
76612;49494
76615;49507
76616;49520
766182;49534
76622248;49548
76625;49563
76627;49576
76631;49589
766312;49603
766350;49617
76638;49631
7664;49645
76641;49657
766418;49670
76643;49684
766464;49698
766525;49712
7665282;49726
766556;49741
76657;49755
76661;49768
766617;49781
76667;49795
76669;49809
7667;49822
766724;49835
76676;49849
76683;49863
7668390;49877
76684;49892
76689;49906
766899;49919
76693;49933
76694;49946
766th;49960
767;49973,49993
76704;50059
76705;50073
76706;50087
76708;50101
767082;50115
7671;50129
76716;50142
76717;50156
76721;50169
767235;50183
76724;50197
76728;50211
7673;50225
76731;50238
767311;50252
76732;50266
76733;50280
76734;50294
767342;50308
76735;50322
76736;50336
76738;50350
76739;50364
7674;50378
76742;50390
76744;50404
76746;50418
767464;50432
76749;50446
76750;50460
76753;50473
767570;50487
76758;50501
767593;50515
76763;50529
76764;50543
76768;50557
767685;50571
76774;50585
76775;50599
767776;50613
76778;50627
7679;50641
767975;50653
768;50667,50687
768028;50793
76806742;50807
76807;50823
768097;50837
76815;50851
7682;50865
768227;50877
76822861;50891
7682300;50907
76824;50923
76825;50937
76834;50951,50965
76838;50978
768417;50992
76842;51006
768425;51020
76848;51034
76856;51048
7686;51062
76861;51075
768616;51088
768623;51102
76864;51116
76864159;51130
76873;51145
768753;51159
76877;51173
768803;51186
76885;51200
76886;51214
76887;51228
768929;51241
76894;51255
768px;51269
769;51282,51302
769005;51368
76901;51382
76903;51395
76916;51408
76917;51422
76918;51435
7692024;51448
76921;51464
7693;51478
769302;51491
769363;51505
76945;51519
76948;51533
7695;51547
769547;51559
76964;51573
76972;51587
7698;51601
76980;51614
76993597;51627
769974;51642
76999;51656
769cbb;51670
76dc09d5;51686
76er;51701
76p;51720
76th;51731,51744
76thru96;51782
76v;51798
76w;51809
77;51820,52200
770;53960,54089
7700;54101
770000;54113
7700546;54127
770081;54142
7701;54156,54169
770119;54181
77012;54195
77015;54208
77016;54222,54236
7702;54249
77027;54262
77032;54276
77033168;54289
77036;54304
77038;54318
7704;54331
77046;54344
770508;54358
77055;54372
770569;54386
770638;54400
77065;54414
77071;54428
77076;54442
77087;54454
770874;54467
770882;54481
77089;54495
77090814;54509
770958;54525
771;54539,54666
77104;54678
77105;54692
7710928917;54706
77113003;54723
77117;54738
77118;54752
7713;54766
77130;54778
771317;54791
77134;54805
77146;54819
7715;54833
77154;54846
771561;54860
771576;54874
77173;54888
771796585;54902
7718;54918
771839;54931
7718757;54945
7719041;54961
77195;54976
772;54990
77208;55075
77214;55089
7722;55102
77226;55115
77234;55129
77238;55143,55157
7724;55170
77245;55183
7725;55197
77253;55209
77259;55223
77264;55237
77267;55251
7727;55265
77273;55275
77281;55289
7729;55303
77295;55316
77298;55330
773;55344,55372
7730;55424
77306;55437
773071;55451
77308;55465
77314;55479
77321;55493
77322638;55507
77332;55522
773392;55536
773422;55550
77344;55564
77345;55578
77346860;55592
77347442;55609
773560;55626
77357;55640
773582;55654
773613;55668
77371;55682
77372;55696
773788;55709
77384;55723
77385;55737
77391;55750
773964;55764
77397;55778
774;55792,55804
77400381;55922
77403;55938
77405;55952
77409;55972
77413;55986
7741596699;56000
774246;56017
77425;56031
774269;56045
774323;56059
77438;56073
774389;56087
77439;56101
774399;56115
77445;56129
77448;56142
774483;56156
77459;56170
774590;56184
7746;56198
774624799;56211
77474;56229
774773;56242
77477375;56256
77481;56272
774841;56286
77486;56300
774918;56313
77495;56327
77495244;56340
775;56356,56512
775024;56532
7750358;56546
775055;56562
77506;56576
775062;56590
77515;56604
775238;56618
775278;56632
77528;56646
77531508;56660
77543;56676,56690
775475;56703
77550;56717
775536;56730
775581;56744
775589;56758
7756;56772
77566;56784
775681;56798
775684;56812
77569;56826
7757;56839
775711;56852
775764;56866
77578962;56880
775803;56895
77582;56909
77583;56922
775864;56936
775894;56950
775902;56964
775917;56978
77593;56992
775993;57005
776;57019
7760;57105
776031;57117
776039;57131
77605;57145
77606;57159
776077;57172
77609436;57186
776123;57202
776184;57216
776207;57230
77621;57244
77622;57257
7762331367;57271
776237;57288
776306;57302
77630639;57316
776321;57331
776352;57345
77641;57359
77646;57372
77651;57385
7766009;57398
776642;57413
776726945;57427
776732471;57443
77676;57459
776764;57473
77677;57487
77678;57501
77679;57515
7768;57529
77682;57542
77683;57556
77684;57570
77688;57584
776886;57598
776894;57612
7769;57626
776947;57638
77698;57652
77699;57666,57680
777;57693,57737
77704;57830
77711;57843
77712;57856
77724;57870
77727;57884
77737;57897,57911
777390;57924
77741;57938
77748;57952
777480760;57966
777481;57984
7775203;57998
77753;58012
77754;58026
77756;58040
77758044;58053
77763;58068
77768;58082
77772;58095,58109
77783;58122
77785;58136
77786;58150
7779;58164
77794;58177
778;58191
7780;58319
77804;58331
77808;58345
7780a;58358
77811;58371
778120228;58384
7781235;58402
77816;58417
7782;58431
778222201;58443
77824;58461
77835;58474
778397;58488
77841;58502
77845;58516
77848;58529
77849;58543,58557
778519;58570
77859;58584
77862;58597
77864;58610
778662622;58624
77870;58640
77876;58653
77882;58666
77887;58680
778870;58693
778877;58707
778893;58721
7789;58735
77897;58754
778976;58768
7789978981;58782
778999;58799
779;58813,58833
7790;58911
77906;58923
779068;58936
77913;58950
77915;58964
77916;58977
77927;58991
77941;59005
77947;59019
77948;59033
7795;59046
77951;59058
779510;59071
77952;59085,59099
77954;59112
77958;59126
77959;59140
7796;59154
77963;59167
77965;59181
77968;59195
77969;59209
77970;59223
77972;59236
77976;59250
77977;59264
7798;59278
779823;59291
77984;59305
77987;59319
7799;59333
77992;59346
77993;59360
77994;59374
779976;59388
77998;59402
77dd77;59415
77th;59436
77x77px;59483
78;59498,59847
780;61597,61625
7800;61726
7800219615;61745
7800219631;61770
7801370937;61795
7801370953;61820
78014;61845
78022;61858
78028;61871
780281;61885
78034331;61899
780472;61915
7804768;61929
78049;61944
78062;61957
780739;61971
78076;61985
780772;61998
780785;62012
7808;62026
780853;62039
7808601;62053
7809;62067
78098;62079,62093
781;62106,62118
78101;62233
78104;62246
78108;62259
78132;62272
78133;62285
78136235;62299
78138;62314
78147;62327
781509;62340
78156;62354
781570;62368
7816152;62382
7818301;62397
7818328;62412
781869;62427
7819470;62441
78199;62456
782;62469
7820;62571
7820004;62583
782013;62598
78223;62612
7823568583;62625
7824;62642
7825;62661
78257;62673
78273;62687
782753;62700
782768;62714
78278;62728
78284;62742
78291;62756
78295;62769
782973;62783
783;62797,62809
7830943;62925
7831;62940
78312;62953
78319;62966
783258;62986
783279;63000
7833;63014
78331;63027
78334;63041
783379;63054
78338;63068
78342;63081
783424;63094
78347;63108
783503;63121
78361;63135
783653;63148
783730;63162
7837503;63176
783859;63191
783867;63205
78391;63219
78396;63232
783989;63245
784;63259,63279
7840;63371
78403;63383
784050;63396
7841;63410
78413;63422
784187;63435
784218;63449
78424;63463,63477
78427;63490
78429;63503
78436;63516
784378;63530
7844;63544,63557
784470;63568
7844770;63582
7844805;63597
7845420;63612
7845929;63627
78466;63642
7846871;63655
784691;63670
7846910;63684
784752;63699
78493;63713
78498;63726
785;63739
78500;63838
785049;63851
785194;63865
78520458;63879
78531;63895
785439;63915
78545;63929
78548;63943
78551;63956
7855596;63969
7855615;63984
78562;63999
78564;64012
785652;64025
7857032;64039
78571;64054
78575;64068
78582;64081
785896;64095
7859;64109
785942;64128
785950;64142
786;64156
786018;64287
78603;64301
786057;64315
78612;64329
786209;64342
78623;64356
786346;64370
78635339;64384
786389;64400
7864;64414
786407;64433
78643;64447
786499;64461
78662;64475
786674;64489
7867;64503
78676;64515
78682568;64528
786926;64544
787;64558,64666
787033;64678
7870337;64692
78704;64707
78705;64721
787071;64734
787125;64748
78727;64762
78731;64775
78752;64789
78753602;64803
78766;64819
78767;64833
78778;64846
787878;64860
7879;64886
78794;64904
78794074;64918
788;64933,64961
78804;65048
788094;65062
788185;65076
78819;65090
7882;65104
788292;65116
78847;65130
7885;65143
7886;65155
7886324;65167
78866b;65189
78876;65202
78886;65216
788879;65229
78890543;65243
788948;65259
78896;65273
789;65286
78906367;65401
78908;65417
7891;65430
789101;65442
789163;65456
7892;65470
78928;65482
7893;65495
789352;65507
78938;65521
7895;65534
78957;65553
7896;65566
78966;65578
78th;65592
79;65632,65996
790;67423,67451
7901;67541,67554
79026;67573
790278;67587
79044;67601
7905;67615
7906951;67627
790703;67651
7908;67665
7908233;67677
79099;67692
791;67705
79101;67776
791031;67790
79105;67804
79111;67817
79114;67830
7911670804;67843
7912537;67860
7913;67882
791351;67894
791389;67908
791504;67923
791508019;67937
79160108;67953
79164;67969
7917;67982
79191;67994
79192;68007
79197;68020
791992;68034
792;68048
79213;68133
792152;68146
792168;68160
7922;68174
79222;68185
792274;68198
79229;68212
792435;68225
79259;68239
792717;68252
79273;68266
792747;68279
792801;68293
7929;68307
7929062;68319
79296;68334
79297024;68348
793;68363,68375
79302579;68501
793076;68517
793106;68531
793114;68545
793175;68559
79318;68573
793182;68675
79320595;68689
79321558;68705
79322;68721
79323747;68734
79327;68750
793282;68763
79332377;68777
7933474;68793
79337004;68815
793396;68831
793419;68845
79346;68859
793467;68872
793518;68886
79352;68900
793524415;68913
793533;68930
79357;68944
7936;68957
793617;68969
793625772;68983
793686;68999
7937;69013
79371;69025
7938081026;69038
79386;69055
794;69068,69080
79408431;69167
794098;69182
79412;69196
7942;69210
79421556;69222
7943;69237
794342;69256
7944;69270
794411;69282
794456;69296
79450;69310
79457;69323
794624;69336
794700404;69350
794724;69367
794743;69381
79481;69396
794815;69409
79489;69423
79499316;69436
795;69451,69463
795006;69543
7950401306;69557
79512;69574
7952;69588
795235;69600
795265;69614
795280;69628
79529;69642
7953;69655
79538;69667
795395;69680
79542;69694
795471;69707
79549036;69721
79551;69737
79554;69751
7956;69764
79564893;69776
7956533432;69791
795654;69808
7957;69822
79573;69834
795789361;69846
79581;69862
795822;69875
795952;69889
79596;69903
795981;69916
795998;69930
796;69944,69956
796015;70020
79605;70041
79606;70054
79609;70067
79613;70080
79615;70093,70107
79619;70120
79624;70133
79625;70146
79628;70159
796295;70172
79635;70186
79637;70199
7964;70212
796463;70224
79649;70238
7965;70251
796562;70264
79662;70278
7967;70291
7968;70304
79695;70316
797;70330,70458
797043;70478
797050;70492
797157;70506
79719;70520
797195;70534
797279;70548
797417;70562
797470;70576
79771;70590
797722;70604
797760;70618
797775;70632
7978;70646
797829;70658
797874;70672
798;70686,70698
79802;70792
79809;70805
79816;70819
7981607;70833
798195;70848
7982;70862
79824;70875
79838;70889
798409;70902
79846;70916
798531;70929
798538;70943
798553;70957
798561;70971
798622;70985
798630;70999
7987;71013
798744;71025
79878;71039
798798;71052
798828;71066
798836;71080
79886;71094
798866;71108
79887;71122
798889;71135
798973;71149
79898;71163
799;71176,71297
7990;71309
799004;71321
799026;71335
79904;71349
799057;71362
79910;71376
799110;71388
79913;71402
79916749;71416
799286;71432
799294;71446
7993;71460
799339;71472
799377;71486
799423;71500
79957;71514
799629;71528
799652;71542
799713;71556
799721;71570
799820;71584
799835;71598
79994;71612
799950;71626
79px;71640
79th;71652
79third;71699
7a;71714,71733
7a5dc7;71770
7a62;71784
7a745a;71796
7b;71811,71822
7bf600;71832
7c;71846
7c8hc;71864
7cauthor;71877
7cfc00;71893,71908
7cformat;71957
7cpunjab;71980
7ctarget;72003
7ctitl;72026
7d00b3;72054
7d1b7e;72067
7d5515;72081
7d7;72102
7e;72156
7e6e55;72173
7em;72188,72217
7f;72313,72332
7f007f;72356,72371
7f00ff;72385
7f241f;72399
7f33cc;72413
7f6699;72427
7fff00;72441
7h;72455
7hr;72478
7k;72489
7m59;72513
7m85;72525
7ncvxcrg;72537
7p;72553
7px;72564
7r;72582
7s;72592,72603
7th;72619,72711
7the;73678
7thspace;73690
7unsourc;73706
7w;73722
