00;0,27
000;148,296
0003;692
000545569;704
00060;720
0008260;733
000th;747
001;760
00106;771
001172;784
0013;798
00141844;810
00182130;826
002;841,853
002052;871
0021;885
003;897
004;908
0041;919
0043234;931
0048002;947
005;961,973
0053590;984
0054;999
0054814;1011
0055;1025
0059;1037
0059049;1049
006;1063
0068;1074
0068495;1086
0072919833;1100
0073;1118
008;1130
0081;1141
009;1154
0090;1165
00975;1177
01;1190,1317
010;1961
01001102;1986
0102;2002
01030;2012
01054;2025
0108;2038
011;2050
01122011;2061
01132014;2077
012;2093
01220;2104
01254;2117
0126;2130
013;2143
013001;2154
0135;2168,2181
01372;2200
01390;2213
014;2226,2246
014308;2257
0148;2272,2285
015;2304
0156445535;2322
0158;2340
016;2352
0173;2363
0176;2375
0182;2387
0185;2399
0189;2411
0191538582;2423
0191624330;2442
0195160932;2459
0199693056;2477
02;2494,2597
02012;3418
022105;3431
0224;3445
0231142649;3457
02393;3475
024;3488
0248;3497
0252014588;3509
0252075269;3528
026004;3547
029;3561
0291;3573
0297;3584
03;3596,3892
0300117302;4451
03012015;4470
03022015;4486
0304;4502
031;4512
03102015;4523
031468;4539
03162;4553
0318253;4566
0320104;4581
03202014;4596
03222014;4612
0333567617;4628
035111;4645
035411;4660
0355046;4675
038;4689
038550;4701
03860423;4716
039;4732,4744
0392;4790
039326;4801
0393303020;4815
0393319768;4833
0395081564;4851
04;4869,5109
04000127;6192
04022013;6208
0410;6224
04101;6236
0415007437;6248
0415029929;6266
0416823602;6283
0420;6300
043702;6311
0438904;6325
044;6340
045397;6352
0455;6366
046;6379
0471120251;6390
0483;6408
048769;6420
05;6434,6778
0500203334;7679
0508;7697
052005;7710
0520958535;7725
0521257913;7744
0521363950;7762
0521558735;7779
0521640474;7797
0521665795;7815
0521877563;7833
0549635874;7850
0573681848;7869
05798;7887
0584;7900
059048;7912
0595;7926
05950;7939
05951;7952
0597093;7965
06;7980,8115
0631;8805
0631217851;8817
066102;8834
0668;8849
0670038628;8861
0670893145;8879
0674005120;8897
0674005139;8915
0674017536;8933
068;8951
06858;8963
07;8977,9112
070;9756
07001353;9766
0709102550;9782
0710308450;9800
0713475315;9818
0714105546;9835
0716;9852
071900926x;9864
0719042569;9881
0726;9898
0742560082;9910
0747803412;9928
0747806136;9945
0748602763;9962
0748602917;9979
0748606416;9996
0754661245;10013
07636;10030
077;10043
0773589899;10054
07843;10072
0786441046;10085
0786481978;10103
0791403624;10121
0793577500;10139
08;10157,10308
080;12180
0801480442;12192
0802069843;12210
0803;12227
0803282389;12239
08042010;12257
08044;12273
0804728453;12285
0804731624;12303
080612220x;12321
080659;12339
0807110698;12354
0807129143;12372
0810844400;12390
0813128188;12408
0813133394;12426
0814755615;12444
082014;12462
0822205823;12476
0822971267;12494
0822975319;12512
0834822512;12530
08398;12548
0849;12560
085;12571
0851153607;12582
0852638744;12599
085583;12616
0859761576;12630
08746;12647
088;12660
088206035x;12671
0890;12689
08905436;12701
089526;12717
09;12732,12867
09012015;13414
0901805157;13431
0903598140;13449
0906602459;13467
091012;13484
092;13498
0934266328;13509
093646;13528
0950979813;13542
09604;13560
0972663584;13573
