40;0
400246;10
400997;24
4020624;38
402115;53
402117;67
4039851;82
4047150;97
40700491;112
4078562;128
4081752;143
4092;159
410;171
4119609;183
4125;198
4148126;211
415;226
4175;237
419;249
4197508;260
42;275
420;285
4200896;296
421641;311
424884;325
424885;339
4249;353
4294;366
4298;377
4299147;389
42b9;404
42cd;416
43;428
4306694;438
4320;453
4323;465
433;477
4345998;488
4366830;503
4378516;518
4384350;533
43df;548
43ff;560
44;572
4406;582
4409794;594
4427;609
4445;621
448;634
44f6;645
450;657
4502;668
4530;680
453222;692
455119;706
4555930;720
45675;735
45728;748
45808;761
4591;774
46;786
46189;796
4627;809
46332;820
466;833
46820454;844
47;860
48;870
4824;880
482862;892
483237;906
483238;921
48442;936
4851412;949
4894075;964
489671;980
49;994
4926002;1004
4d7306d4;1019
4e47;1035
4ea760e;1047
