10;0,607
100;2901,3009
1000;3695
10007;3804
1001;3817
1002;3829
1004;3841
100409;3853
1006;3867
1007;3886
1008;3933
100h;3945
100k;3957
100sport;3969
100th;3985,4007
101;4034,4156
1011715;4168
1013;4184
1016;4196
1017;4236
10180;4255
10197;4268
102;4281,4293
1021;4392
10214474;4411
1027;4427
1028;4439
1029;4450,4463
103;4475
103006;4626
10302;4640
1032;4653
1034;4665
10350;4678
1037;4698
103744;4717
103764;4731
1038;4745
1039;4757,4770
104;4782,4818
1041;4904
1043;4917
104326050;4929
1045;4947
10488;4960
105;4973,5001
1050;5137
1054;5149
10592181;5161
106;5177,5189
1061;5255
10614;5267
1064;5280
106474;5292
106654;5306
1067;5320,5333
1067190;5352
10675069;5367
107;5383,5419
1070am;5520,5535
107264;5556
107274;5577
107284;5598
1073;5619
1074;5631
1077;5643
108;5655,5675
1080;5746
1082;5772
1084;5784
109;5796,5808
1090;5902
10910;5921
1093;5934
1095;5967
10959837;5979
1096;5995
1097;6006
109714;6018
1098;6039
109814;6072
1099;6086
109d;6105
10a;6115,6127
10b;6145
10duke;6156
10k;6170
10milhous;6195
10renew;6212
10th;6227,6256
10year;6314
11;6328,6745
110;8387,8407
1100;8528
11053;8540
1107;8553
1107045614;8565
1107230;8583
1107699090;8598
110854;8616
110984;8630
111;8644,8664
11103;8730
11104;8743
111064;8756
1111;8770
1112;8810
111781990;8822
11178781;8839
11195;8855
112;8868,8880
11205615;8966
1122;8982
1123;8994
1125;9005
11255;9017
1127;9030
1128;9043
11280;9055
112909;9069
112954;9083
112th;9097
113;9110,9130
1130;9222
1130765032;9234
113078;9252
113105;9266
1132;9280,9293
1133;9312
11351;9324
1135375;9337
1135595984;9352
1135950180;9370
1137595;9388
1137991;9410
11388;9432
1139495682;9445
113th;9463
114;9574,9602
1140;9641
11436;9660
114374;9674
114434;9688
1145;9702
114534;9714
114584;9728
1146;9742
1149110;9754
114954;9769
115;9783,9803
1150;9911
1151;9923,9936
1155;9948
116;9960,9996
1160;10105
116350873;10116
1164;10133
11664;10152
11674;10165
1168;10178
11684;10190
1169;10203
1169232329;10236
117;10253,10281
1170;10377
117005;10402
1171;10415
117175226;10427
1172;10444
117324;10456
117325;10470
117326;10484
117327;10498
11752253;10512
11754;10528
117679;10541
1177;10554
1178;10566
117914;10578
118;10592,10604
118094;10670
1181;10684
118154;10697
118164;10711
1186;10732,10745
11860645x;10757
1187;10774
1188;10795
118814;10808
118864;10822
118904;10836
119;10850,10878
1191569;10929
1197;10944
11a;10956
11peopl;10967
11th;10983,11012
11v11;11071,11093
11x22;11113
12;11127,11511
120;13120,13140
1200;13205
120110;13217
120119;13231
120129;13245
120133;13259
120161;13273
120168;13287
120169;13301
120176;13315
120183;13329
120189;13343
120192;13357
120193;13371
120195;13385
120208;13399
120209;13413
120210;13427
120212;13441
120216;13455
120223;13469
120231;13483
120232;13497
120288;13511
1203;13525
120308;13537
120351;13551
120355;13565
120359;13579
120361;13593
120380;13607
120382;13621
120399;13635
120404;13649
120406;13663
120412;13677
120417;13691
120427;13705
120431;13719
120435;13733
120439;13747
120466;13761
12047;13775
120474;13788
120511;13802
120524;13816
120534;13830
120538;13844
1209;13858
120th;13871
121;13884,13896
121495810;13969
1215;13986
1216;13998
122;14017,14061
1220836;14168
1220837;14183
1220844;14198
1221;14213
1222;14226
12237;14239
12238;14252
122622;14265
122nd;14279
123;14292,14336
1232142;14480
1236;14495
12370;14507
124;14520,14708
12413;15959
1242;15973
1243345;15985
1246531;16000
12468;16015
125;16028,16056
1250;16142
1251;16154
1253;16166
1257071;16179
1258;16195
126;16207,16227
1260;16321
126102788;16334
12618;16351
1263d;16364
1264;16376
1267;16388
1268;16400
1269;16413,16426
12694;16438
127;16451,16479
1270;16560
1271153;16579
1271154;16594
12714;16609
1271984;16622
12724;16638
1275;16651
1279775;16670
128;16685,16713
12807;16772
1281831;16786
12824316;16801
1283531;16817
1285;16832
1286;16844
1287930;16856
128989;16871
128990;16885
128996;16899
129;16913,16925
129006;16983
129016;16997
129034;17011
129036;17025
129041;17039
129059;17053
129062;17067
129065;17081
129079;17095
129083;17109
1291958;17123
1295;17138
1299186;17150
12a;17163
12jiji;17180
12th;17194,17215
12v;17252
13;17262,17587
130;18942,18970
130003a;19037
1303;19052,19065
1304;19077
130401;19094
130431;19108
1306;19122
1307;19134
130th;19146
131;19159,19179
1310;19306
1313;19318
13145;19330
1315;19343,19356
1318;19367
131816;19379
13184;19393
1319;19413
13194;19425
132;19445
1320;19490
13204;19502
13214;19522
1324;19542
1329;19561
133;19573
1330;19612
1331;19624
1333;19637
134;19650,19670
1340;19730
13409;19742
1343;19755
1344;19766
1349;19785
135;19797,19809
1352;19889
1353;19910
1354;19922
1357;19934
136;19946,19974
1360;20033
1361;20046
136184;20059
1362;20073
1365;20086
136798;20098
1368;20112
1369;20124
137;20136,20156
1371;20201,20214
137236;20226
13743;20241
13761054;20254
1377;20270
138;20282,20318
1380;20363
1380497;20382
1380499;20397
1381;20412
1381644;20425
1383;20440
1386;20452,20465
138714;20477
138724;20491
138734;20505
138744;20519
138754;20533
138764;20547
138774;20561
138784;20575
138794;20589
1388;20603,20616
138804;20634
138814;20648
138824;20662
138834;20676
138844;20690
138854;20704
138864;20718
138874;20732
138884;20746
138894;20760
138904;20774
138914;20788
138924;20802
138934;20816
138944;20830
138954;20844
138964;20858
138974;20872
138984;20886
138994;20900
138th;20914
139;20927
139004;20987
139014;21001
139024;21015
139034;21029
139044;21043
139054;21057
139064;21071
139074;21085
139084;21099
139094;21113
1391;21127,21148
139104;21160
139114;21174
139124;21188
139134;21202
139144;21216
139154;21230
139164;21244
139174;21258
139184;21272
139194;21286
139204;21300
139214;21314
139224;21328
13929834;21342
1393;21358
1396521;21370
1398;21385
1398317361;21397
13c;21414
13calpha;21425
13cbeta;21441
13dme014k;21456
13episod;21473
13jan2016;21489
13th;21506
14;21600,21925
140;23277,23297
1400;23322,23335
1401;23354
1402;23366
1403;23378
140402;23390
1408;23404
140th;23422
141;23436,23472
1413;23532
1414;23545
1415190;23557
1417;23572
1418;23585
1419927;23606
142;23621,23633
1420;23658
1421;23670
1424;23683
142484;23695
1425;23709,23722
1426;23741
1428;23753
1429974869;23766
143;23785,23880
1431;23900
1433;23912
14333;23924
1434;23937
1434138;23970
14356007;23985
143571573x;24001
1437;24019
1439;24032
1439643784;24045
144;24063,24083
1442;24127
1442610212;24140
14446;24158
1446;24198
14467543;24211
144916;24227
145;24241,24277
1455;24337
146;24348,24368
14602;24428
1461;24441
1464;24453
14681416;24472
1469;24488
1469611732;24500
147;24518,24530
1470;24582
1471;24594,24607
1478;24626
14784;24638
14795;24651
14798960;24664
148;24680,24700
14824;24753
1485;24773,24786
149;24798,24818
1491;24857
1492;24869
1494624;24881
1497;24896
149f;24908
14aug;24920
14foot;24933
14juli;24946
14th;24960,24981
14tts1943;25035
14tts1945;25052
15;25069,25400
150;26881,26941
1500;27097,27110
1501;27157
1501sum;27169
15067;27184
15093;27197
150th;27222
151;27240,27260
1510;27325
1511533;27337
1512422;27352
15132979;27367
1517;27383
151782;27395
15182;27409
152;27422
1521;27484
1522;27496,27509
1523;27521
15244;27533
1529;27546
15292;27565
15294;27578
153;27591,27627
15304;27673
15307;27686
1531;27699,27712
15334;27730
1534;27743
15354;27755
1536;27768
15372;27780
1538;27793
1539;27819
154;27831,27859
1544;27926
154424;27938
154434;27952
15444;27966
154444;27979
154454;27993
154464;28007
154474;28021
154484;28035
154494;28049
1545;28063
154504;28082
154514;28096
154524;28110
154534;28124
154544;28138
154584;28152
154594;28166
1546;28180
154604;28193
154614;28207
154624;28221
154634;28235
154644;28249
154654;28263
154664;28277
154674;28291
154684;28305
154694;28319
154704;28333
154714;28347
154724;28361
154734;28375
154744;28389
154754;28403
154764;28417
154774;28431
154784;28445
154794;28459
154804;28473
154814;28487
154824;28501
154834;28515
154844;28529
154854;28543
154864;28557
154874;28571
154884;28585
154894;28599
154904;28613
154914;28627
154924;28641
154934;28655
154944;28669
154954;28683
154964;28697
154974;28711
154984;28725
154994;28739
155;28753,28781
1550;28819,28832
155004;28858
155014;28872
155024;28886
155034;28900
155044;28914
155054;28928
155064;28942
155074;28956
155084;28970
155094;28984
1551;28998
155104;29010
155114;29024
155124;29038
155134;29052
155144;29066
155154;29080
155164;29094
155174;29108
155184;29122
155194;29136
155204;29150
155214;29164
155224;29178
155234;29192
155244;29206
155254;29220
155264;29234
155274;29248
155284;29262
155294;29276
1553;29290
155304;29302
155314;29316
155324;29330
155334;29344
155344;29358
155354;29372
155364;29386
155374;29400
155384;29414
155394;29428
155404;29442
155414;29456
155424;29470
155434;29484
155444;29498
155454;29512
155464;29526
155474;29540
155484;29554
155494;29568
155504;29582
155514;29596
155524;29610
155534;29624
155544;29638
155554;29652
155564;29666
155574;29680
155584;29694
155594;29708
1556;29722
155604;29741
155614;29755
155624;29769
155634;29783
155644;29797
155654;29811
155664;29825
155674;29839
155684;29853
155694;29867
155704;29881
155714;29895
155724;29909
155734;29923
155744;29937
155754;29951
155764;29965
155774;29979
155784;29993
155794;30007
1558;30021
155804;30040
155814;30054
155824;30068
155834;30082
155844;30096
155854;30110
156;30124,30144
1560;30204
1561;30216
1563;30229
1564;30248,30261
1566;30273
1567;30285
157;30297,30309
15700;30354
1574;30367
157511;30386
157517;30400
1579;30414
1579569;30426
158;30441,30461
1581;30513
1584;30525
15855;30537
1589;30550
159;30563,30650
1590;30662
159192;30674
1592;30688,30717
15925;30743
1593;30756
1595;30769
159594;30781
1597;30795
15n;30808
15q15;30819
15th;30832
16;30879,31146
160;32290,32326
1600;32370
1602;32395
1603;32407
1605;32419
1606;32431
1608;32443,32456
1609;32475
16095;32494
160950;32507
160px;32521
161;32534,32546
1610;32626,32639
1610391519;32651
1611;32669
1612;32695
1612787169;32707
1613;32726
1614;32745
16154;32764
1616;32777
1618;32789
1619;32802
162;32815,32827
1620;32877,32890
16204;32902
16214;32915
1623gt;32928
162433;32942
16264;32955
1627;32968
16274;32986
1628;32999
16283;33011
163;33024,33036
1630;33152
16319;33171
1632;33184
1633;33196
1634;33207,33220
1635;33239,33260
1636;33272
1637;33284,33297
16374;33309
1638;33322
163805;33334
16384;33348
164;33361,33373
1640;33417
1642;33436
1645;33448
1646;33460
1647;33479,33492
1648;33504
165;33517,33545
1650;33617,33630
16500;33649
1652;33662
16538932;33674
1654;33690
1656;33702
1659;33728,33741
166;33753,33773
1660;33819
1661;33852
1663;33864
16654;33877
1667;33890
166pp;33902
167;33915,33959
1672;34046
1672nd;34065
1674;34079
1675;34091
1678;34117
168;34143,34163
1683;34202
1685;34214
16854;34226
1686;34239
16863;34251
1688;34264
1689;34304
169;34337
1690;34382
1691;34394
1692;34406
1694;34419
1695;34459,34472
1696;34484
16972;34515
16974;34528
16977;34541
1698;34554
1699;34566
169ufpa;34585
16a;34600
16b;34611
16h;34629
16th;34640
17;34707,35031
170;36279,36299
1700;36366,36379
1702;36405
1705;36417
1707;36429
1708;36442
1709;36454
171;36466,36494
1710;36567,36580
1711;36592
1712;36604,36625
171206;36637
1713;36651,36664
1714;36683
1715;36709
17154;36728
1718;36741
1719;36753
172;36765,36785
1720;36824
17214;36836
17224;36849
1723;36862
1724;36874
1725;36886
1727;36898
1728;36910
1729;36929
172d;36941
173;36953,36989
1731;37056
1732;37075
17325786;37094
1734;37110
1735;37164
1736;37183
1737;37194
1738;37207
174;37220
1740;37258
1742;37270
1744;37282
1745;37301
17454;37313
1746;37326
17460;37338
1747;37351
1749;37363
175;37375,37403
1750;37482,37511
1751;37565
17524;37577
1753;37590
17534;37608
1754;37628
17554;37661
17564;37688
1757;37701
17574;37713
1758;37733
17584;37745
1759;37758,37771
17594;37783
175th;37796
175yo;37809
176;37822,37850
1760;37896,37909
17604;37935
1761;37948
1762;37960,37973
1763;37999,38012
1764;38031,38052
1765;38064,38077
17651;38103
17654;38116
1766;38129
1769;38148
177;38174,38194
1770;38260,38273
1771;38285,38298
1772;38317
1773;38343
1774;38362
1775;38395
1776;38441
1777;38481
1777gt;38493
1778;38507
1779;38546
178;38565,38585
1780;38659,38672
1780270011;38705
1780336985;38722
1781;38741
1782;38760
1783;38792
1784;38811,38832
1785;38858
1786;38870
1787;38903
1788;38915
1789;38955,38984
1789123054;39086
179;39104,39116
1790;39183
1791;39249,39262
179102;39295
1792;39309,39322
1793;39334,39347
1794;39366
1795;39392
1796;39439
1797;39472
1798;39498
1799;39536
17e;39548
17p13;39560
17th;39573
18;39632,39900
180;41309,41321
1800;41394,41423
18000;41496
1801;41509
1802;41528
1803;41554,41567
1804;41586
1805;41598
1806;41624
1807;41657
1808;41689
1809;41701,41714
181;41740,41752
1810;41819
1811;41831
1811177;41857
1812;41873
1813;41913
1814;41932
18140;41986
1815;42000,42013
1816;42060,42073
1818;42085,42106
1819;42132
182;42144
1820;42218
1821;42271
1822;42302
1823;42334
1824;42373
1825;42481
1826;42570
1827;42593,42606
18271;42639
1828;42652,42673
1829;42713
183;42739,42751
1830;42796
1831;42857
1832;42875,42904
1833;42930,42943
18334;42990
1834;43003
1835;43022,43035
1836;43069
1837;43102,43115
1838;43148
1839;43194
184;43220,43248
1840;43322
1841;43380,43393
1842;43426
1843;43445,43474
1843831252;43507
1843831929;43524
1843836289;43541
1844;43558,43579
18449;43605
1845;43618
1846;43635
1847;43682
1848;43741
184823770;43781
1849;43798,43811
184f;43844
185;43856,43868
1850;43978,44007
1851;44232,44245
1851094407;44284
1851494553;44301
1852;44318,44331
18520115;44385
1852740914;44401
1853;44419
1853310840;44445
1854;44463,44476
1855;44516,44537
1856;44605,44618
1857;44787
1858;44819,44840
1858450489;44879
1858581788;44897
1859;44915
186;44959,44971
1860;45008,45045
1861;45152,45165
186146;45224
1862;45238,45251
1863;45298
1864;45336,45357
1865;45388,45401
1866;45495
1867;45555,45576
1868;45621,45650
1869;45725,45746
187;45808,45836
1870;45895,45916
1871;46053,46066
1872;46140,46161
1873;46208,46221
1874;46247
1875;46266
1876;46341
18767870;46399
1877;46415,46428
1878;46495,46542
1879;46555,46584
188;46659,46687
1880;46719,46748
1881;46787,46883
1881396045;46896
18818262;46915
1882;46931,46952
1883;46999,47012
1884;47064,47085
1885;47131,47152
18858;47219
1886;47231,47245
1887;47271,47300
18879;47354
1888;47367,47467
1889;47488,47525
189;47634,47646
1890;47705,47766
1891;47869,47882
1892;48069,48082
1893;48157,48178
1894;48286,48299
1895;48402,48439
18953024;48534
1896;48550,48595
1897;48677,48706
1898;48857,48918
1898404;49068
1898723936;49083
1899;49101,49130
18th;49262
18thaward;49349
18yo;49366
19;49378,49710
190;50909,50921
1900;50994,51047
1901;51361,51382
1901543153;51513
1901663558;51531
19018;51548
1902;51561,51582
1903;51703,51740
1904;51871,51892
190401;51966
1904955347;51980
1905;51997,52018
1906;52114,52159
1906pv;52298
1907;52313,52342
1908;52437,52482
1909;52583,52612
1909421014;52736
191;52753
1910;52812
1911;52915,52936
191148;53130
1911cen;53144
1912;53159,53204
1913;53446,53475
191337;53598
1914;53612,53657
1915;53874,53911
1916;54028,54073
1917;54112
1918;54273,54310
1919;54450,54471
192;54601,54629
1920;54668,54705
1921;54863,54916
19217;55025
19218;55038
1922;55051,55154
1923;55183,55196
1924;55334,55363
1925;55487
1925rout;55617
1926;55633,55678
1927;55745,55758
1928;55840
1929;55934,56097
193;56158,56186
1930;56239,56403
1931;56424
1932;56483,56504
1933;56625,56670
1933a;56793
1934;56806,56827
1935;56945,56974
1936;57083,57136
1936168;57245
1936a;57260
1937;57273,57310
1938;57434,57463
1939;57573,57642
194;57813,57833
1940;57905,57942
1941;58133,58163
194142;58376
1942;58390,58443
1943;58594,58615
1944;58743,58772
1945;58961,59046
1946;59258,59311
1947;59460,59529
1948;59743,59788
1948a;59952
1949;59965,60010
194th;60145
195;60158,60186
1950;60245,60306
1951;60484,60521
1952;60713,60774
1953;60941,61010
1954;61160,61205
1955;61384,61421
1956;61603,61624
1957;61747,61776
19578;61931
1957map;61944
1958;61959,62005
1958map;62163
1959;62178,62215
196;62385,62397
1960;62443,62504
1960map;62647
1961;62662,62723
1962;62873,62950
1963;63169,63222
1963draft;63332
1964;63350,63403
1965;63601,63638
1965map;63788
1966;63803,63897
1967;64096,64141
1967a;64323
1967draft;64336
1967map;64354
1968;64369,64629
1968a;64658
1969;64672,64872
197;64901,64921
1970;65009,65062
1971;65310,65387
1972;65496,65565
1972draft;65812
1973;65830,65883
1973a;66019
1973b;66033
1974;66047,66076
1975;66240,66309
1975a;66562
1975d;66575
1975e;66588
1976;66601,66646
1977;66837,66898
1977a;67164
1977b;67177
1978;67190,67259
1979;67557,67634
19799;67813
198;67826,67846
1980;67933,67978
1980a;68351
1980b;68371
1981;68384,68437
1981a;68657
1982;68670,68731
1982a;68982
1983;68995,69024
1984;69280,69527
1985;69588,69895
1985a;69996
1986;70009,70086
1986a;70351,70365
1986b;70378,70392
1987;70405,70482
1988;70721,70830
198848;71119
1989;71133,71170
199;71449,71461
1990;71493,71570
1990a;71875
1990b;71888
1991;71901,71994
1991nyt;72276
1992;72291,72368
19929;72760
1993;72773,72850
1994;73282,73375
1995;73686,73827
1996;74306,74360
1996a;74835
1996b;74855
1997;74868,75017
1997a;75487
1998;75500,75665
1998a;76118
1998b;76138
1998map;76151
1999;76172,76393
1999map;76973
19de;76994
19f;77006
19may2013;77017
19th;77034
1a;77145
1apr17;77169
1april;77183
1b;77197
1d;77214
1da;77224
1ed;77235
1er;77246,77258
1h;77302
1m32;77319
1million;77331
1q;77346
1quote1;77356
1r;77371
1s;77394,77405
1st;77415,77468
1to3;77742
1up;77755
1xtra;77765
