40;0,163
400;803,831
40000;967
400000;987,1002
4006;1023
40067;1034
400x400;1047,1071
401;1086,1098
4010;1116
40107;1128
4019;1141
402;1153
403;1171
4031;1189
4039;1201
404;1212
40402;1237
404138;1250
4044;1265
405;1277
4055;1295
4055023;1307
4056;1322
4059;1334
4061a6;1345
4064;1359
407;1371
4076;1382
40888;1394
40px;1407
40th;1426
41;1445,1568
410;2093
411;2103
4110;2114
412;2126
4120;2137
412379930;2149
413;2166,2178
413512;2189
414;2202
4140;2220
4148d494;2231
415;2247
415998;2265
416;2279
4162;2303
4164;2314
4167;2326
41676;2345
417;2359
4170;2377
4175;2388
41773;2400
41796;2413
418;2426,2438
4186;2456
4197;2468
41979718;2480
41st;2495
42;2507,2646
420;3189
4200;3221
4210;3233
4215753;3245
422;3261
42212;3272
423;3285
4247;3310
4249;3322
425;3333
4250;3344
425412;3356
426;3370
4260;3382
4265;3394
428;3407
428538;3432
429;3446
4292;3471
429566;3483
42b9;3497
42cd;3509
42nd;3521
43;3533,3672
430;4122
431;4159
432;4184,4196
43215;4207
433;4220
434;4238
4341;4256
435000000;4268
4355;4285
436;4297,4317
4362;4328
437;4347,4359
438;4370
4386;4381
4389e3;4393
439;4407
43ff;4418
43rd;4430
44;4442,4605
440;5046,5058
4400;5083
440828;5095
4412527;5109
44164087;5124
4418;5140
442;5152
444;5170
4441;5188
44443;5200
4449;5214
4453;5225
445313;5238
446;5252
447;5270
44740;5281
448;5294
4486;5305
4487;5317
449;5329
44py30;5340
45;5354,5493
450;6050,6062
4500;6086
450px;6098
451;6111
4523;6122
453;6134
453255;6145
4538;6159
454;6171
454767;6189
455;6203,6215
4558;6226
456;6239
456228659;6250
4563;6267
456864;6279
456886;6293
4570;6307
458;6319,6331
4581;6347
45897;6368
458x458px;6381
459169;6398
45aeff;6412
45px;6426
46;6452,6551
460;7020,7032
46080;7049
460dc849;7062
461;7078,7090
4610;7101
46129;7113
4615;7127
464;7139
464720;7156
4649;7170
465;7181
4655;7192
4656;7204
466;7216
4667;7241
467;7253
4677;7264
46f3;7276
47;7288,7411
47001;7851
47040;7864
4721;7877
47222;7887
474;7901
47404;7912
47431;7925
47436;7938
4747;7951
475;7963
475069;7981
47567;7996
47590;8016
476;8029
476474;8047
477;8061
4774;8073
4786;8085
47868;8097
478914;8110
479;8125
4795;8143
47th;8155
48;8167,8274
480;8641
4800;8652
480000;8670
4803;8684
48051;8696
4807;8709
480i;8721,8734
480x800;8788
481;8804,8816
4817;8827
482;8839
48393;8850
484;8863,8875
484606;8886
484768;8900
48519;8914
486;8927
48642;8938
488;8951
488061;8962
489181;8976
48th;8990
49;9009,9294
490;9417
4907;9435
490925;9447
491;9461
4910;9472
4912742;9484
492;9499
4928;9511
493;9523
4933;9534
4947;9546
4955;9558
4967;9570
4973;9581
498;9593
498308;9610
499;9624
49er;9635
49th;9647
4a;9659
4ad;9669
4asa06;9687
4bd4;9701
4c;9713
4cb640;9723
4d;9737
4da6;9747
4e;9759
4e47;9768
4ea760e;9780
4f4f4f;9795
4f72;9809
4ft8;9821
4h;9833
4hj;9843
4mk;9855
4pix;9866
4px;9878
4r;9889,9900
4th;9910,9946
4u;10110
4x;10120
4x2;10130
4x4;10141
4x5315;10152
