00;0,91
000;551,684
00000;1391
000000;1404,1443
00001632;1561
000040;1578
000080;1592
00008b;1606
0000c0;1620
0000cd;1634
0000d2;1648
0000ff;1662,1685
0002;1734
000248;1746
000283;1759
0008;1774,1787
000d39;1799
000rp;1813
001;1826,1838
0018;1877
002;1889,1901
002366;1919
0024;1933
002868;1945
002bbe;1959
003067;1973
0031;1987
003399;1999
004;2013
0047ab;2037
0049;2058
005;2070
00528;2081
00529;2094
00543;2107
00596;2120
006;2133
006030;2151
006162;2164
006233;2179
006500;2193
0066cc;2206
007;2221
00703c;2233
007118;2246
0074;2259
0077ff;2271
0079;2285
007ac2;2297
008;2310
008000;2335
0084ca;2349
008be3;2363
009;2377
0096;2395
009900;2408
009933;2422
0099cc;2436
009e60;2450
009f00;2463
00a1d7;2477
00a1f1;2491
00b0e2;2505
00bd00;2519
00bfff;2533
00fff7;2554
01;2568,2819
010;3739
0100;3750
01000343;3763
01001098;3780
01001102;3797
01001149;3813
01001272;3829
01001550;3846
01001551;3863
0108;3880
0115;3892
012;3904
01251;3928,3942
01299;3962
013;3976
013045;3994
014;4009
0143122784;4020
01490;4037
015;4050
0151;4061
01552;4074
01553338;4086
0157;4103
01591;4116
017;4129,4141
01745;4152
0178;4172
01796f;4185
01924;4199
01933;4212
0194;4239
019444;4252
019496;4266
02;4279,4474
020;5211
0208;5223
021;5235
021efn;5246
023;5260
024;5272,5284
024684;5302
027;5316
0273;5327
028;5338
02844;5355
029;5368
02908;5379
02b;5392
02do;5403
03;5415,5578
03000773;6214
0305;6251
0307599803;6263
0307960498;6281
0316;6299
0320;6311
0321;6324
0324;6335
033;6371
03474;6389
036;6403
0360;6414
039;6425
03972;6436
039780;6450
03c;6464
03f;6475
04;6486,6673
040;7660
04000127;7678
04000658;7694
04000678;7710
0405;7726
0405z;7738
041;7751
042;7762
043;7774
044;7792
0446;7803
045;7815
04562;7826
046;7839
0474;7857
047958;7870
048;7883
0495;7895
04985;7907
05;7920,8099
050;8886
05000285;8904
05000517;8920
05000569;8937
051;8954
0513;8972
051900;8983
054;8997
0540a0;9008
05446;9022
0549;9036
055;9048
057;9059
0571;9070
058;9082
0597;9093
05em;9133
06;9145,9316
060;10086,10098
06000827;10109
06001041;10125
061;10142
0614;10153
061586;10165
065;10179
06681;10190
067;10202
0692;10212
07;10224,10403
07000543;11128
07000974;11144
07001353;11160
071900;11176
0732;11190
07459;11203
07517c;11217
077;11231
07779;11249
077812;11261
079;11275
08;11286,11417
080;12071
08000621;12089
081;12106,12118
0814;12136
0816;12148
0823191;12159
082567;12175
08263;12189
0827;12202
083200;12214
08332;12229
084;12243
084583;12254
0848;12268
08488525;12280
085;12296
08517;12306
0857533524;12319
087;12336
08ff29;12346
09;12360,12531
0904014488;13151
0909;13169
09124;13181
093;13195
0931;13206
0941;13218
095;13230
099;13241
099414;13252
0b27b8fd;13266
0em;13282
0ex;13307
0f3;13318
0gbp;13329
0p;13341
0px;13351
0ref;13362
0wh;13374
