20;0,19
200;36
2000;47
2001;80,93
2002;112
2003;149
2004;189
2005;229,242
2006;281
2007;300,321
2008;347
2009;393,414
2009606;425
2010;440,453
2011;534,555
2012;636,657
2013;765
2014;871,1004
2015;1413,1434
2016;1556,1569
2017;1690,1703
2018;1756
201842;1788
2019;1802,1815
2024;1854
202963;1866
2033;1880
2035;1892
203775;1905
20427;1919
204873;1933
205031;1948
206339;1962
2066141;1976
2080359;1991
208246;2006
20th;2020
21;2031
210;2055
210271;2065
210974;2079
211019;2091
21119;2105
21121;2119
2118624;2133
21246;2148
2127;2161
213;2173
213246;2185
213878;2199
21411059;2213
214923;2229
215087;2243
2161511;2258
21630;2273
217610;2287
217930;2301
2188913;2315
2190232;2330
2193191;2345
219561;2360
219759;2374
22;2388
22047236;2419
2206188;2435
2217380;2450
222648;2465
2228168;2479
2231630;2494
2240046;2509
2254074;2524
2267712;2539
227242;2554
2274;2568
228;2580
229667;2591
2297719805;2605
22984;2623
2299206;2636
229975;2652
23;2666,2677
230196;2727
2302739;2741
2303;2757
2306299;2769
2310332;2784
23175;2798
2336104;2811
233627;2826
2349395;2841
2353;2856
236049;2868
236231;2883
2363043;2897
23632;2912
236411;2925
23646820;2939
237;2955
2371399;2967
237191;2982
2373827;2996
23795;3011
2388422;3024
2392343;3039
2392810;3054
24;3069
2417854;3093
241907;3108
242801;3122
243317;3136
245104;3150
2453;3161
2457408;3173
2457450;3188
246546;3203
2465578;3216
2496976;3231
2498340;3246
25;3261
250;3334
250027242;3352
250042199;3369
250050100;3386
250060067;3403
250067324;3421
250098599;3438
2510434;3456
251097;3471
251104;3485
25162;3499
2517658;3513
252;3528
25237;3539
2524674;3553
2527;3568
25274;3580
253168;3593
253197;3607
2538130;3621
25414;3636
2548;3649
2554997;3661
2560;3676
256791;3688
256792;3702
2568196;3716
2569;3732
257290;3744
2588592;3758
26;3773
2606873;3797
2608525;3812
2620667;3827
2624;3843
2626964;3856
2631926;3871
263679;3887
2655905;3901
2663568;3916
2664264;3931
2671105;3946
2671106;3961
26787;3976
2683171;3989
268938;4003
2692622;4017
26995;4032
27;4045
2714;4083
2728672;4095
273051;4110
27395;4125
2750780;4138
2754;4154
2776106;4166
2786956;4182
2789926;4197
279127;4212
27958;4226
27th;4239
28;4251
2802850;4309
280989;4324
28213;4338
2826;4351
282830;4363
2835616;4377
28383;4392
28388;4405
28395;4418
28400;4432
28408;4446
28418;4460
2843374;4474
284555;4489
28483;4503
2854226;4517
285844;4532
285850;4546
287500;4560
287544;4574
288065;4588
288093;4602
288182;4616
2890;4630
289430;4641
289480;4655
29;4669,4680
291387;4732
2929890;4746
29302;4762
293169;4776
2937960;4790
29381;4805
29382;4819
29383;4833
29384;4846
29385;4859
29386;4872
29387;4885
29388;4898
29389;4911
29390;4925
29391;4939
29392;4953
29393;4967
29394;4981
29395;4995
29396;5009
29397;5023
29398;5037
29399;5051
29400;5065
29409;5079
29410;5093
29411;5107
29412;5121
29413;5135
29414;5149
29415;5163
294157;5177
294739;5191
2949578;5205
2960930;5219
296232;5233
2963254;5247
296478;5262
2967634;5276
2976472;5291
299157;5306
2992538;5320
299846;5335
2c;5349
2p;5368
2rx0jupu;5378
