40;0,1079
400;7062,7299
4000;8588
40000;8724
400000;8751
4000ff;8772
4001;8787
400135;8799
40024;8813
400307;8826
400341;8840
4005;8854
40050318;8866
400536;8882
4006;8896
400635;8920
40063983;8934
400738;8950
400780;8964
400845;8978
400860;8992
400871;9006
400887;9020
4009;9034
4009681642;9046
400gt;9063
400px;9076,9090
400sqm;9163
400th;9177
401;9211,9231
40109551;9402
401104;9417
401142;9431
401283;9445
40130162;9459
401314;9474
4013160;9488
40145;9504
401627;9517
401669;9531
40171718;9545
401719;9568
401722;9583
40172540;9597
401726;9613
401733;9627
401816;9641
40183323;9655
401859;9671
4019;9685
401920;9704
401966;9718
401978;9732
402;9746,9783
4020;9974,9987
40200077;9999
402088;10016
4021;10030
4021153;10041
4021192193;10056
402199;10073
402206;10087
402328;10101
40239954;10115
402424;10131
402477;10145
4025;10159
402500;10171
402573;10185
4026;10199
402657;10211
402672;10225
4026999772;10239
4027;10256
402706;10269
40271706;10283
4027282;10299
4028;10314
4028302431;10326
4028455615;10343
402847;10360
402901;10374
40290862;10388
402912;10404
40293;10418
403;10431,10451
4030;10695,10708
403046;10720
4030638337;10734
4031;10751
403133;10763
403187;10777
403252;10791
403259;10805
403297;10819
40331;10833
403343;10846
4033884108;10860
403419;10877
403503;10891
403553;10912
403568;10926
403828;10940
403873;10954
403893;10968
403912;10982
403919;10996
40392510;11010
40394;11026
404;11039,11075
4041;11299
4041048061;11312
404194;11330
4042;11344
404224;11356
4042548239;11370
40425566;11387
404285;11402
4043;11416
4043591;11435
404385;11449
404514;11463
404569447;11477
404575;11493
404579;11507
404598;11521
404630176;11535
404631040;11552
404720;11569
404739;11583
404747;11597
404821155;11611
40490962;11627
404h;11643
405;11662,11714
4050;11974
40508;11986
4051;11999
405125;12011
405140;12025
405151;12039
40516927;12053
405170;12069
40517039;12083
40518935;12099
4052021801;12122
405220;12139
40526;12153
405308;12166
40535;12180
405354;12193
405434;12207
40544697;12221
405521;12237
405525;12251
40554;12265
405552;12278
405666;12292
405735;12306
405755043;12320
405777;12336
40584010;12350
405895;12366
4059;12380
405907;12392
405910;12406
405945;12420
40595941;12434
4059786797;12450
405987;12467
406;12481,12501
406044;12670
406113;12684
406221207;12698
406380;12714
40643337;12728
406475;12744
40650401;12758
4065759;12775
4065851;12790
4066289961;12805
4067194164;12822
406759;12839
4068;12853
406807;12865
406822;12879
406837;12893
40689993;12907
40690890;12922
40696;12945
406986;12958
406th;12972
407;12992,13142
4070;13154
407001;13166
4071;13180
407223;13192
40722892;13206
40723858;13223
407257;13240
4072cc;13254
407303;13269
407322;13283
407383;13297
4074;13311
407452;13329
4075;13343
407524;13354
407547;13368
40756;13382
40773;13395
407772;13408
407852;13422
407867;13436
407883;13450
4079;13464
407928;13476
407990;13490
408;13504,13540
40809826;13731
4081;13748
408100;13760
4081018;13774
408138;13788
408181905;13802
408241;13818
408264;13832
4083955;13846
4084018;13860
408421;13874
408424;13888
408493;13902
408512;13916
408566;13930
408661;13944
4086659253;13958
408688;13975
4087;13989
408836;14001
408962892;14015
408985;14032
408th;14046
409;14059,14275
40905306;14295
409054;14311
409069;14325
409070751;14339
40909;14356
4091;14369
409100;14381
409149;14395
409157237;14409
40919093;14426
409348;14442
409382;14456
409443;14470
409466;14484
4095;14498
409519;14517
409534;14531
409584;14545
409641;14559
4096941;14573
4097;14588
4097322226;14601
409866;14618
4099;14632
409962;14644
40999139;14658
40em;14674,14703
40f;14791
40i;14802
40k;14813
40mi;14831
40period;14843
40pm;14859
40px;14871
40th;14959,14980
40x40px;15145
41;15169,16102
410;20450,20478
410027;20687
410034;20701
4100397825;20715
41008;20732
4101;20746
410147047;20764
410148707;20781
4102;20798
410233;20809
4103;20823
410352642;20835
410362;20852
410366146;20866
410408;20883
410423;20897
41045912;20911
410462756;20935
410500;20952
410514;20966
410524080;20980
410551150;20997
410576;21014
410610;21028
41063284;21042
4106709;21058
4107;21074
410732;21087
410751;21101
4107684493;21115
41085890;21132
41086;21148
410923;21161
410a;21175
411;21187,21323
4110;21359
411003;21371
411026;21385
411068;21399
411083;21413
411095;21427
411224;21441
41139186;21455
411423;21471
411484;21485
4115;21499
41150461;21518
411514;21534
41154798;21548
411584757;21564
411598;21581
41165575;21595
411667322;21611
41177928;21628
411789020;21643
4118;21660
411839;21679
4119;21693
412;21720,21732
4120;21889
41200124;21902
412006;21919
4120116;21933
4120174;21948
4120327234;21963
41208;21980
41216;21993
4122;22006
41227;22025
41232;22038
412331;22051
4125;22065
41250590;22077
41251;22093
412518;22106
4125732;22120
41258919;22135
412628;22151
412630;22165
41264408;22179
41266;22195
41267;22208
412678;22221
41272;22235
41274;22248
4128;22261
412846;22273
412930;22287
412933;22301
412979;22315
413;22329
41306;22507
4131;22520
41314203;22532
41319;22549
4132;22562
413273;22574
4132779241;22588
41333;22605
4134;22618
413445;22629
413563;22643
4136;22657
413601;22683
413666;22697
413750;22711
41381127;22725
413853;22741
413910;22755
414;22769,22813
4140;22970
414017;22982
414036;22996
414082;23010
414089;23024
4141770601;23038
4142;23055
414249;23067
41427;23081
4143017232;23094
41431;23111
41434;23124
4144;23137
414417;23150
414427;23164
414444;23178
4145;23192
41453707;23204
4146;23219
41461;23230
414680;23243
41471647;23257
4147358537;23273
41475331;23290
414806;23306
41486;23320
41488;23333
414890;23346
414928;23360
41497249;23374
415;23390,23608
4150;23636
41504676;23655
41509270;23671
4151;23687
4151144028;23699
415169;23716
4152;23730
415230;23742
415243;23756
41526103;23770
415278;23785
41541442;23799
41541521;23815
41541623;23831
415417;23847
41543823;23861
4155;23876
415501;23888
415512;23902
415614;23916
41572;23931
415745;23944
41576314;23958
415855;23973
4159;23987
415939;23999
415949;24013
415955;24027
415x415px;24041
416;24058
41603;24262
41607;24275
4161;24288
416149;24300
416228027;24314
416229048;24331
416231685;24348
416232513;24365
416233163;24382
41625545;24399
416279;24422
416332;24436
416367;24450
416370;24464
41643851;24478
416458;24495
4164688;24509
4165;24524
416512;24536
416542;24550
416634;24564
41666;24578
416667;24592,24615
4167;24629,24642
416721;24654
416752;24668
416801;24682
41690;24696
416904;24710
416924;24724
416943;24738
416988;24752
416x416px;24766
417;24783,24957
4170;24977
417065;24988
41721887;25002
41723827;25017
41723829;25032
4172726;25047
417276463;25070
4173;25087
417351;25098
41735544;25112
417370;25128
417459965;25142
4175;25158
417500;25184
417568;25198
417572;25212
417574;25226
417610;25240
41761552;25254
41762158;25277
417645;25292
41779368;25306
417950;25322
417dc1;25336
417th;25350
418;25363,25533
41801726;25577
418098;25592
4181;25606
418102;25618
41812953;25632
41824;25648
4183;25661
418308;25673
418327;25687
418343;25701
418353;25715
418377;25729
418415;25743
418511;25757
418549;25770
418568;25784
418652;25798
4187;25812
41875055;25824
418808;25839
418907;25853
4189134;25867
418968;25889
419;25903,25939
4190;26094
4190437794;26106
41906944;26123
419106607;26139
419107282;26156
419108812;26173
419121;26190
419122822;26204
419123329;26221
4191321;26238
419189;26253
41924983;26267
419280842;26283
41931540;26300
4193509;26316
41937121;26331
4193775;26347
419407;26362
41945824;26376
41947896;26392
41947900;26408
419486;26424
419518;26438
419609;26452
419693;26466
4197;26480
419704;26492
419815;26506
419819;26520
419879546;26534
4199;26551
419960;26563
419964;26577
4199705;26591
41ah;26607
41st;26619,26648
41z;26770
42;26781,27622
420;31890,32193
4200;32229,32242
42017;32268
4202;32281
42023;32293
420246;32306
42027;32320
4203;32333
42038;32345
4204;32358
42051801;32370
420556;32386
42057433;32400
4206;32416
42062;32428
42065;32441
4207426;32454
42081;32469
420818;32482
420918;32496
420956;32510
420979;32524
421;32538,32566
421016;32724
42106536;32739
42107615;32754
421078;32769
4212284;32783
421268;32798
421291;32812
421295;32826
421307;32840
421314;32854
421329084;32868
42135;32885
4214;32898
4215;32910
421581;32922
421585;32936
42159;32950
421600;32963
42163;32977
421658;32990
421677;33004
42169137;33018
42186;33034
42188199;33047
421932;33063
421947;33077
421956899;33091
421959;33108
421963;33122
42196806;33136
422;33151,33187
42200739;33358
422050;33373
4221;33387
422104;33399
42210647;33413
42212;33429
422131;33442
4221419394;33456
42215261;33473
422157;33488
422165;33502
422180;33516
42218819;33530
422211;33545
42221189;33559
42221191;33574
42223222;33589
42226045;33604
42230618;33629
42231;33644
422310;33657
42231976;33671
422352;33686
42238115;33700
422398;33725
42241;33739
422443;33753
422487593;33767
422488964;33784
422490118;33801
422535;33818
422546;33832
422623;33846
42263;33860
422676;33873
42268;33887
422718;33901
42274;33915
4228;33928
4228351116;33941
42287;33958
422901;33972
422920;33986
42297524;34000
422977;34015
423;34029,34041
423016;34183
423023;34197
423031;34211
42305553;34225
42306;34240
423092;34253
42311;34267
423115;34280
4232;34294
423313;34306
42332;34320
42334;34333
423393;34346
42344;34360
423458;34373
423573;34387
423668;34401
42368;34415
42382;34428
423824;34441
42386;34455
423870;34468
4239;34482
42395457;34494
42396003;34519
424;34544,34679
42401;34707
424049;34720
42405;34734
424068;34747
424072;34761
4241;34775
4241140;34794
42414;34816
424213;34829
424389;34843
42445;34857
424492;34870
424585885;34884
424606;34901
424664899;34915
4247;34932
424702;34951
424740;34965
424786;34979
4248;34993
4248252511;35005
424828;35022
424850;35036
42492;35050
424944222;35064
424984;35080
424988;35094
425;35108,35289
425026;35317
42505;35331
425156;35345
42517233;35359
425236;35374
42524;35388
425243;35402
425289;35416
425308;35430
42531208;35444
425323;35460
42536;35474
425367;35487
425377;35502
4253904819;35516
425392;35533
425404;35547
425423;35561
425434;35575
42548239;35589
425525791;35604
425526;35621
425560;35635
425587;35649
425606;35663
425610;35677
425629;35691
425667;35705
42568;35719
4257;35731
425755;35743
4257721596;35757
425772160x;35775
425785;35793
4257903139;35807
4257903147;35825
4257904305;35843
4259;35861
42596;35880
425f3f;35894
426;35908,36041
42611;36085
426113;36098
426128;36112
426140;36126
42615;36140
426186;36153
426189;36167
426193;36181
42621;36195
426311;36208
426350;36222
42636192;36236
426380;36251
426468;36265
426479;36279
4265;36293
426510;36305
4266164601;36319
426620;36336
426636;36350
426640;36364
4266554117;36378
426701;36395
426735;36409
426758;36423
426762;36437
4268;36451
426857;36464
426865;36478
426891;36492
426910;36506
4269192219;36520
426956;36537
427;36551,36571
4270;36721
42701;36740,36754
42710;36767
427189;36781
427193;36795
427212;36809
427254;36823
42726;36837
427261;36851
4273;36865
427319;36878
42733071;36892
427338;36908
4273615181;36922
4273637;36939
427395;36954
42741;36968
42741640;36981
42741668;36997
42743;37013
42744;37027
427479;37041
42748;37055
4275;37069
427521;37081
427544;37095
427598720;37109
4276;37126
427605481;37138
427620;37155
427670;37169
427692;37183
4277;37197
42773;37209
427730695;37223
427746;37240
427750;37254
427755833;37268
427765;37285
4278;37299
42781;37311
4279377;37324
427940;37338
427971;37352
428;37366,37394
4280;37544
42805468;37563
42805479;37579
42809;37595
428215;37609
428226;37623
428234044;37637
428242;37654
428247;37668
428249652;37682
428265;37699
42831;37713
4283960;37727
428410;37742
42854870;37756
428574;37772
428574993;37786
42858398;37803
4286;37818
428654;37830
428669;37844
4287;37858
428753;37870
428772;37884
428814;37898
42885;37912
428860;37926
42891107;37940
428921;37956
42897463;37970
429;37985,38005
429161;38146
429180;38160
4292;38174
4293;38187
429317;38199
42939;38213
4294;38227
429451;38238
429455;38252
429478861;38266
429550;38283
429610;38297
429642;38311
429647;38325
429688;38339
429722;38353
429848;38367
429852;38381
42988;38395
42991072;38409
42nd;38435
42pm;38523
42px;38535
42z;38547
43;38558,39311
430;43642
43000;43840,43854
43007;43867
43011;43881
430119;43894
430252;43908
430262;43922
43029341;43936
430298;43953
4303;43967
430325;43980
430336;43994
43035366;44008
430405;44023
430492;44037
430531;44051
430607;44065
430611;44079
43066;44093
430672;44107
4307;44121
430767;44139
43077;44153
4307881296;44167
430819;44184
43091;44199
430923772;44213
431;44230,44258
431007;44441
431049;44455
43105;44469
431214;44483
431259;44497
431263729;44511
4313;44528
431317666;44540
431340631;44557
431343746;44574
431344432;44591
431435;44608
43147;44622
43149;44636
431505580;44650
43151;44667
431511;44681
43153119;44695
431568;44710
43158;44724
431633004;44738
4316480458;44755
4316607714;44772
431665431;44789
43167;44806
431675;44820
4317;44834
431708021;44846
431708168;44863
43171;44880
431797;44894
43185;44908
431931;44922
43195;44936
431st;44950
432;44963,45168
43200099;45180
432018;45195
432064;45209
432079497;45223
432098;45240
4321;45254
432129;45266
43217;45280
432193642;45294
432350493;45311
432358;45328
4324;45342
432408153;45354
43242;45371
432501679;45384
432506840;45401
432507778;45418
432508629;45435
432509071;45452
432513892;45469
43252;45486
432521383;45500
432545;45517
432551427;45531
432575927;45548
432576806;45565
432636;45582
43266;45596
432705;45610
432739;45624
43277;45638
43283;45652
43283232;45666
43285033;45682
432888;45698
43290;45712
43290511;45725
43292023;45741
432945;45757
433;45771,45799
433018;45962
43302;45976
433022;45990
433048606;46004
433056;46021
433065955;46035
433067902;46052
433071151;46069
433075756;46086
433110614;46103
433151;46120
4332;46134
433226385;46145
433299442;46162
433311;46179
433333;46193
433398056;46214
433437;46231
433439;46245
43346;46259
4335;46273
433647;46292
433716;46306
433800;46320
4338747;46334
4339;46348
433929;46360
433983;46374
433990;46388
434;46402,46422
43402;46604
434055;46617
434081018;46631
4341;46647,46660
434124;46672
43419;46686
4342;46700
434255446;46712
43431;46729
434338;46743
434401;46757
43447;46771
43449175;46785
43460596;46800
43468;46816
434685;46829
43469;46843
4347;46857,46870
434711;46882
434722;46896
434754553;46910
434755633;46927
434784;46944
434799;46958
434849;46972
4349;46986
434921177;46998
43494;47015
434982;47028
435;47042,47054
4350;47293
435070;47305
435127;47319
4352316;47333
43525;47348
435257;47360
43526;47374
435265173;47387
435266002;47404
435267189;47421
4353;47438
435310;47450
435329;47464
435371;47478
435402;47492
435410;47506
43541906;47520
435471;47536
43547359;47550
43554;47566
43554253;47579
435547;47602
435566;47616
435604;47630
43562;47644
435673;47658
435707;47672
435711;47686
4358;47700
43589;47713
4359619617;47727
4359695911;47744
436;47761,47940
436013;47992
436066;48006
43609648;48020
436142;48064
43617;48078
436256;48092
436291;48106
436295;48120
4363;48134
436321;48153
43635;48167
436480689;48181
436482348;48198
436485;48215
43649;48229
436508;48242
4365198;48256
4365302622;48270
4365349;48287
43664;48302
436695;48315
436741;48329
43675;48343
436985;48357
437;48371,48589
437099;48601
437141;48615
4374;48629
437473;48641
437485;48655
437508;48669
437550;48683
43756720;48697
43758;48713
437708081;48726
437708222;48743
437710;48760
437714;48774
4377264;48788
4377496;48810
437782;48832
4378;48846
437866;48858
437881;48872
437920;48886
43794;48900
437973;48913
438;48927,48947
438046;49125
438088658;49139
438107;49156
438111;49170
438129;49184
4381468;49198
438168;49213
438175;49227
438194;49241
438198;49255
438320;49269
438446;49283
43847;49297
438484;49311
4385;49325
438557;49337
438560;49351
438576;49365
4386;49379
438610;49398
438663;49412
438675;49426
4387;49440
438702;49452
43877702;49466
438869;49483
438898631;49497
438911279;49514
438950;49531
438fff;49545
439;49559,49571
439014;49712
439060;49726
439106;49740
439178;49754
439223903;49768
439224266;49785
4392286;49802
439229558;49824
439230708;49841
439232;49858
43926;49872
439281;49885
439362;49899
439373;49913
439404;49927
439449;49941
439491;49955
439495;49969
439499;49983
439533;49997
439548;50011
4396;50025
439606;50037
439742325;50051
439751;50067
439789;50081
4398;50095
439873;50108
43988;50122
439896;50136
4399;50150
439983;50162
43bfc7;50176
43f4;50190
43rd;50201
44;50269,51069
440;55111,55131
4400;55343,55356
440000400;55388
4400574863;55405
44007362;55422
440086;55438
440119;55452
4401235878;55466
4401477575;55483
440163;55500
4401791;55514
440186;55529
440231;55550
4402440786;55564
4402794;55581
440281;55596
44030428;55610
44041;55625
440434;55639
440441;55653
4404th;55667
440510;55681
44052;55695
440578;55708
44058;55722
440601;55736
440681;55750
440742;55764
440804;55778
440815;55792
440828;55806
440865;55820
4408920407;55834
440914;55851
44096;55865
440971;55879
440987;55893
440998;55907
441;55921,55965
4410246;56100
4411;56115
441116;56127
441147;56141
441154;56155
441284;56169
44129;56183
44131;56196
441330;56209
441341;56223
44136;56237
441380;56250
441441;56264
441448;56278
441456;56292
441463;56306
441475;56320
4415;56334
441544;56346
441624;56360
441692347;56374
441692477;56391
441696;56408
441727;56422
44172789;56436
441731352;56452
441784;56469
4417843819;56483
441840595;56500
441860;56524
4419;56538
441902;56549
441933;56563
442;56577,56726
442039;56738
44209;56752
44209236;56765
442169;56780
4422;56794
442238;56807
442288;56821
442303;56856
44239;56870
442398;56884
442416;56898
442424;56911
4427;56925
442760;56938
44278;56952
4428;56966
442929;56978
442955;56992
442970;57006
443;57020,57048
443024;57149
4431;57163
443101405;57175
44312;57191
4431370199;57204
44314;57221
4431673;57235
443226;57249
443237;57263
4433;57277
443462;57289
44347352;57303
443501;57318
443520;57332
443539;57346
44354;57360,57374
443611;57387
443623;57401
44362462;57415
443684;57431
443687;57445
443718;57459
4437590;57473
44376;57488
443790;57502
4438;57516
443829;57528
443889;57542
4439;57556,57569
443939;57597
443d;57611
444;57622,57836
444016;57872
444069;57886
444111;57900
444126;57914
444134;57928
444153;57942
444172;57956
444187;57970
444199;57984
444218;57998
44422;58012
444229;58026
4442361;58040
444256;58055
444261862;58069
444263;58086
444317;58100
44436;58114
444370;58127
444401;58141
4444261789;58155
444427;58172
444439;58186
444496;58200
4445;58214
444504;58226
4445321858;58240
444595;58257
444599;58271
4446;58285
444611;58298
444660;58312
444668;58326
444702;58340
444733;58355
444736;58369
444744;58383
444794;58397
4448;58411
44481;58423
444820;58437
444836;58451
444843;58465
444847;58479
444874;58493
444885;58507
44494564;58521
444951962;58537
445;58554,58678
445065;58698
445076;58712
445110;58726
445137;58740
445141;58754
445170837;58768
445194;58785
445198;58799
445213;58813
445244;58827
44525;58841
445271;58855
445297;58869
44531542;58883
445374;58898
445480254;58912
44551266;58929
445515172;58945
445518455;58962
445531876;58979
445541;58996
445583;59010
44561;59024
4457;59038
445706;59050
445724;59064
445728;59078
445763;59092
4459;59106
445927;59125
446;59139,59167
4460;59296
446013;59308
44607013;59322
446136;59338
4462570548;59352
4463;59369
44635;59381
446358;59394
44641;59408
446499387;59421
446505752;59438
4466;59455
446606;59467
446632859;59481
446633309;59498
446633746;59515
446640;59532
446644;59546
446667;59560,59575
4467;59589
446701;59601
446728;59615
446758;59629
44685;59643
446850;59657
446880;59671
446883183;59685
446899;59702
446953;59716
446995;59730
447;59744,59788
447044;59982
447060;59996
447135299;60010
447174;60027
447197;60041
44724;60055
447243;60068
4472651184;60082
44727244;60099
447323;60115
447327;60129
447348237;60143
447449;60159
44746;60173
447472;60186
447474473;60200
447559;60217
447575;60231
4476;60245
447601;60256
447605;60270
44761;60284
4476252;60298
44765;60312
447663263;60325
44768;60342
447681;60355
4477;60369
447708;60389
44772;60403
44774;60416
44775;60429
44777;60443
44779;60456
4478;60469
44783;60481
44784;60494
44786;60507
4478666782;60520
44789;60537
447899;60550
4479;60564
447903;60577
447a;60591
447b;60604
447c;60617
447d;60630
447e;60643
447f;60656
448;60669,60689
448013688;60831
448013979;60848
448014844;60865
448015156;60882
448016333;60899
448016753;60916
448016935;60933
448017655;60950
448097;60967
448112;60981
448147;60995
448212;61009
448243224;61023
448255;61040
448277;61054
448307;61068
4483413696;61083
44836;61100
448368;61113
448399;61127
448425;61141
448483;61155
44850748;61169
44852;61185
448521;61199
4486;61213
448639;61225
448647;61239
448658;61253
4486665277;61267
4487;61285
448700;61297
4487314908;61311
4488;61329
448841;61341
44885;61355
448895;61368
448952;61382
448997;61396
449;61410,61572
449032;61584
44906259;61598
449081;61613
449104;61627
449108;61641
449127;61655
449139;61669
449141785;61683
449142956;61700
449145865;61717
449147029;61734
449147515;61751
449147699;61768
449184;61785
449272;61799
449274;61813
44929;61827
449296320;61840
4493;61857
449321;61869
449387;61890
449390;61904
449467;61918
449471;61932
449474;61946
449528;61960
44955762;61974
449574;61990
4496281445;62004
44969;62021
449756;62034
449768;62048
449795;62062
449863;62076
44987193;62090
4499;62106
44994;62117
44aa44;62131
44columbia;62255
44ee44;62273
44ffcc;62397
44k;62521
44min;62532
44th;62545
44x40px;62648
44z;62664
45;62675,63595
450;68486,68570
4500;68983,69004
45001;69036
450024;69049
450054;69063
450098616;69077
450100;69094
450218;69108
450294;69122
4503;69136
450323724;69149
450324983;69166
450348;69183
4503824711;69197
450603;69214
450653;69228
4506716756;69242
450703;69260
450756;69274
450771;69288
45077571;69302
450807153;69317
45084453;69334
450895;69358
4509114325;69372
450932;69389
450965239;69403
450px;69420
450th;69439
451;69451,69463
451025715;69616
451088;69633
4511;69647
451153;69660
451157;69674
451180;69688
451233;69702
451256;69716
451260;69730
45131;69744
45139;69757
451431;69771
451485;69785
451515;69799
45152;69813
451591;69826
451618;69840
45167678;69854
45175;69877
451778;69891
451809;69905
45181036;69919
451817;69934
451842;69948
451843;69963
451851;69977
4519023895;69991
451962;70008
452;70022,70190
452000;70210
45200078;70224
452010;70241
452038;70255
452065;70269
452099;70283
452199212;70297
452199886;70314
452201086;70331
452227670;70348
452240;70365
45226634;70379
452274436;70394
452277397;70411
452301;70428
452328;70442
452345576;70456
452349848;70473
452389;70490
452396723;70504
452442;70521
45245;70535
45248;70548
452618;70561
452637;70575
45268676;70589
452713;70605
45284073;70619
45285714;70642
452878549;70657
452885;70674
45289;70688
452942;70702
452957;70716
452999;70730
453;70744,70772
453011;70885
453018;70899
453026;70913
45306;70927
4531;70941
45312;70953
453182;70966
453205370;70980
453211449;70997
45321858;71014
453221516;71029
453230727;71046
453293;71063
4533;71077
453339;71090
45347;71104
4535;71118
453513;71130
453606;71144
4536160711;71158
453697;71176
453712;71190
453770;71204
45388;71218
453880;71232
453889;71246
4539;71260
453938;71272
453960;71286
453972;71300
453995;71314
454;71328,71348
454021;71524
454025;71538
454074125;71552
454100025;71569
4541192;71586
454251723;71602
454254;71619
454285;71633
454346;71647
454368415;71661
454378321;71678
4544;71695
454418;71707
45443;71721
454433;71734
454438592;71748
454439197;71765
454443079;71782
454444431;71799
454445456;71816
454446947;71833
454456;71850
4544588;71864
454474991;71879
4545;71896
454517;71908
454533;71922
454548382;71936
454551509;71953
454578129;71970
454607700;71987
454704;72004
454743721;72018
454786;72035
4548;72050
454802;72062
454807;72076
454857;72090
45487309;72104
454880;72119
454918;72133
455;72147,72191
4550;72365
455017;72377
45504;72391
45506;72404
455063;72418
455108;72432
4552;72446
455200;72458
4552988;72472
45532;72487
455410;72500
455417;72514
455463;72528
45547;72542
455528120;72555
455540;72572
455563;72586
45558885;72600
455616;72616
455673;72630
4556876719;72644
455776;72661
455852820;72675
455868;72692
455875377;72706
455887;72723
455925;72737
455975;72751
456;72765,72841
4560;73038
456003277;73050
456008258;73067
456032;73084
456043192;73098
456043619;73115
456044295;73132
456044786;73149
456045562;73166
456047511;73183
456048500;73200
456049508;73217
456050482;73234
456054577;73251
456055115;73268
456059045;73285
456065895;73302
456078;73318
456120;73332
45613551;73346
456146;73361
456165;73375
4562;73389
456200;73401
456231526;73415
456232037;73432
456291;73449
456295;73463
4563;73477
456306;73489
456344868;73503
456345980;73520
456346459;73537
456346622;73554
456368118;73571
456387;73588
456451;73602
456482;73616
4565;73630
456582988;73649
456623;73666
456688865;73680
45669;73697
4567;73710
456703;73729
456799;73743
456818;73757
456873207;73771
456877742;73788
4569447;73805
45696366;73819
456963911;73834
457;73851,73871
4570;74060
457191;74072
4572;74086
457237;74098
457249;74112
45725037;74126
45729;74151
457382;74165
457417;74179
45744091;74193
4574687;74208
4575;74223,74236
457512789;74255
457513365;74272
457517178;74289
457517421;74306
457519937;74323
457523;74340
457541878;74354
457542962;74371
457650806;74388
457652171;74405
457664;74422
45767188;74436
457684;74451
457686;74465
4577;74479
45776;74491
457905;74504
458;74518,74658
458080;74702
458101399;74716
458114862;74733
458130;74750
458152458;74764
458154795;74781
458185;74798
458275;74812
458290564;74826
458291517;74843
45832;74860
45843093;74874
45843716;74891
458603;74908
458614;74922
458633;74936
458671875;74950
458672;74967
458862845;74981
45887;74998
458889;75012
4589;75026
45890;75038
458961;75052
45897;75066
458977;75079
459;75093,75258
4590;75278
45903;75291
459038;75304
45904;75318
459053;75331
4590789;75345
4590790;75360
459175;75375
459183;75389
45920498;75403
4593;75419
459318;75431
459351;75445
459358;75459
459419;75473
459454;75487
459455576;75501
459456119;75518
459456352;75535
459457150;75552
459488;75569
4595;75583
459602;75595
459682;75609
459797;75623
459811684;75637
459812;75654
459831;75668
4599;75682
45am;75694
45b220fe;75720
45caus;75736
45em;75750
45feminist;75763
45got;75781
45hp;75794
45i;75805
45n;75816
45pm;75827
45px;75840,75861
45th;75929,75983
45v;75996
46;76007,76742
460;80894,80906
4600;81067
46000433;81100
46003;81115
460056;81129
460075;81143
460121;81157
460190;81171
46025702;81185
460274;81200
460293;81214
460307890;81228
460314799;81245
460346;81262
460358;81276
460403;81290
46044;81304
460450330;81317
460457;81334
460541;81348
4606;81362
460636;81375
460659;81389
460663;81403
4607;81417
4607385993;81429
460743;81446
460774020;81460
46080;81477
460842;81490
460899;81504
460955365;81518
460957;81535
460960273;81549
460962455;81566
460962935;81583
460979098;81600
461;81617,81637
461060;81784
4611546695;81798
461168212;81815
461189;81832
461235;81846
461239;81860
461250;81874
461258;81888
461274778;81902
461275279;81919
461276134;81936
461276890;81953
461280225;81970
461285;81987
461288;82001
461319604;82015
46134085;82032
461376;82055
46143;82069
4614471197;82082
4616;82099
461613;82111
461639;82125
461678;82139
461826;82153
461926;82167
462;82181,82309
462029;82321
462082;82335
4621155;82349
462173;82365
46219864;82379
46222;82402
46223;82414
462288;82427
4623516202;82441
462404182;82458
462422314;82475
462433;82492
462494;82506
4625145;82520
462677;82542
4627;82556
462715;82567
462757;82581
462784;82595
462833;82609
462891;82623
4629231;82637
463;82659,82775
463039;82795
463092;82809
4631;82823
463120;82835
463181;82849
463188;82863
463203;82877
46321;82891
46329;82904
46334;82917
4634578;82930
4634581;82946
4635;82962
46356;82974
463562778;82988
463570367;83005
463571446;83022
463589010;83039
463608;83056
463684;83069
4637;83083
463777506;83096
463812137;83113
463812926;83130
463821986;83147
4638274;83164
4638279;83186
4638299;83208
4638301;83230
4638312;83252
4638315;83274
46394447;83296
463982;83312
464;83326
4640;83467
464005;83485
46401987;83499
464027;83514
464039;83528
464061199;83542
46406197;83559
46408;83575
464188;83589
464195;83603
4642051961;83617
464272;83635
46441;83649
464535;83662
4646;83676
464646;83688
4646838903;83702
46469;83719
464699;83731
464718;83745
464725;83759
464783;83773
464802;83787
464886;83801
464890;83815
464909;83829
464954;83843
464977;83857
464988752;83871
465;83888
465012;84090
46507;84104
465176;84118
4652;84132
465202;84144
465237;84158
465282;84172
465290;84186
465359;84200
46538;84214
465401;84228
465466;84242
4655;84256
465515;84268
465569;84282
465618;84296
4656184316;84310
465643;84327
465658296;84341
465661997;84358
465664275;84375
465665329;84392
465666140;84409
465683;84426
465687;84440
465689449;84454
465689954;84471
465722704;84488
465723309;84505
465725;84522
465755;84536
465813;84550
4658235908;84564
465855;84581
465858;84595
46587737;84609
465878;84625
465881;84639
465934471;84653
466;84670,84825
4660;84845
466007;84856
466019;84870
46602;84884
466049;84897
466125;84911
466179;84925
466193855;84939
466216547;84956
46622747;84973
466255;84988
466372;85002
466376;85016
466454;85030
466461;85044
466518;85058
466534;85072
466579;85086
466585;85100
466603840;85114
466608161;85131
466611290;85148
466613598;85165
466616765;85182
466617727;85199
466618216;85216
466660;85233
466667;85247
4667;85268
466736;85280
466773466;85294
466793;85311
466797;85325
466869;85339
46690;85353
467;85366
46709;85472
467155;85486
467165677;85500
467182;85517
46719921;85531
4672;85546
467216;85558
467220;85572
467266;85586
467339;85600
4673961;85614
46741;85630
467461;85643
467502;85657
467506;85671
467522;85685
467579;85699
4676;85713
4676066041;85724
467682;85741
467731;85755
467754713;85769
467766;85786
467792531;85800
467796;85817
46786071;85831
467930;85856
467960;85870
468;85884
468067;85957
46809822;85971
4681;85987
468105505;86006
468115871;86023
468127248;86040
468154331;86057
468160364;86074
46817;86091
4682;86105
468204;86117
468232125;86131
468250;86147
4682b4;86161
468305872;86202
468346;86219
468430;86233
468437;86247
46849521;86261
4685;86277
468584699;86289
468607891;86306
468643;86323
468650738;86337
468655;86354
468669624;86368
468750;86385
468788;86399
46879;86413
468845;86426
468887;86440
468974977;86454
468983300;86471
469;86488,86532
469093;86654
469135523;86668
469170;86685
469222510;86699
469222953;86716
46924109;86733
469265;86748
46933;86762
469419808;86775
469420344;86792
46943;86809
4695;86822
469505942;86835
46953;86852
469534874;86865
469538889;86882
469577211;86899
469587927;86916
469588302;86933
469595;86950
46961140;86965
469613780;86989
469669;87006
469699425;87020
469702065;87037
46974613;87053
4697829187;87083
4698693752;87100
469963;87117
46996527;87131
46ce;87147
46em;87159
46er;87171
46k;87204
46th;87215,87228
46z;87268
47;87279,88141
470;92119,92155
4700;92300
470127;92326
470127763;92340
4701300;92357
470131;92372
470135;92386
47018;92400
470215;92414
470219;92428
470249;92442
470257;92456
470286454;92470
4703565836;92487
470375;92504
470378;92518
470417;92532
47043;92546
470455;92559
470539;92573
470551;92587
4706;92601
470630100;92613
470641128;92630
470641239;92647
470645569;92664
470696705;92681
47071;92698
470894;92711
4708th;92725
4709;92739
470970;92760
471;92774,92810
47107;92963
471081;92977
471203;92991
471225463;93005
471283;93022
471291;93036
471344;93050
471389;93064
471414565;93078
47149020;93094
471523;93110
471545;93124
4715463221;93138
471672482;93155
4717;93172
471716932;93184
471722416;93201
471733;93218
47177;93232
471790;93245
47185045;93259
471859190;93282
471924;93299
471944;93313
472;93327,93363
47204959;93513
47212234;93529
472168;93544
47219;93558
472240;93571
47232;93585
472349708;93598
472361360;93615
472378;93632
4725;93646
47252;93658
472530;93671
472542;93685
4726;93699
472618;93710
47276;93724
472828979;93738
472844271;93756
472965;93773
472984716;93787
472989353;93804
47299;93821
473;93834,93846
4730;93988
473140;94000
473171;94014
473178356;94028
473183457;94045
47323020;94062
47329;94085
473403144;94098
473406403;94115
473503;94132
473516656;94146
473525891;94163
473549;94180
473553;94194
473555668;94208
473557;94225
47358537;94239
473618;94254
473625;94268
473644;94282
473694;94296
4737530947;94310
473789;94327
4738;94341
473820;94353
473831;94367
473906965;94381
473907393;94398
473918;94415
47393;94429
473949;94443
473l;94457
474;94468,94512
4740001;94642
474052;94666
474056;94680
4740689993;94694
474113;94711
4741576314;94725
47416;94742
474209;94755
474304;94769
474316;94783
474342;94797
474541;94811
474571;94825
4746;94839
4746075;94851
47462;94943
47464;94956
474722;94969
474777248;94983
474892;95000
474903;95014
47490615;95028
474916;95051
4749314487;95065
474941;95082
474993689;95096
474993913;95113
474995431;95130
475;95147,95167
475110;95335
475136;95350
475159;95365
475338;95379
47537;95393
4754;95407
475513;95418
475552;95432
475559;95446
475612209;95460
475614622;95477
475618754;95494
475651;95511
47569;95525
475741380;95538
475745585;95555
475746908;95572
475756713;95589
475762807;95606
475766488;95623
475770389;95640
47578669;95657
475787470;95672
475794000;95689
475800;95706
4758032564;95720
47590686;95738
475928220;95753
475929965;95770
475948075;95787
475964;95804
476;95818,95838
476009;96028
476051;96042
4760789;96056
476120;96071
476143969;96085
476264151;96102
476267881;96119
476269287;96136
476270920;96153
476271393;96170
476278915;96187
476300652;96204
476302434;96221
47631955;96238
476323257;96253
476337576;96270
476414;96287
476418;96301
47648;96315
476532;96329
476583;96343
4766;96357,96370
4767;96382
476746;96394
4767839015;96408
47698;96425
477;96439,96567
477004096;96603
477014811;96620
477015697;96637
4771;96654
477139;96667
477161;96681
4773;96695
47731;96707
477318;96721
477350698;96735
477378172;96752
477390;96769
477393666;96783
477399201;96800
477399611;96817
477402799;96834
477406247;96851
477409;96868
47741;96882
477417;96895
477421;96909
477426242;96923
477440183;96940
477440655;96957
477459;96974
477459851;96988
477460973;97005
4775;97022
477505;97036
477509830;97050
477516;97067
477516684;97081
477520345;97098
477522577;97115
477523152;97132
477535;97149
477539;97163
477543;97177
477554;97191
4776;97205
47763;97217
477646;97231
477661;97245
477665;97259
477673;97273
477684;97287
4777;97301
477749;97313
477753;97327
47776;97341
4778;97354
477833;97366
477848;97380
47787179;97394
477921;97410
477987349;97424
478;97440,97610
478058;97622
478065;97636
478073;97650
478098381;97664
478184;97681
478237;97695
478291;97709
478302;97723
478326265;97737
478338170;97754
478339879;97771
478363;97788
478386;97802
478413;97816
478428;97830
478443;97844
478466732;97858
478476600;97875
478477709;97892
478508195;97909
478546;97926
478550;97940
478638;97954
47865;97968
478657;97982
47875483;97996
478802350;98012
478819489;98029
478844;98046
478851;98060
478858006;98074
478860663;98091
478863874;98108
478864267;98125
478901;98142
478909;98156
478912;98170
47895;98184
478958;98197
478973;98211
478996170;98225
4789998;98242
479;98257,98269
479008;98404
479013288;98419
479053;98443
47906184;98457
479080;98472
47909;98486
479139781;98500
479149;98517
4792227;98531
4792230;98546
479237;98561
479309870;98575
479328732;98592
479343;98609
479351;98623
479427;98637
479446;98651
479481;98665
4795780778;98679
4796241;98696
479687;98711
479713;98725
47973;98739
4798;98752
479885;98764
4799;98778
479963351;98790
479965;98807
479965494;98821
479967694;98838
479969;98855
479973831;98869
479976364;98886
47a004ab;98903
47aa;98926
47b;98939
47c;98951
47cf;98962
47k;98974
47th;98985,99074
48;99087,99870
480;104100,104160
4800;104366
480000;104385
48004;104399
480057;104413
480137;104427
480179;104441
480202;104455
480263;104469
48029012;104483
48029326;104499
480308661;104515
480366556;104532
480408;104558
480476;104572
4804934263;104586
48053;104603
480549929;104617
480556;104634
480593818;104648
480606;104665
480648257;104679
480679;104696
480694;104710
480736;104724
480743;104738
480747;104752
480756803;104766
480758624;104783
480759;104800
4807891846;104814
48081790;104831
480915;104847
48096;104861
480980;104875
480th;104889
481;104902,104930
4810;105063
481013001;105075
481064;105092
481079;105106
481113;105120
4811217;105134
481196;105149
481213;105163
481231;105177
481239;105191
481277;105205
481365;105219
481403;105233
481403418;105247
481408406;105264
48143;105281
481445;105294
481480;105308
481491;105322
4815;105336
48151;105425
481514;105439
481533;105453
481569049;105467
481598;105484
4816;105498
481602272;105510
4816303849;105527
481644;105544
481647;105558
481667;105572
48170300;105587
481724;105603
481726745;105617
481728589;105634
481728920;105651
48173;105668
481731;105682
481750;105696
48175374;105710
48176;105726
481815;105739
481873;105753
481915;105767
481937;105781
481941;105795
481956;105809
482;105823,105976
48206;106004
482147;106017
482258;106031
482262;106045
482292;106059
482327;106073
482353;106087
48237861;106101
482494;106117
482517;106131
482574;106145
482605;106159
4827699;106173
482780;106188
482807;106202
482841;106216
482861;106230
482899;106244
48293;106258
483;106272
4830;106394
483013;106406
483025;106420
483051;106434
483056;106448
48313;106463
48317;106477
483200;106490
483215;106504
483276;106518
483333;106532
483345;106553
483376;106567
4834135771;106581
483453864;106598
48349201;106615
483516468;106631
48353658;106648
483574;106664
483582;106678
483638;106692
483665;106706
483685;106720
483686763;106734
483702883;106758
483788;106775
483807;106789
483837;106803
4839687645;106817
483997;106834
483c32;106848
484;106876,106888
484028;107044
484066;107058
4840a0;107072
4841;107197
484100;107210
484127;107224
484131;107238
484161;107252
484180;107266
48419;107280
484253;107294
484287;107308
484337;107322
484352;107336
484360;107350
484375;107364
484390;107378
484394;107392
484399;107406
484525;107420
484528;107434
4845285714;107448
484606;107465
4847;107479
484753;107492
484776;107506
484783;107520
484795;107534
484844;107548
484901;107562
484905;107576
484917;107590
484932;107604
484989;107618
484997;107632
485;107646,107666
485001325;107793
48501;107809
485058;107823
485062;107837
485067339;107851
485085;107868
4851;107882
485168356;107901
485168883;107918
485173711;107935
485191;107952
485241;107966
485259877;107980
485262672;107997
485291;108014
485317;108028
485416;108042
485428;108056
4854550362;108070
485634;108087
485657;108101
485672;108115
4857;108129
485722;108141
48577;108155
485779;108169
485787082;108183
485794;108200
4858;108214
485855;108227
485924;108241
486;108255,108283
486023;108447
486088;108461
486099;108475
486122;108489
486130;108503
4861379266;108517
486164;108534
48617687;108548
486187;108571
486237;108585
486240;108599
486244;108613
486252;108627
486267;108641
486294;108655
486313;108669
486340;108683
48635487;108697
486374;108713
486420;108727
486473;108741
4865;108755
486549;108766
486561;108780
486576;108794
486584;108808
4866;108822
486631403;108832
486634627;108849
486641;108866
486659529;108880
486663392;108897
486678699;108914
486683296;108931
486689135;108948
486792163;108965
4868;108982
486807445;108992
48681;109009
486811135;109023
486815627;109040
486830780;109057
486835;109074
486835065;109088
486837147;109105
486839005;109122
486841718;109139
486849816;109156
486858;109173
486870;109187
486878105;109201
48689;109218
486902018;109232
486906260;109249
486927;109266
48694634;109280
48697;109295
486px;109309
487;109322,109358
48701;109491
487083664;109505
487084325;109522
487085288;109539
487106;109556
487137;109570
48718;109584
48719;109598
4872;109611,109624
487217;109636
487244220;109650
487245706;109667
487312804;109684
487319619;109701
487320432;109718
487323380;109735
487326787;109752
487327823;109769
48733;109786
487338043;109800
487347;109817
487373746;109831
487374594;109848
487418727;109865
4874299;109882
4875;109897
4875053;109909
487528;109924
48754871;109938
4876;109953
487631769;109965
487656;109989
4876993597;110003
48775799;110020
48778;110036
4878302;110050
4878527;110065
487984;110089
48798765;110103
487991;110119
487abf;110133
488;110148,110325
488023;110337
4880318;110351
488060;110366
488061;110380
48824;110394
488250172;110408
488270;110425
4883;110439
4883491993;110451
488398;110468
4884;110483
488421531;110495
488435;110512
488483;110527
488499;110541
488514;110555
48855;110569
488552;110583
488567;110597
48862;110611
488693;110625
488697;110639
488857;110653
488914;110667
488941;110681
488ac7;110695
488ed3;110738
489;110753,110805
489082;110962
4891;110976
489103;110988
48913;111002
489192262;111016
489274472;111033
489299;111049
4893;111063
489334;111075
489365;111089
48942;111103
489456;111117
489491;111131
489522642;111145
489526172;111162
489526391;111179
489534546;111195
489535247;111212
489536307;111229
489536592;111246
489536680;111263
489540;111280
489557933;111294
489581;111311
489634664;111325
489654604;111342
48966;111359
489671007;111373
489769;111390
489880;111404
489922;111418
48994671;111432
489h;111456
48ce;111468
48h;111480,111492
48px;111503
48th;111521,111542
49;111629,112389
490;116159,116301
490196;116313
4902;116327
490211;116340
490246;116354
490299;116368
4903;116382
490311;116394
490314;116408
49037;116422
490437;116436
490459;116450
49051;116464
490543;116477
490555;116491
490570;116505
490578;116519
49061358;116533
490616;116548
490646;116562
490665;116576
490696;116590
490707;116604
490711;116618
490723;116632
490757;116646
490837;116660
490856;116674
490868;116688
490887;116702
4909;116716
490910;116728
490971;116742
491;116756,116784
49106145;116934
491074;116949
491077;116963
491097289;116977
491104;116994
491112;117008
49115;117022
491199;117035
491205937;117049
49131;117066
491426810;117079
491434713;117096
491501;117113
491600;117127
49163;117141
491641443;117154
491798;117171
491806;117185
491875;117199
491890;117213
491905;117227
49190819;117241
492;117256,117394
492004;117430
492035;117444
4921;117458
492165;117472
492188;117486
492195;117500
492233;117514
492237;117528
492245;117542
492290;117556
49232;117570
492335592;117583
492338129;117600
492340;117617
492352;117631
492352371;117645
4924;117662
492400953;117674
492420;117691
492443;117705
492462;117719
492470;117733
49248452;117747
4924848;117771
492527;117795
492543;117809
492547922;117823
492555289;117840
492569;117857
49259;117872
492592;117885
492607;117899
492705264;117913
492707429;117930
492707950;117947
492710;117964
492714;117978
492752;117992
492764;118006
492813;118020
492828;118034
492847;118048
492851;118062
492863;118076
492882;118090
4929;118104
492939;118117
492996;118131
493;118145,118266
493007875;118286
493010023;118303
493011731;118320
493046;118337
493060371;118351
4931;118368,118381
493152554;118393
493160;118410
493178547;118424
493183;118441
493204332;118455
493256358;118472
493257967;118489
493261867;118506
4933;118523
493309;118535
493317;118549
493337460;118563
493350443;118580
493362;118597
493363241;118611
493404;118628
493408;118642
493439;118656
493462;118670
493469;118684
493477;118698
493500;118712
493511;118726
493523;118740
493525058;118754
49356;118770
493580;118783
493591;118797
493626;118811
493629;118825
493637;118839
493652;118853
493668;118867
493694;118881
493732;118895
4937413037;118909
493744;118926
493755;118940
493789712;118954
493809;118971
493858;118985
493874;118999
4939;119013
493900;119025
493980;119039
494;119053,119228
4940;119256
4940109551;119277
494026;119294
49408185;119308
494087;119323
49414408;119337
494167;119353
494179;119367
494228;119381
494244;119395
494251;119409
494293;119423
49429653;119437
4943;119460
494324;119473
494343;119487
49436669;119501
494411;119517
494415;119531
494431;119545
494434;119559
494461;119573
494480;119587
494522;119601
494556;119615
494564;119629
4946;119643
494610;119655
49462173;119669
494633;119686
494640;119700
49465;119714
494667;119727
494678;119741
494720;119755
494736;119769
494760097;119783
494781;119800
494846;119814
49490;119828
494900;119841
494907;119855
494915;119869
494949;119883
494953;119898
494972;119912
49499789;119926
495;119949,119977
495041;120154
495060;120168
495071;120182
49507397;120196
495098;120212
495102;120226
49513;120240
495144;120260
495148;120274
495174183;120288
495182;120305
495201;120319
495213;120333
495243;120347
49525;120361
49527329;120374
495307215;120390
495325926;120407
495335;120424
495392;120438
495399;120452
495441;120466
495457;120480
495480;120494
495500078;120508
495506;120534
4955292046;120548
495567;120565
495571;120579
495613;120593
495651;120607
495655018;120621
495655610;120638
495662309;120655
495674;120672
495708;120686
495728;120700
495773;120714
495804;120728
495848100;120742
495849906;120759
495855161;120776
495855962;120793
495884;120810
495899;120824
495956;120838
49597;120852
496;120865,120893
496002;121043
496010;121057
496029;121071
496053;121085
496113;121106
496120;121120
496170;121134
496223;121148
496277;121162
496281;121176
496289964;121190
49629650;121207
496349;121224
496353;121238
496357;121252
496368;121266
496407;121280
496441;121294
49645;121308
496452;121321
496468;121335
496471;121349
496475;121363
496510;121377
496517;121391
496525;121405
496529;121419
496540;121433
496552;121447
496574599;121461
496597;121478
496605;121492
496624;121506
496628;121520
496636;121534
496655;121548
496658;121562
496681;121576
496685;121590
4967;121604
496708;121695
496735;121709
496769;121723
496773;121737
496834;121751
496849;121765
496857;121779
496880;121793
496895;121807
4969;121821
496955784;121832
496986;121849
496990;121863
496994;121877
496ff;121891
497;121904,121924
497005;122065
497089;122079
497093;122093
497162;122107
497166;122121
497189;122135
497264290;122149
497284;122166
497326;122180
497360;122194
497383;122208
497387;122222
4974;122236
497402;122246
497407917;122260
497498;122277
497543;122291
497559;122305
497589;122319
4975917041;122333
497625866;122350
497627059;122367
497631;122384
4976347;122398
49767;122413
49774;122427
497788;122440
497868;122454
497906;122468
498;122482
498020;122609
498089;122623
498127;122637
4981312156;122651
498180;122668
498207;122682
498219;122696
498227275;122710
498227797;122727
498228092;122744
498264;122761
49829;122775
498348;122789
498360;122803
498371;122817
498382139;122831
498394;122848
498413702;122862
498459;122879
498489;122893
49851155;122907
498631;122923
49870;122937
498711;122950
498734;122964
498775;122978
498817;122992
498817598;123006
498818636;123023
498843036;123040
4989;123064
498909;123083
498955;123097
499;123111,123147
499016;123315
499050;123329
499088;123343
499162682;123357
499195;123374
4992;123388
4992498;123400
499265379;123416
499321;123433
499325;123447
49942;123461
499437119;123474
499444;123491
499486170;123506
499515614;123523
499527;123540
499565;123554
49958162;123568
499630531;123583
499631981;123600
499641651;123617
499647692;123634
499668;123651
499675972;123665
499677150;123682
49968;123699
499718;123712
49974127;123726
499767;123749
499778222;123763
499790;123780
499790573;123794
499894612;123811
4999;123828
499928;123840
499989;123854
499996;123868
49er;123882,123895
49k;123928
49th;123939,123952
49the;124041
49thshelf;124054
49z;124071
4a;124082,124109
4a2f;124138
4a3f3f;124150
4ad;124164,124176
4asa11;124194
4asa12;124208
4asa13;124222
4asa14;124236
4asa15;124250
4asa16;124264
4asa17;124278
4asa18;124292
4asa19;124306
4asa20;124320
4asa21;124334
4asa22;124348
4b;124362,124373
4b0082;124390
4b6;124404
4b62;124415
4b89;124427
4ba2;124440
4bf5;124452
4c;124464
4c0099;124495
4c3366;124509
4c65;124523
4cbb17;124535
4cf3;124549
4cfqrw3;124561
4clt;124576
4corner;124588
4cv;124603
4d;124614,124625
4d1e;124642
4d25;124654
4d6;124665
4d6633;124676
4d6a;124690
4d7;124702
4d7a;124713
4d8;124725
4d9900;124736
4dih;124750
4dii;124762
4e1;124774
4e30;124785
4e562c;124797
4em;124848,124884
4everproxi;125033
4ex;125051
4f;125062,125089
4f4f4f;125113
4f7942;125127
4f80;125140
4fba;125152
4font;125164
4gw;125177
4h;125188
4hana;125219
4i7i;125231
4idaho;125243
4info;125257
4k;125269
4music;125293
4n;125307
4name;125317
4nt;125331
4play;125343
4px;125355,125387
4q;125615
4r;125625
4ref;125649
4s;125661
4s5p;125678
4s6p;125690
4split;125702
4sync;125717
4talk;125729
4th;125741,125945
4to;126933
4unsourc;126943
4wp;126959
4wpc;126969
4x;126981
4x100;127005
4x200;127032
4x4;127045
