2 factor;0
2 jpg;16
20 jpg;29
20;44,55
200;134,162
2000 jpg;201
2000;217
2001;243
2002 jpg;262
2002;278,299
2003 jpg;325
2003;340,353
2004 jpg;407
2004;423
2005;477
2006;515
2007;562,575
2008 jpg;587
2008;603,616
2009 jpg;642,659
2009;675,688
2010;699
2011 jpg;711,728
2011;751,772
2012;791,828
2013 jpg;868
2013 png;891
2013;927,940
2014  jpg;1084
2014  png;1101
2014 jpeg;1118
2014 jpg;1135,1152
2014 pdf;1196
2014 png;1212
2014;1256,2945
2015;3358,3379
2016;3481
2017;3535
2019;3547
202 jpg;3559
2021;3572
203;3584
204;3595
2065;3606
21;3619,3630
210;3709
21956;3720
21st;3732
22;3744,3755
22nd;3842
23;3861
24;3955
240;4094
245;4105
247;4116
25;4127,4138
258th;4266
25th;4279
26;4291,4318
27;4440,4459
28;4580
29;4673
2k15;4760
2nd;4772,4808
2ne1;4997
