90;0,43
900;471,507
9000;546
90000275;565
9001;580
900px;592
902;605
904;623
90405;641
9044;653
905;665
905458;683
905563;697
90810;711
90914545;724
90th;740
91;759,802
910;1001
91000218;1012
91000623;1028
911;1044,1056
911892;1067
912;1081
9132;1099
914th;1112
915;1125
9150;1136
916;1149
91601;1160
91669;1173
9183;1186
919;1198
92;1209,1260
920;1459
92000260;1469
92001074;1485
9209;1501
921;1513
922;1531
9225985;1542
923;1557
9230;1568
9237;1580
923950;1593
924;1607
926;1625
9279;1643
928;1655,1667
92833;1678
929;1691
93;1703,1786
930;1955,1967
9300;2041
93050;2053
933;2066
935;2077
93640569;2088
937;2104
938;2116,2128
9393;2139
9398;2151
93d;2163
93rd;2174
94;2186,2197
940;2305
941;2337
9411540668;2348
941b19;2366
943535;2380
9461;2394
947;2406
9473205;2418
948;2433
94975;2444
949efn;2457
94haryana;2471
94west;2487
95;2506,2549
950;2750
9500;2768
95000636;2780
951;2797
952;2808
953;2826
95517;2844
956;2857
9566;2874
95660002;2886
957;2902
9588029;2913
9599;2928
95th;2940
96;2953,3012
960;3151,3163
96000463;3181
960175;3197
96256;3212
96311;3225
964;3238
9654373;3250
9669;3265
9675275;3276
97;3291,3318
970;3455
97001158;3466
971;3483
971st;3508
971x;3520
9728;3532
973;3544
9745;3562
975;3575
976;3586
977;3597
9773;3614
978;3626,3654
979;3761
9798;3786
98;3798,3817
980;3993
981;4025
9819;4035
982;4048
984;4059
9858;4070
9863;4082
986798;4094
987;4108
9876;4126
98th;4138
99;4157,4176
990;4328
992;4339
993822;4350
995;4365
996488;4376
9acef;4391
9bp;4404
9ec7;4415
9f2929;4427
9th;4441,4461
