20;0,299
200;1993,2061
2000;2396,2765
20000;2842
200000;2855
200000000;2904
2001;2921,3078
2002;3435,3552
2002sourc;3900
2003;3917,4486
2004;4571,4616
2005;5101,5194
2006;5689,5782
2007;6273,6406
2007214481;6965
2007emblem;6983
2007space;7001
2008;7018,7135
2009;7905,8062
200psi;8877
200px;8891,9412
200x300px;9482
201;9499,9511
2010;9556,9817
2010extra;10720
2011;10738,11111
2011a;12456
2012;12470,12771
20122;14445
20125558;14458
2013;14474,15095
20130530;17944
201314;17960
201314a;17974
2014;17989,19002
201404;24433
20140405;24447
20140728;24464
20140826;24480
2014b;24496
2014efn;24509
2014extra;24531
2014ref;24562
2015;24577,24934
2015extra;27616
2016;27647,29280
2016extra;29597
2017;29614,31205
20170607;31514
2018;31530,32927
20180222;33180
20180612;33196
20180901;33212
20181003;33228
2019;33244,33489
20190120;34662
201st;34679
202;34699,34711
2020;34755
2021;34768
2022;34780
202202;34793
2022613;34808
2025;34824
203;34837,34865
20330;34883
203px;34896
204;34909,34921
204104;34946
2043;34960
2048171;34972
204px;34988
205;35001
2050;35038
2055;35049
205px;35061
206;35074
2065;35098
207;35111
2071;35142
2072;35153
208;35165
208016;35190
209;35204,35224
209827;35235
209x206px;35249
20px;35266
20th;35353,35398
21;35473,35748
210;37340
2100;37379,37392
21000;37404
210021;37418
2101;37431
2108;37443
2108027;37455
210px;37470
2113;37483
2119;37494
212;37507
21216;37518
21230;37531
21237;37544
212416;37557
21250;37571
213;37584,37604
214;37615
215;37626,37638
215753;37670
215px;37684
216;37698
2161;37715
2163;37727
217;37739
218;37771
2180;37803
2181512;37814
219;37829,37841
21919;37859
2198;37872
21mia;37885
21st;37898,37911
22;37950,38233
220;39797,39841
2200;39981
220036;39993
22051;40007
2206;40020
220px;40032,40062
221;40184,40196
22101;40228
22102;40241
22183;40254
22184;40267
22185;40280
2219;40293
222;40304
223;40336
22360;40354
224;40367
225;40392
225335;40458
225px;40472,40587
226;40601
226004;40618
2262;40632
2268;40644
227;40656
2274;40667
2279;40679
228;40691
229;40716
22951;40734
22952;40747
22bobo;40760
22nd;40773
22px;40806,40827
22under22;40839
23;40856,41164
230;42691,42703
2304;42728
2305;42741
230px;42753,42775
231;42837
2311;42847
232;42859
2320;42877
232323;42889
233;42903,42915
2331;42926
2338;42938
233936;42950
234;42964,42976
2343;42993
2345;43006
2345z;43018
235;43031
2350;43063
235091165;43074
235px;43091
236;43104
2369;43129
237;43141
237px;43166
238;43179
2380152;43190
238sfn;43205
239;43219
23969;43237
23a;43250
23b;43262
23px;43273,43286
23rd;43359,43396
24;43415,43650
240;45044,45130
2400;45142
240000;45154
2400746;45168
2403108;45183
240hp;45198
240px;45211,45265
2412;45332
242;45351
243;45361
244;45372
2441;45402
2445;45413
245;45425
245px;45457
246;45477
2462;45501,45522
2468662;45583
247;45598
2475;45616
24797979;45628
248;45644,45664
2484;45675
249;45687
24d;45699
24em;45710
24saaf;45722
24th;45736
24wmf4;45748
24wmf5;45762
24wmf6;45776
24wmf7;45790
25;45804,46111
250;47608,47644
2500;47950
2508;47969
250cc;47981
250px;47994,48128
251;48753
2518;48771
2519400;48783
252;48799
2525;48810
253;48822,48834
2535519;48852
2539972;48867
254;48882,48894
2540;48919
2542060;48931
2543606;48946
2543777;48961
2543820;48976
2543868;48991
2545;49006
2547;49018
255;49030,49048
2550;49060
2551930;49072
2556;49086
2557982;49099
256;49114
256px;49139
257;49159
257013;49191
2575;49205
2577;49217
258;49228,49240
2583;49251
258th;49263
259;49276
2592;49287
25925;49299
25b;49312
25em;49323
25h;49343
25px;49354,49391
25th;49561,49574
26;49607,49874
260;51230
260px;51248,51262
261;51303,51315
2615;51354
2619;51367
262;51379
2629;51417
262x262px;51429
263;51446
264;51464
2646;51475
264944;51487
265;51501
265275;51533
2653;51546
2658;51559
265px;51571,51585
266;51598
267;51610
2672;51635
269;51647
2691;51658
2692;51670
269905;51681
26em;51695
26px;51707
26th;51719,51740
27;51787,52038
270;53465
2700;53483
270px;53495
270pxbasic;53556
2714;53574
271444;53586
272;53601
2720000000;53646
2725;53664
2729;53676
273;53687,53699
274;53738
275;53755,53783
2750;53842
2758;53854
275px;53866
2766;53886
2768;53898
277;53910
277055;53921
277930;53936
277x277px;53951
278;53968
2780;53979
27858;53991
279;54004
27954;54016
27th;54030
28;54063,55499
280;55798,55818
2800;55848
280000000;55877
2807;55894
28078;55906
280px;55919,55965
2812;55978
282;55991
28200;56015
282px;56028
283;56042,56054
283025;56065
284;56079
2843;56097
285;56116
285900;56147
285px;56162
286;56176
286000000;56193
287;56210,56222
2870091289;56233
288;56251
2884;56261
288585;56272
2890000;56286
2894;56300
28em;56313
28offici;56332
28px;56348
28th;56360
28wmf;56379
29;56392,56627
290;58025
2900;58077
290px;58089,58103
291;58137
2919;58148
292;58160
293;58171
29315053;58208
2933;58224
294;58236
295;58268,58280
2950;58291
297;58303
298;58328
298a08;58339
299;58353
2993;58364
29h;58385
29th;58396
2a3883;58408
2aq;58422
2b;58433
2c;58443
2d;58459
2e8b57;58483
2em;58497
2f;58529
2f16;58539
2f4b21;58551
2f4f4f;58565
2f5fd0;58579
2fgx5;58593
2h;58606
2h3;58622
2j7216;58633
2j7519;58648
2j7565;58662
2k;58676
2k15;58686
2nd;58698,58750
2ne1;59222
2r;59234,59245
2suit;59276
2the;59289
2x;59301,59312
