10;0,3005
100;3592,3684
1000;4157,4239
10000;4252
100000;4265,4288
1000000;4364
1001;4380
10016843;4392
10028;4409
1006292028;4422
100a1;4441
100px;4454,4468
100th;4526
101;4545,4573
1010;4647
1012;4659
1015;4678
1015433;4690
101i;4705
101st;4716
102;4729,4749
1020000000;4856
1024;4874
10250;4886
1029;4899
103;4910,4954
1030096;5031
1032;5047
1032900;5059
1034;5074
103px;5086
104;5099,5119
104b;5172
104th;5184
105;5197,5233
1050;5286
10500;5298
10510;5311
1053;5324
10578;5337
105982;5351
105th;5365
106;5378,5414
1067;5500,5513
10695;5524
107;5537,5624
1071;5644
1073;5656
1075;5668
1076;5681
108;5694,5722
10800;5788
1080i;5800,5814
1080p;5894
108741;5907
109;5921,5933
1094;6006
1098;6019
10986;6040
10c;6053,6065
10fp;6083
10h2;6095
10px;6107
10th;6133,6178
10x13x30;6276
11;6292,6871
110;9673,9701
1100;9899
1101;9924
11025;9936
1106;9949,9962
110px;9973
110th;9986
111;9999,10011
11103;10063
11104;10076
1112;10089
1118;10101
112;10112,10132
112233;10212
1125;10226,10239
1126;10250
112639;10262
11267;10276
113;10290
1130;10447
11334;10459
113502;10479
113511;10493
1135375;10507
11374;10522
1139;10535
113th;10547
114;10658,10678
1140;10787
1149;10799
114th;10811
115;10824,10852
11500000;10959
1151;10975
1151196;10987
1153;11002
1154644;11014
115989;11027
116;11041,11053
1160;11120
1163;11132
1165;11144
1168;11156
1169;11168
116cde79;11187
117;11203,11215
117377;11309
11739;11324
11745;11336
118;11350,11370
1184;11454
11864;11466
1187;11479
1188;11491
1188616;11504
1189;11519
118px;11531
119;11544,11556
11910;11594
119215;11607
11a;11622
11n;11632
11th;11643
12;11688,14826
120;15397,15441
1200;15693
12000502;15712
1201645;15728
1202;15743
12039;15755
12053;15768
12057;15781
12059;15794
12060;15807
12063;15820
12064;15833
120px;15846,15860
121;15873,15909
121049;15975
1211;15989,16002
12117;16014
1215;16027
1217;16039
121st;16051
122;16064,16076
122001;16146
12201;16160
12202;16173
122106;16186
1224;16200
123;16213,16225
123035;16312
12327;16326
12328;16346
123401;16366
1235;16380
12369;16392
12370;16412
12373837;16425
124;16441,16469
1240;16547
124103;16560
124142;16573
124146;16586
1243;16607
1247;16619
124c;16631
125;16642,16670
1250;16772
125039;16791
1251;16805
12552;16816
12582;16828
125k;16842
125px;16854
126;16900,16920
1261;17000
1263;17012
1267;17024
1268;17036
126th;17048
127;17061,17073
1270;17112
128;17124,17136
12813;17210
1286;17224
128x160;17236
129;17251,17263
12913;17342
1298;17354
1299;17373
12h;17385
12sfn;17395
12th;17408
13;17461,17768
130;19361,19381
1300;19483,19496
13000891;19507
13005;19522
13008;19534
13017;19546
1302;19559
1304;19571
13080;19583
1309;19596
130950000;19608
130px;19625,19639
131;19652,19664
1312;19715
131259;19727
1314;19741
13149;19753
1314a;19766
13150;19779
1318;19792
132;19804,19816
1320;19870
1321630;19882
13286;19897
132nd;19910
132px;19924
133;19944,19956
1331;19981
133239;19993
133247;20008
1333;20022
133333;20035
1336;20050
13379;20062
134;20075,20095
134779;20113
134d;20127
135;20139
13513;20178
135198;20191
1358;20205
135k;20217
135px;20229
136;20242,20254
1364;20333
137;20346,20358
137024;20376
1371;20390
137228;20402
1375;20416
13796;20428
138;20441,20461
1381;20521
1384;20534
13890;20547
1389718663;20560
139;20578,20598
1390;20637
1392;20650
139210;20662
1393;20676
1394;20689
1398;20702
1399;20715
13c;20728
13h2;20739
13th;20758
14;20803,21182
140;22845,22857
1400;22903,22916
14000022;22935
14000105;22951
14000148;22967
14000149;22980
1401;22995
1403;23007
1404;23019
1408;23031
140px;23043
141;23056,23068
14100000;23093
141000000;23109
1414;23126
1415h;23138
142;23151,23163
1422;23229
1424;23240
142540;23252
1427;23266
143;23285,23305
143076;23357
1433;23371
1434;23383
1435;23395
1439;23435
144;23448,23476
1445;23513
1447;23526
144722;23538
145;23551,23563
1450;23609
1451645613;23621
14545k;23639
1457;23653
145970;23665
145x217px;23680
146000000;23696
146448;23713
1465;23728
1467a;23739
146811;23752
147;23767
1473;23797
148;23810,23822
1480;23840
1482;23852
1486;23864
1489;23876
149;23888,23908
1490;23979
1491;23991
1493;24003,24016
1496;24028,24041
1499;24053,24066
149th;24078
14cd14;24091
14j15h;24105
14px;24119
14th;24131,24152
15;24223,24522
150;26149,26209
1500;26595
1500000;26620
1500sqm;26635
1501;26650
150537582;26662
1508;26679
150px;26691,26729
150x150px;26920
151;26951,26963
151143;26995
1515;27008
152;27029
1523;27054
1524;27066
1525;27078
1526;27090
1527;27102
1528;27114
153;27133
1530;27178
15300;27190
1536;27203
154;27215,27227
1540;27252
1543;27264
1544;27276
155;27288,27308
1552;27339
15540;27351
156;27364,27376
1565852;27455
1568;27471
157;27490
1570;27528
1571;27540
1573;27552
15782;27564
158;27578,27598
1581;27629
1583;27642
1587;27654
158867;27666
159;27680,27692
1591;27710
1592;27722
1593;27734
1594;27753
1594204463;27765
1599;27784
15d;27796
15em;27824
15n;27836
15px;27847
15th;27866,27879
16;27945,28236
160;30031,30051
1600;30116
16000;30149
1600000;30162
160000000;30177
1604;30194
160px;30206
160x160px;30219
161;30236
161102;30279
16122;30292
161223;30305
1616;30319,30332
1619;30344
162;30356,30376
1620;30400
16245;30419
1625;30432,30453
1626;30465
1629;30478
163;30489
1630;30500
164;30519
16415;30548
1645;30561
1646;30580
164650;30592
165;30606,30618
1650;30664
1652;30690
165px;30702
166;30722,30734
1660;30752
1661;30763,30776
166108;30788
1665;30802
1666cb;30815
1667;30829
1668;30841
166efn;30853
167;30866
1670;30884
1673;30896
1674;30908
1675;30920
1676;30932,30945
1677;31083
1678;31102
1679;31121
167970000;31133
168;31150,31162
1680;31180
1682;31192
1683;31204
1685;31217
1688;31229
1689;31248
169;31267
1690;31292
1691;31311
1692;31351
1693;31384
169346;31403
1694;31417
1695;31436
1697;31455
1699;31467
169px;31479
16d;31491
16h;31551
16june2010;31576
16k;31595
16px;31606,31619
16th;31631,31652
16v956;31699
17;31713,31996
170;33704,33732
1700000;33819
170000000;33834
1702;33851
1703;33863
1704;33875
1705;33894,33907
1706;33933
1707;33945
1708;33957
170px;33969
171;33996,34016
1712;34027
1713;34039,34060
1716657;34072
1716734;34087
1717;34102
17198;34114
171e38;34127
172;34141
1724;34179
172442;34191
1725;34206
1726;34219
1727;34231
1728;34244
1729;34256
172d;34269
172nd;34281
173;34294,34306
1730;34331
1731;34352,34365
1732;34384
1734;34397
1735;34409,34422
17350;34434
1736;34448,34461
1739;34473
174;34486,34498
1740000;34509
1743;34524
1746;34537
1748;34548
1749;34560
175;34572,34600
1750;34678
1751;34690
1752;34703
175476;34716
1755;34730
1755688;34749
1757;34764
1758;34775
1759;34787
175px;34799
175x175px;34826
176;34843
1760;34890,34903
176028;34915
1761;34930
17617982;34942
1762;34958
1763;34970
1763923;34982
1764;34997
1765;35016
1766;35046
1767;35058,35071
1768;35083
176801;35095
176882;35109
17698232;35123
177;35139
1770;35164
1773;35176
1775;35209
1776;35230
1778;35242,35255
1779;35266
178;35278,35290
1780;35329,35350
17815;35382
1782;35395,35408
17820;35427
1783;35440
17847;35452
1785;35466,35479
1786;35491
17866;35510
1787;35523
1789;35535
179;35561,35573
1790;35612
1791;35633
1792;35645
1793;35658,35671
1794;35697,35726
1795;35745,35766
1796;35799
1797;35838
1798;35850
17987;35862
17ff17;35876
17th;35890,35927
18;35995,36358
180;37977,37997
1800;38070,38091
18000;38138
1801;38151
1802;38164
1803;38181
1804;38207
1805;38246,38259
1806;38284,38297
1807;38330
1808;38342
1809;38361,38374
18096;38393
180px;38407,38437
180th;38504
181;38517,38554
1810;38574
1811;38627
1812;38639
181281;38665
1813;38679,38692
1814;38711
1815;38729,38742
1816;38775
1817;38800
1818;38826
182;38845
1820;38884,38897
1821;38943
1822;38962,38983
1823;39009,39022
1824;39076
18245970;39102
1825;39118
1826;39144
1827;39173
1828;39185
1829;39210
1829b;39222
183;39235
1830;39281,39294
1831;39327,39348
1832;39394
1833;39413
1834;39439
1835;39478
1836;39490
1837;39515,39528
1838;39580
1839;39592
184;39625
1840;39643,39672
1841;39733
1842;39772
1843;39791,39810
1844;39823
1845;39842
1846;39868
1847;39886,39899
1848;39938
1849;39970
1849392366;39989
185;40007,40027
1850;40093
1851;40105,40118
1852;40158
1853;40175,40196
1854;40215,40236
1855;40262
1857;40321,40334
1858;40372
1859;40390
186;40415
1860;40440
1861;40480
1862;40534
1863;40608
186307;40681
1864;40695
1865;40735
1866;40831,40844
1867;40869,40890
1868;40909,40941
1869;40954
187;40979
1870;41039,41060
1871;41148
1872;41202
1873;41270
1874;41303
1875;41355,41368
1876;41467
1877;41528,41541
1878;41588,41601
1879;41721
188;41745,41770
1880;41782
1881;41814
1882;41899,41912
1883;41950,41963
1884;42003,42016
1885;42070,42083
1886;42151
1887;42170
1888;42231,42244
1889;42316
189;42370,42382
1890;42407,42436
1891;42487
1892;42506
1893;42558,42579
1894;42638,42651
1895;42705,42718
1896;42765,42778
1897;42839,42852
1898;42918
1899;42965
18a;43023
18th;43034,43047
19;43073,43348
190;45051
1900;45090,45119
1900000;45324
19003;45339
1901;45353,45366
1902;45468,45481
190240;45528
1903;45542,45563
1904;45627,45648
1905;45723
1906;45845,45866
1907;45980,46001
1908;46129,46158
1909;46264
191;46351
1910;46376,46397
1911;46522,46543
1912;46659,46672
1913;46789,46842
1914;46972,47001
1915;47102,47123
1916;47218,47263
1917;47373,47386
1917cn;47502
1918;47516,47561
1919;47718,47779
192;47914
1920;47930,47967
1921;48157,48194
19217;48288
19218;48301
1922;48314,48445
192233;48466
1923;48480,48493
1924;48643,48664
1925;48792,48813
1926;48930,48943
1927;49052,49118
1928;49131
1929;49256,49285
193;49420
1930;49444,49588
1931;49625
1932;49741,49754
1933;49918
1934;50020,50041
1935;50122,50151
1936;50313,50430
1937;50443,50464
1938;50601,50638
1939;50739,50768
194;50896
1940;50933,50946
194074;51095
1941;51110,51139
1942;51255,51292
1943;51470,51499
1944;51699,51752
1945;51860,51889
1946;51985,52006
1947;52218,52271
194774;52491
1948;52504,52533
1949;52704,52741
194d00;52953
195;52967
1950;52999,53052
1951;53230,53259
1952;53487,53508
1953;53689,53726
1954;53855,53900
1955;54079,54124
1956;54369,54414
1957;54627,54648
1958;54858,54895
1959;55135,55172
196;55480
1960;55533,55586
1961;55825,55870
1961death;56214
1962;56231,56284
1963;56547,56608
1964;56856,56925
1965;57247,57300
1966;57575,57628
1967;57811,57848
1968;58067,58256
1969;58309,58402
197;58621
1970;58646,58723
1971;58901,58978
1972;59245,59306
1973;59524,59553
1974;59808,59885
1975;60141,60517
1976;60554,60936
1977;60965,61042
1978;61498,61551
1979;61915,61984
198;62268
1980;62292,62337
1981;62648,62701
1982;63010,63063
1983;63349,63442
1984;64021,64098
1985;64595,64704
1986;65135,65180
1987;65647,65756
1988;66161,66505
1989;66574,66651
198993;67113
1989check;67127
199;67144,67156
1990;67179,67248
1991;67756,68238
1992;68315,68384
199234;68916
1993;68931,69064
1994;69594,69671
199463;70250
1995;70264,70357
1996;70748,70833
1997;71192,71333
1998;71772,71873
1999;72130,72351
19ea891l;72740
19th;72755,72808
19yy;72855
1a;72872
1a477;72883
1ab;72896
1c;72908
1c39bb;72918
1d;72932
1d1;72942
1d2951;72954
1da;72968,72980
1dx;72991
1em;73002
1f2f57;73035
1gp8svm;73049
1h;73064
1n;73074
1px;73084
1r;73116
1s;73147
1st;73171,73239
1stborn;73858
1u;73872
