50;0,171
500;850,862
5000;1067
5008;1079
500million;1091
500th;1108
501;1122
502;1147,1159
5031;1170
50398;1182
5040;1195
505;1208
5059;1219
506;1231
507;1242
50762;1288
507678;1301
50781;1315
508;1328
508232;1359
50851;1373
50925;1386
50f;1399
50i;1410
50k;1421
50percent;1432
50px;1449
50th;1461
51;1486,1529
5101;1725
51050;1737
5109;1750
511;1763,1775
512;1786
513;1797,1809
5137;1833
514;1845
515;1857
515807;1868
516;1882,1894
517;1905,1917
51771;1928
518;1941
519;1959,1971
51cr;1982
51st;1994
52;2027,2062
520;2293
521;2318,2338
522;2363
523;2374
5232;2384
52326;2396
52395;2409
524;2422
525;2433
52607;2472
527;2486,2506
528;2524
529;2556
52962;2574
52963;2587
52nd;2600
53;2612,2647
530;2879
531;2891,2911
5311;2928
531866;2940
532;2954,2974
5328;2998
533;3010,3022
53364;3040
534;3053
535;3064
5353;3075
536;3087
53630;3105
53667;3118
537;3131,3143
53764;3154
538;3167
53886;3179
539;3192
5395231;3203
54;3218,3277
540;3396
54011;3421
541;3434,3446
542;3464
543;3475
544;3487
5446;3498
545;3510
5455;3528
5455sum;3540
546;3555
5461;3567
547;3579,3591
54719;3614
548;3627,3639
549;3650
55;3668,3695
550;3845
551;3857
55105;3875
55191;3888
552;3901
553;3947
554;3972
5542;3983
555;3995,4007
5551392;4018
557;4033
55746;4051
55759;4064
5577;4077
558;4089
55860;4101
559;4114
55929;4125
55931;4138
55th;4151
56;4163,4206
560;4342
56013;4360
5602;4373
561;4385
56158;4417
562;4430,4442
563;4474
564;4499
565;4524
565269297;4536
5658;4553
566;4565
566099;4576
5667;4591
567;4603,4615
567331;4626
567988;4640
568;4654,4666
56859;4677
56878;4690
569;4703
56th;4714
57;4733,4768
570;4868,4880
5702;4898
571;4910
57181;4942
573;4955
5738;4980
57382;4992
574;5005
575;5016
575979;5027
57605;5041
5764;5054
577;5066
5772;5077
57773;5088
578;5101
57b;5112
58;5123,5182
580;5364,5376
580017;5387
58053;5401
5805gt;5414
581;5428
58195;5445
582;5458
583;5483,5503
587;5521
5871a;5532
5872;5545
58726172;5557
588;5573
589;5584
58975;5616
58a;5629
58th;5640
59;5658,5709
590;5949,5969
591;5980
593;5992
594;6003,6015
595;6039,6051
596;6062
5962;6073
59629;6092
5964;6106
597;6118,6130
5971;6155
598;6167,6179
599;6190
59million;6201
59th;6217
5b;6229,6240
5bbc7;6250
5bn;6264
5c;6275
5de8;6285
5ess;6297
5fastfact;6309
5hdate;6326
5ive;6340
5k;6352
5so;6362
5soul;6373
5th;6386
5thing;6557
5x20;6571
