90;0,75
900;342
9000;367
90000275;380
90027;395
9004156291;408
9004166238;426
9004210652;444
90049;462
9010;475
90210;487
905;500
9053567925;518
90556;537
905703431x;550
90810;567
909;580
909086;591
90z;605
91;615,658
910;883
9100;894
911;907
913;918
914;938
915;956
915146;967
915707;981
9168;995
917535;1007
918;1021
919;1031
92;1042,1085
92000260;1254
92001253;1270
921;1286
922;1297
922685;1317
923352;1332
924;1346
925;1364
92556;1375
925711;1388
926245;1403
928155;1417
92nd;1431
93;1450,1477
930;1827
93026;1845
930sum;1858
932616;1872
933253;1886
934;1900
935;1911
9358;1922
936;1934
937;1945
939;1963
94;1974,1985
94007;2155
942576;2168
943;2182
945;2193
94613;2204
946372;2217
946681;2230
949336;2244
95;2258,2277
9501345;2399
9502;2414
9509341;2433
951;2448
952;2460
953;2472
955;2482
95523;2493
957;2506
95904;2517
96;2531,2566
960;2715
960142;2726
9602080;2740
960794;2755
9608924178;2769
9636409;2788
969;2806
969305;2824
97;2837,2880
970;3022
970916;3033
971;3047
971072276x;3058
9721;3077
9728001;3089
973;3104
97345;3124
974;3146
975;3157,3169
97555;3180
9779;3194
978;3206,3274
97865;3692
98;3705,3724
982;3885
9832;3897
984;3910,3922
985;3947
986405;3958
987;3972
989;3997
99;4009,4052
990;4192
990ez;4202
99276;4214
995;4226
9952;4238
9958;4250
997;4262
997now;4273
9981023;4287
999;4302
99938;4334
999941232;4348
99th;4365
9a;4377
9b;4394
9c;4404
9d;4414
9go;4424
9m2013;4435
9queen;4450
9school;4465
9th;4480,4500
