602;0
603592;11
605;25
605541;36
605548;50
60668042;64
607054;80
607200;94
607223;108
607387;123
61;137
610;147
6122;158
61517791;170
616;186
61852;197
6203;210
6212234;222
621389;237
621520;251
622009376;265
622097;281
623406;296
624899;310
62659;324
6291;337
6324984;350
6329;365
6353027;378
636;393
637;404
64;415
6411;426
6449936;438
64562;453
6467653;466
6501;481
651329;494
6519640;506
65439;522
6547;535
656550;546
656941;560
65865;574
659674;587
6602;601
6605;613
66060;625
6612;637
66347;649
66755;662
6692153;675
6711;690
6714088;702
67774;718
677759;731
6799156;744
67b5;759
68264;771
682960;784
6849;798
690672;810
69690;824
