90;0,724
900;3827,3943
9000;4445
900032;4492
900085;4506
9001;4520,4533
900116;4559
900154;4573
9002;4587
900253;4598
900276;4612
90028;4626
9003;4638
90037;4650
900391;4663
9004;4677
9004131469;4689
9004174559;4708
900421;4727
900482;4741
90049;4755
900505;4768
900620;4782
9008;4796
900993;4808
900th;4822
901;4849,4877
9010;4963
90103354;4976
901077;4992
901253;5006
901291;5020
901321;5034
9014519453;5048
901663558;5065
901703;5082
901779;5096
901909;5110
901932;5124
902;5138,5158
90200105;5270
90200183;5287
90200213;5304
902084;5321
90210;5335
902122;5348
902222;5362
902283;5376
90228596;5390
9023;5406
902390;5418
9024;5432
902466;5444
90247334;5458
9025;5474
90256;5487
90265;5500
9027;5513
902800;5525
902888;5539
902931;5553
903;5567
903065177;5646
903175;5663
90332;5677
90346;5690
903481;5703
9035;5717
903572;5729
9036;5743
903618;5755
90368638;5769
903717;5785
903831;5799
904;5813,5833
904083;5928
90409;5942
904160;5955
9042;5969
9042008156;5981
90422924;5999
904243;6015
904259;6029
9042635;6043
9043;6057
904396;6069
904536;6083
904722;6097
904794;6111
904831;6125
90487;6139
904878;6152
904890;6166
9049;6180
904935;6192
904984;6205
905;6219,6239
9050;6319
905022;6331
905067;6345
90510;6359
905103;6372
90517144;6386
9051717;6402
9053;6417
905337;6429
905357;6443
905396;6457
905403;6471
905458;6485
90551;6499
905571;6513
905609;6527
905640;6541
905670;6555
9058;6569
905800;6581
90583;6595
905846;6608
905853;6622
905869;6636
9058710337;6650
905945;6667
90597975;6681
906;6696
906040;6782
90608;6796
90619946;6809
9062;6824
906227;6836
90632227;6850
90656078;6866
906570;6881
906593;6895
906605;6909
906715;6923
90674;6937
90675;6950
906792;6963
9068;6977
906891;6988
906898;7002
9069;7016
906906;7029
907;7043,7055
907021;7142
9070639;7156
907127;7170
907206;7184
907242;7199
9072637275;7213
9073;7231
907338;7243
90734145;7257
907433;7273
907501;7287
907516;7301
907526;7315
907555;7329
907669;7343
907677;7357
907738;7371
90779;7385
907829;7398
907837;7412
90784;7426
907845;7439
907860;7453
90789065;7467
907898;7483
907974;7497
907982;7511
907990;7525
908;7539,7559
908020;7624
908028;7638
908035;7652
908051;7666
908188;7680
908195;7694
9083616138;7708
908363;7725
908379;7739
908386;7753
908401;7767
90843;7781
908455;7794
908463;7808
908485;7822
908493;7836
9085;7850
9085066538;7862
908539;7880
908546;7894
908577;7908
908607;7922
908630;7936
908653;7950
908714;7964
908722;7978
90876;7992
908760;8005
908852;8019
908864;8033
908875;8047
908936;8061
908981;8075
908997;8089
909;8103,8243
909042;9048
909058;9062
909065;9076
909096;9090
909149;9104
909164;9118
909271;9132
909294;9146
90932;9160
909332;9173
909363;9187
909370;9201
909386;9215
909409;9229
909416;9243
909431;9257
909462;9271
909492;9285
909516;9299
909538;9313
909561;9327
9096;9341
909676;9353
909691;9367
909714;9381
90973;9395
909752;9408
909790;9422
909792;9436
9098;9450
9098122716;9462
909821;9479
90985191;9493
909894;9509
909935;9523
909943;9537
90ana;9551
90c090;9564
90ee90;9578,9617
90em;9757
90k;9769
90million;9780
90px;9797
90th;9829,9889
91;9902,11086
910;11313,11325
9100;11424
910080;11443
910179;11457
910187;11471
91027;11485
910271;11498
91029986;11512
910401;11528
910446;11541
910500;11555
910553;11569
9106;11583
91064104;11595
910805;11611
910965;11625
911;11639,11667
9111;11734
911125;11746
91116;11760
911285;11773
911293;11787
911331;11801
911354;11815
911362;11829
911598;11843
91163;11857
911797;11870
9118;11884
911873;11897
911919;11911
911948;11925
911957;11939
911972;11953
912;11967,12039
912038;12075
91204494;12089
91208;12105
912109;12117
912178;12131
9122;12145
912247;12157
912292;12171
9123;12185
912338;12197
912376;12211
912407;12225
912498;12239
9125;12253
912532;12272
912575;12286
9126;12300
91262;12313
91268;12326
912697;12339
9128;12353
912865;12365
912956;12379
913;12392,12420
913040;12526
913078;12540
913139;12554
913193;12568
913200;12582
913239;12596
913261;12610
913300;12624
91335;12638
913361;12651
913368;12665
91338;12679
913460;12692
913475;12706
913589;12720
913635;12734
91367233;12748
913712;12763
913719;12777
91375;12791
913750;12804
913765;12818
914;12832,12860
9140;12961
9140006;12973
914015;12988
914052;13002
91406;13016
914078;13029
914131;13043
914146;13057
914167;13071
914330;13085
914406;13099
914436;13113
914474;13127
9145;13141
91454;13153
91455;13166
91459;13179
914602;13192
914612;13206
91468;13220
914734;13233
91481;13247
914810;13260
9149106145;13274
914917;13291
914970;13305
914986;13319
914993;13333
914ce;13347
914th;13360
915;13374,13402
915009;13482
915047;13496
915108;13510
915138;13524
915169;13538
915306;13552
91533518;13566
915436;13581
915504;13595
915520;13609
915543;13623
9156;13637
915756;13656
915817;13670
915939;13684
916;13698,13776
916206;13804
916222;13818
916420;13832
916603;13846
916641;13860
916667;13874
9167;13888
916847;13901
916908;13915
917;13929,14049
9171;14061
917107;14079
91719365;14093
917213;14108
917274;14122
9172ec;14136
917320;14150
917376;14164
917397;14178
9174;14192
917694;14204
917743;14218
917831;14232
9179;14246
917900;14258
917923;14272
91797;14286
918;14299,14311
918002;14418
918152;14432
918190;14446
918236;14460
91829909;14474
918419;14490
918465;14504
9185;14518
9185396001;14530
91860;14548
9187;14561
918854;14573
918907;14587
918991;14601
919;14615,14643
9190;14737
919037;14749
9191;14763
919250;14775
9193;14789
919334;14801
919365;14815
9194;14829
919464;14841
919487;14855
91949;14869
919579;14882
919579778;14896
919594;14913
919647;14927
919678;14941
9197;14955
919792;14967
919815;14981
919846;14995
919868;15009
919975;15023
919th;15037
91a3b0;15050
91st;15065
91zm;15083
92;15094,15377
920;16702,16714
9200;16786
9201;16798
92021;16810
920219;16823
920227;16837
920259;16851
92027;16865
920273;16878
920280;16892
92028522;16906
920334;16921
920341;16935
92036;16949
920418;16962
920532;16976
920547;16990
920578;17004
920670;17018
920677;17032
920715;17046
920753;17060
920799;17074
920929;17088
920950;17102
921;17116,17128
9210;17213
921013;17225
921028;17239
921143;17253
921196;17267
921295;17281
921303;17295
921310;17309
921349;17323
921356;17337
921394;17351
921494;17365
921532;17379
921537;17393
921562;17407
921570;17421
921577;17435
921593;17449
921608;17463
921654;17477
921669;17491
921677;17505
9217;17519
921735;17531
921753;17545
921814;17559
92184;17573
921870;17586
921982;17600
922;17614,17626
922017;17705
922043;17719
922046;17733
922096;17747
922249;17761
922256;17775
922356;17789
922371;17803
9224;17817
92242;17829
922531;17842
922539;17856
922569;17870
922585;17884
922685;17898
922737;17913
922775;17927
922813;17941
92299;17955
923;17968,17988
923149;18048
92318;18062
923187;18075
923477;18089
923500;18103
923698;18117
923706;18131
923714;18145
923721;18159
9238034957;18173
923882;18192
923967;18206
923997;18220
924;18234,18262
924049;18370
9241;18384
924126;18396
924377;18410
924522;18424
924545;18438
924576;18452
9245f1;18466
9246;18480
9246443;18492
924759;18507
924835;18521
92488;18535
9249;18548
924965;18559
924980;18573
925;18587,18688
9250;18724
925018;18736
925041;18750
925072;18764
9251;18778
925133;18790
925247;18804
92526;18818
925262;18831
925346;18845
925369;18859
925392;18873
9254174232;18887
92544484;18904
925476;18919
92549;18933
925499;18946
925575;18960
925583;18974
925636;18988
925667;19002
925711;19016
925713;19031
925758;19045
925819;19059
925835;19073
925911;19087
925919;19101
9259351;19115
925957;19130
925972;19144
92598;19158
926;19171,19183
926003;19276
926010;19290
92603;19304
926086;19317
92609;19331
926117;19344
926125;19358
926201;19372
9262422323;19386
926277;19403
92628;19417
926318;19430
92633;19444
9264;19457
926422;19469
926463;19483
9265;19498
926598;19510
926620;19524
926643;19538
926651;19552
9267;19566
926765;19579
926773;19593
926811;19607
926872;19621
92688;19635
926918;19648
926930;19662
926949;19676
926971;19690
926987;19704
927;19718
9270;19832
92700;19846
92701;19859
927017;19872
92710;19886
927147;19899
927162;19913
927177;19927
927190;19941
92737;19955
9274;19968
927444;19980
9274472;19994
927467;20008
927513;20022
927597;20036
927696;20050
927711;20064
927727;20078
927742;20092
927765;20106
927780;20120
927818;20134
927856;20148
927864;20162
927940;20176
928;20190,20283
928123;20295
928162;20309
928274395;20323
928358;20339
928360;20353
928421;20367
928505;20381
928635;20395
928654;20409
92866009;20423
92873;20438
928762;20451
928894;20465
9289;20479
929;20492,20504
929115;20575
929146;20589
929223;20603
929292;20617
92944;20632
929588;20645
929863;20659
929970;20673
929981;20687
929982;20701
92ff00;20715
92final;20729
92nd;20744
93;20763,21063
930;22266,22379
9300;22399
930014;22411
930313;22425
930328;22439
930397;22453
930428;22467
930557;22481
930809;22495
930893;22509
930931;22523
930939;22537
93095;22551
930954;22564
931;22578,22684
931088;22704
931091;22718
931152;22732
93117404;22746
931206;22761
931221;22775
931237;22789
931259;22803
931335;22817
931557;22831
931602;22845
9316383004;22859
93176;22876
931808;22889
931839;22903
931908;22917
931916;22931
931944;22945
931971;22960
931984;22974
932;22988
932098;23075
932182;23089
932338;23103
932342;23117
932344;23131
932457;23145
93249355;23159
93252;23175
932587;23188
932785;23202
932792;23216
932793;23230
932831;23244
9328721166;23258
933;23275,23295
9332;23415
933243;23427
9333;23441
933304;23454
933333;23468
93337297;23482
933416;23497
933517;23512
933556;23526
933633;23540
933640;23554
9337291;23568
933762;23582
9338259101;23596
933886;23613
933914;23628
933945;23642
934;23656,23676
934044;23762
934204;23776
934219;23790
934242;23804
93426;23818
934273;23831
9342856;23845
934319;23860
934387;23874
934456;23888
934517;23902
93457064;23916
93462;23933
934662;23946
934685;23960
934692;23974
9347;23988
934770;24000
934921;24014
934937;24028
934998;24042
935;24056,24146
93500;24158
935066;24171
935149;24185
93516;24199
9352268;24213
935287;24228
935517;24242
935524;24257
935536ff;24271
935555;24287
935631;24301
935656;24315
935674;24329
935715;24343
935744;24357
935875;24371
935913;24385
935951;24399
936;24413,24493
936005;24505
936119;24519
93615216;24533
93620;24548
936211;24562
93627;24576
936317;24590
936333;24604
9365194;24618
936729;24633
936768;24647
936c29;24661
937;24689,24770
93702;24798
93717;24810
937202;24824
937241;24838
937263;24852
9374;24866
937401;24878
937442;24892
937553;24906
937561;24920
937577;24934
937637;24948
937641;24962
93769;24977
937721;24990
937729;25004
937881;25018
937943;25032
938;25046,25074
938095;25169
938232;25183
938257397;25197
938271;25214
93833;25228
9384;25241
938568;25253
938601015;25267
938660;25283
938752;25297
938843;25311
938941;25325
939;25339,25351
939034;25425
93907356;25439
939079;25456
939346;25470
93943;25484
939529;25497
93952935;25511
939636;25527
939674;25541
939690;25555
9397;25569
939743;25581
939774;25595
939812;25609
939896;25623
93b;25637
93c73e;25648
93ff;25662,25675
93rd;25687,25700
93zm;25719
94;25730,26014
940;27392
940018;27515
940024;27529
940056;27543
940063;27557
940269;27571
940338;27585
940367;27599
940376;27613
940422;27627
94042456;27641
940437;27656
940491;27670
940514;27684
940544;27698
940689;27712
940742;27726
940910;27740
940948;27754
941;27768,27796
941002;27883
941017;27897
9411;27911
941125;27923
941193;27937
941216;27951
94125795;27965
941270;27980
941277;27994
941368;28008
941475;28022
9415;28036
94152;28048
941605;28061
94167;28075
941673;28088
941681;28102
941849;28116
941872;28130
94187957;28144
941944;28159
941948;28174
942;28188,28200
942085;28244
942093;28258
942223;28272
9423;28286
942352;28299
942490;28313
9425;28327
942551;28339
94259;28353
942787;28366
942879;28380
942947;28394
943;28408,28436
943039;28523
943083;28537
9431;28552
943301;28564
943489;28578
943497;28592
9435;28606
943665;28618
9436689019;28632
943718;28649
943764;28663
943810;28677
943910;28691
9439676404;28706
944;28723
944069;28803
944084;28817
944145;28831
944214;28845
944321;28859
944511;28873
94456;28887
944588;28900
944618;28914
944702;28928
944717;28942
944771;28956
944817;28970
944908;28984
944931;28998
945;29012,29032
9450;29118
945007;29129
94509;29143
94512386;29156
945137;29172
945168;29186
945312;29200
94565;29214
94566;29227
945663;29240
94573799;29254
94577;29270
945824;29283
945999;29297
946;29311,29331
9460010642;29452
946022;29470
946106;29484
946159;29498
946266;29512
946447;29526,29541
946556;29555
946648;29569
946693;29583
946770;29597
946851;29611
946854;29625
94686;29639
947;29652,29672
947067;29759
947121;29773
9471881986;29787
9473193;29804
947350;29818
947383;29832
947395;29846
947533;29860
947617;29874
947754;29888
947762;29902
947778;29916
947815;29930
948;29944,29972
948090;30080
9481;30094
948235;30106
948311;30120
948341;30134
948410;30148
948463;30162
948471;30176
948486;30190
94857;30204
9487;30217
948753;30229
948797;30243
948799;30256
94883;30270
948868;30283
94894504;30297
949;30314,30400
9490533;30412
949104;30427
949135;30441
949219;30455
949272;30469
949326;30483
949341;30497
94945;30511
9495;30524
949524;30535
949554;30549
949814;30563
9498158;30577
949844;30599
94th;30613,30626
95;30645,31145
950;33894,34076
9500;34112
9500345;34131
9500729308;34146
950073;34164
950096;34178
950104;34192
9502;34206
950209;34218
9502287;34232
9502541423;34247
950366;34264
9506;34279
950638;34291
950676;34305
9507;34319
950714;34330
95074;34344
9507648349;34357
950790;34374
9508;34388
95085;34400
950867;34413
950966;34427
95099;34441
950rsa;34454
951;34468,34504
951012;34623
9510406256;34637
95106208;34654
951134;34669
951164;34683
951248;34697
95125;34711
951256;34724
951477;34738
9515;34752
951561;34764
9517;34778
951721;34791
951729;34805
95177470;34819
95178399;34836
9518;34853
95183863;34866
95183894;34883
95183936;34900
951881;34917
951921;34931
95197;34946
951988;34959
951996;34973
952;34987
952133;35088
95215;35102
95216;35115
95218;35128
952217;35141
952240;35155
952263;35169
952301;35183
952324;35197
9523288;35211
9524;35226
95247319;35238
952568;35253
95265;35267
952728;35280
95276356;35294
9527732134;35309
952827;35326
952881;35340
952927;35354
953;35368,35380
953049;35503
953125;35517
9533;35531
95331;35557
95331919;35570
953789;35586
9537923;35600
9538565;35615
9539512992;35630
954;35647,35810
95410;35822
954124;35835
954147;35849
954185;35863
9541997;35877
954262;35892
954269;35906
95428;35920
954292;35933
9543383121;35947
95434;35964
954391;35977
954430424x;35991
95459;36009
954620;36022
9546855;36036
954742;36051
954773;36065
9548;36079
954933;36091
954x;36105
955;36117,36137
955154;36196
9552002;36210
955215;36226
9553028941;36240
955399;36257
9554359317;36271
955482;36288
95558;36302
955677;36315
955696;36329
9557;36343
955742;36355
955849;36369
955986;36383
956;36397
956021;36516
9562;36530
956215;36542
95623;36556
956337;36569
9564;36583
956428;36595
956604;36610
956779;36624
95684;36638
956886;36651
956994;36665
957;36679,36707
9570389;36764
9571272;36779
957160;36793
9572075;36807
957253;36822
9574;36836
95743;36848
957458;36861
9575;36875
9577290;36888
957771;36903
95780778;36917
9578101;36932
9578424;36947
9579044;36962
957932;36977
957970;36991
958;37005,37017
958008;37105
95814;37119
958176;37132
958191;37146
9583;37160
95840;37172
958557;37185
958580;37199
958702;37213
958862;37227
958885;37241
95897;37255
958992;37268
959;37282,37310
95905;37361
959167;37374
959213;37388
959236;37402
959274;37416
959335;37430
9593668;37444
9594015;37458
959470;37473
959473;37487
959503;37501
959526;37515
959551;37529
9595988;37543
9596;37565
9598;37577
959915;37589
959ffd;37603
95a2;37618
95ac90;37630
95i;37644
95px;37655
95th;37675
96;37694,39027
960;39247,39259
9600;39401,39414
960000;39426
9600040004;39440
960007;39458
960018;39472
960037;39486
960281;39500
9604;39514
9604606;39532
960495;39547
9605335593;39561
960563;39578
960602;39593
960663;39607
9607120144;39621
9607387007;39639
960747;39656
96078515;39670
960828;39685
961;39700,39720
961082;39835
9611;39849
961151;39861
961426;39875
961479;39889
9615;39903
96151453;39915
961594;39931
961678;39945
961733;39959
96175;39973
961914;39986
961960;40000
962;40014,40042
962006;40142
9620545;40156
962212;40171
962257;40185
96233;40199
962379;40212
96238516;40226
962471;40242
96255676;40256
962639;40272
962799;40286
962822;40300
962875;40314
962891;40328
962990;40342
962b65;40356
962px;40371
962x211;40385
963;40401,40413
963036;40505
963081;40519
9631120;40533
963302;40548
963348;40562
963470;40576
9636;40590
963661;40602
963715;40616
9637185931;40630
963745;40647
9638049;40661
964;40675,40687
9640;40808
964132545;40820
964195;40836
964569;40850
964798;40864
964821;40878
964867;40892
964889;40906
96489787;40921
964943;40936
964b00;40950
965;40964
965042;41078
96511;41092
965194;41105
965221;41120
965233;41143
96526057;41157
965309;41172
965332;41186
96558;41200
965614;41213
965652;41227
965714;41241
96571736;41255
965782;41271
9658165;41285
965820;41299
9659;41313
965912;41325
965994;41339
965px;41353
965x374;41366
966;41381,41481
966148;41493
966194;41507
966232;41521
9663757;41535
966393;41549
966415;41563
966476;41577
96661;41591
966667;41604,41627
96667;41641
966690;41654
966713;41668
96691;41682
966927;41695
96697;41709
967;41722,41781
967056;41793
967125;41807
967239;41821
9672769;41835
967331;41850
967346;41864
96737;41878
96746;41891
967468;41904
967552;41918
967583;41932
9678;41946
967819;41958
9678550;41972
96785843;41988
967903;42003
968;42017,42029
968040;42144
968063;42158
968071;42172
96811;42186
96814;42199
968231;42212
968292;42226
968369;42240
968529;42254
9685475;42268
9685902;42283
968613;42298
968658;42312
968697;42326
968750;42340
9688;42354
96888447;42367
968956;42382
969;42396,42416
969048;42503
969093;42517
969101;42531
969109;42545
969139;42559
969353;42573
969421985;42587
969505;42603
969543;42617
969566;42631
9696;42645
969788;42657
969z;42671
96th;42683
96zm;42700
97;42711,42970
970;44162,44174
970039;44260
97005248;44274
9702;44289
9702065;44301
970230;44315
9703;44329
970350;44340
970421;44354
970482;44367
970613090;44381
970657;44398
97074345;44412
97079;44428
9708;44441
970871;44453
971;44467,44479
97111487;44601
971313;44616
971428;44630
97145;44644
971539495;44657
971581;44673
9716;44687
971659;44699
971733;44713
971764;44727
971802;44741
971832;44755
971848;44769
97187698;44783
97188;44798
97189;44811
971909;44824
971970;44838
97198;44852,44882
971a1a;45003
971st;45017
972;45029,45057
972046;45131
972153;45145
972214;45159
972222;45173
972282;45187
972527;45201
972580;45215
972633;45229
972641;45243
972672;45257
972710;45271
972778;45285
972794;45299
972801;45313
972870;45327
972885;45341
972908;45355
973;45369
9730648994;45484
973152;45501
9731776118;45515
97319;45532
97322226;45545
97325301;45560
9732711;45575
973289;45590
9733;45604
973534;45616
973785;45630
973801;45644
974;45658,45757
974058;45793
974174;45807
9742;45821
9743;45833
9743278;45886
974518;45901
974571;45915
97469;45929
9747;45942
9747160;45954
974722;45970
97474164;45984
9747556;45999
974854;46015
974858;46029
974884;46043
97492;46057
975;46070
975044;46160
975075;46174
9750878;46188
975118;46203
975197;46217
975395;46231
975433;46245
975624;46259
975685;46273
97574;46287
975876;46300
976;46314,46342
976120;46429
976227;46443
976257;46457
976267;46471
976486;46485
9765;46499
976540;46510
976752;46524
9768;46538
976814;46550
976836;46564
977;46578,46598
977013;46691
9772;46705
9772089651;46717
977226;46735
9772385955;46749
97741;46766
977417;46779
977444255;46793
9775;46810
97760728;46829
977798;46845
977875;46859
97788;46873
977f12;46886
978;46900,47033
9780;47504
978012;47530
978027;47544
978104;47558
97812;47572
978127;47585
978244;47599
97829187;47613
978363;47628
97847309;47642
978523;47658
978592;47672
978630;47686
978638;47700
978745;47714
97881207;47728
978848136;47744
978897;47761
9789;47775
97891;47828
9789737;47841
979;47856,47964
9790;47984
979057;48037
979080;48051
979126;48065
979149;48079
979218;48093
979225;48107
979416;48121
979439;48135
979446;48149
979530;48163
979591;48177
979622;48191
9796500118;48205
979652;48223
979653;48236
9798;48249
979820;48261
979866;48275
979897;48289
97992;48303
979973;48316
979980;48330
9799993;48344
97c;48359
97cefa;48370
97deff;48384,48399
97fe;48449
97ffb6;48461
97h;48475
97th;48486,48499
98;48531,48808
980;50034,50062
9800;50157
980019;50169
980080;50183
980247;50197
980303053;50211
980316;50228
980324;50242
980339;50256
9803846;50270
980415;50285
980530;50299
980568;50313
980606;50327
9806390;50341
9806707;50356
9806806;50371
98077524;50386
980873;50402
9808900;50416
981;50431,50443
981003;50527
981056;50541
981071;50555
981079;50569
981117;50583
9812;50597,50610
981224;50657
981407;50671
9814368873;50685
981476;50703
981483;50717
981529;50731
981613;50745
981628;50759
981674;50773
981766;50787
9818142;50801
981848955;50816
98186505;50832
98187;50847
98191708;50860
982;50876,50941
982001;50953
982086;50967
982208;50981
982292;50995
982305;51009
982346;51023
982430;51037
982475;51051
982597;51065
982613;51079
982628;51093
982704;51107
982730;51121
982811;51135
982910;51149
983;51163
983047;51251
983131;51265
983200;51279
983231;51293
9833;51307
983333;51319
983360;51340
983528;51354
983582;51368
9836045;51382
9836577;51404
983665;51420
983772;51434
983795;51448
983803;51462
983818;51476
983833;51490
98389;51504
9839314;51517
984;51539
984077;51647
984131;51661
984146;51675
984161;51689
984367;51703
984375;51717
984383;51731
9844;51745
9844580300;51757
984467;51775
98451;51789
984612;51802
9846555;51816
984665;51831
98482;51845
984879;51858
984917;51872
985;51886
985062;51980
985214;51994
985237;52008
985245;52022
9852809;52036
9852978;52051
9853362;52066
98534745;52081
985474;52096
9856;52110
9856855869;52122
985691127;52139
9857;52156
985764;52168
985786;52182
985794;52196
985893;52210
986;52224
986071;52276
986092;52290
986290;52304
9863;52318,52331
986328;52378
986389;52392
986427;52407
986441;52421
986534;52435
98656;52449
986618;52462
986732;52476
9868;52490
986801;52502
986916;52516
986919;52530
98693752;52544
98696968;52559
987;52575,52587
987015;52724
987033725;52738
98704;52754
987129;52767
987160;52781
987267;52795
987556;52809
987595;52823
987762;52837
987778;52851
9878;52866
98783;52878
987film;52891
987fm;52906
988;52919,52955
988121;53020
988182;53034
988197;53048
988235;53062
988297;53076
988396;53090
9885272384;53104
988808;53121
988907;53135
989;53149
989037;53187
9891213179;53201
989129;53218
989143;53232
9893;53246
9894;53258
9896;53270
989708;53282
989883;53296
989898;53310
9899;53324
98a;53336
98b;53347
98eu;53358
98fb98;53370,53385
98k;53459
99;53477,53723
990;55249,55261
9900;55361
990000;55373
9900165927;55394
99002129;55412
99004d;55428
990051;55442
990099;55456
9900ffff;55470
990349;55486
990419;55500
990433;55515
990440;55529
990517;55543
99051714;55557
99057293;55572
990669;55587
990701;55601
990807;55615
9909;55629
990912;55641
991;55656,55668
991028;55747
991043;55761
9911;55775
99126837;55787
9913;55802
991406;55814
9914838;55835
9914851;55850
991592;55865
991722;55879
991768;55893
991776;55907
9919;55921
9919108014;55934
9919108018;55952
992;55970,55982
9921902;56073
9922190;56088
9922334;56103
992249;56118
99225;56132
992287;56145
992375;56159
992440;56174
992462;56188
99259141;56202
9927;56218
992813;56230
992828;56244
9929;56258
992950;56270
993;56284
993111;56364
99319;56378
993217;56391
9932189;56405
9933115;56419
993333;56441
993347;56455
993366;56469
993399;56483
9933ff;56497
993462;56511
993530;56532
993534;56546
99359202;56560
993599;56575
9936;56589
993614;56601
993655;56615
993675;56629
993683;56643
993693;56657
9936999;56671
993744;56685
9938180;56699
993874;56714
99389;56728
993927;56741
993958;56755
993996;56769
994;56783,56811
9940;56926
994186;56947
99419948;56961
99428344;56977
994339;56992
994362;57006
9944;57020
99444;57032
994553;57045
994560;57059
994567;57073
994583;57087
994682;57101
994690;57115
994904;57129
9949592948;57143
99497;57160
994d00;57173
995;57187,57207
995026;57356
995029;57370
9951;57384
995125;57398
995148;57412
995155;57426
9951606;57440
9952;57462
995209;57481
995221045;57495
9952421166;57512
995263;57530
995331;57544
995338;57558
9953728318;57572
99538;57589
99546;57602
9955;57615
995583;57627
9956;57641
9956311;57653
995758;57667
9958277;57681
995842;57703
995880;57717
995903;57731
995918;57745
995941;57759
9959807;57773
996;57787,57799
996002;57879
9960178137;57893
996040;57910
99607;57924
996140;57937
996246;57951
996307;57965
996353;57979
996391;57993
9964199;58007
9964390;58029
99645;58044
996460;58057
996533;58071
996574;58085
9966;58099
996633;58111
99664;58125
996666;58138,58153
996680;58167
996699;58181
9966996920;58195
9966cc;58213
9967;58227
9967264533;58240
996758;58257
996796;58271
996887;58285
996933;58299
997;58313,58325
997192;58410
99724752;58424
997299;58440
997314;58454
9973855043;58468
9974;58486
9975021;58499
997600555;58514
997627;58530
99763;58544
9978;58557
997955;58569
99796951;58583
997978;58598
998;58612,58678
998066;58690
998291;58704
998329;58718
99833;58732
998360;58745
998405;58759
998428;58773
998436;58787
99844;58801
998459;58814
998550;58828
998581;58842
998589;58856
998596;58870
998611;58884
9987139;58898
99873140;58913
998772;58929
998833;58943
998894;58957
998993;58971
999;58985,58997
9990016994;59245
9990069310;59263
999054;59281
999100;59295
999199;59309
999207;59323
9993;59337
999367;59370
999397;59384
99941;59398
9994699925;59411
9994699949;59429
9995280000;59447
999550;59465
99956;59479
99958;59492
9995903;59505
999652385;59520
9997;59536
999718;59548
99974;59562
999741;59575
99976;59589
99979;59602
9998604036;59615
9998605084;59633
9999;59651,59672
999900;59849
999933;59870
9999387;59884
9999517324;59899
999954;59917
999966;59931
999992;59945
999999;59959,59975
9999cc;60004
9999ff;60018
99b3cc;60032
99badd;60046
99c;60073
99cc33;60083
99cc66;60097
99cc99;60111
99ccb3;60125
99cccc;60139
99ccff;60153,60168
99design;60203
99er;60232
99ff00;60251,60267
99ff33;60281
99ff99;60295
99ffcc;60309
99ffff;60323,60338
99game;60373
99of9;60387
9a;60400,60411
9a3433;60449
9a363b;60464
9aa8;60479
9acef;60490
9ae7;60510
9b;60522
9b92;60539
9bie2;60551
9bn;60564
9c;60575
9call;60599
9cf;60612,60640
9cfalso;60651
9csex;60666
9d;60679
9d6;60710
9d7;60721
9d9d9d;60732
9dbcd9;60746
9e0a;60760
9e7bff;60772
9e92;60786
9em;60798,60842
9f;61467,61486
9f0;61503
9f000f;61549
9f18;61585
9f1d35;61596
9f2929;61611
9f56;61626
9f9f9f;61637
9fe;61652
9ffff5;61684
9front;61697
9go;61710
9h;61721
9h2;61730
9hr;61740
9k;61751
9kdal;61761
9mhz;61775
9mxxx;61787
9pt;61800
9px;61837
9ta;61848
9th;61859,61967
9to5mac;62553
9x;62568
9x10;62585
