40;0,35
400;627,663
4000;795
40007;821
40032;834
4004;847
400gt;859
401;872
402;897,909
40293;941
403;954,966
404;984,996
40417;1027
4043;1040
40478;1052
405;1065,1077
4051;1088
406;1101,1113
407;1138
408;1150
40887;1167
409;1180
4094;1197
4098;1209
40k;1228
40releas;1239
40th;1255,1276
40thbday;1323
40yr;1339
41;1351,1402
410;1628,1640
4100;1658
4107;1670
4108;1683
411;1695
4110;1707
411208;1719
412;1732
4120;1743
4120sum;1755
412214;1770
413;1785
4130;1838
4132;1850
414;1862,1874
4141;1927
41410;1940
4147;1953
415;1965,1985
416;2003
4167;2014
4167sum;2026
41688;2041
417;2054
41748;2086
4175;2099
41794;2111
418;2123
419;2134
41a;2145
41f;2156
41pm;2167
42;2179,2230
420;2478
421;2489,2509
42128;2527
4214;2540,2553
42151;2572
422;2585
423;2610,2622
42302;2633
424;2646
425;2664,2676
4258;2701
426;2713
42623;2724
427;2737,2749
4270;2774
428;2785,2797
4283;2815
429;2827
42nd;2851,2864
43;2897,2932
430;3130
430286;3168
43045;3182
431;3195,3207
43189;3232
432;3245
43252;3276
432864;3289
433;3303
435;3321
4358939;3331
436;3346,3358
43689;3383
437;3396,3408
437311348;3454
437339;3470
437744;3484
438;3498
4386;3523
438955;3535
439;3549,3561
4392;3585
43rd;3597
44;3630,3657
440;3911,3923
4400;3955
44055;3974
440pp;3988
441;4001
442;4012
443;4029
4430;4040
444;4052
44400;4070
4443007;4083
44448210;4098
445;4114,4126
4450;4144
445582;4156
446;4170,4182
447;4207
448;4267,4287
4486;4298
4486sum;4310
4487;4325
4487gop;4337
4487sum;4352
4499;4368
449f;4380
44th;4392
45;4425,4484
450;4826
4507;4851
451;4863,4875
4515;4886
452;4898,4910
45262;4949
453;4962
45348;4978
4539;4991
45412;5003
45448;5016
455;5036
4556;5048
45589;5059
4559;5072
456;5084,5096
45632229;5107
45681;5123
457;5136
458;5180
4589;5198
459;5210
4599;5221
45am;5233
45cat;5245
45world;5265
46;5280,5307
460;5559
461;5584
46146;5623
462;5636
46255;5661
463;5681
464;5692,5704
465;5722
4653;5747
4662;5758
467;5770
467408;5788
467409;5802
467519;5816
467533;5830
467581;5844
4676;5858
467674;5870
467819;5884
467838;5898
467861;5912
467911;5926
467948;5940
468016;5954
468019;5968
468037;5982
468226;5996
468463;6010
468763;6024
468835;6038
468873;6052
468952;6066
469;6080
469007;6091
46th;6105
47;6117,6168
4704;6407
470927;6419
471;6434
4712;6459
472;6470
474;6488,6500
47467;6532
475;6545
47511;6556
476;6569
4760134;6580
4763;6595
477;6607,6651
4772;6663
47730;6676
47731;6689
478;6701,6713
4784209441;6730
47864;6748
479;6761
4799;6772
47new;6784
47th;6804
48;6815,6914
480;7229,7241
481;7286
4833;7332
4835546350;7343
484;7361,7373
485;7398
486;7409,7421
4865;7431
487;7443
48752;7454
488;7467
489;7485
4895;7510
489h;7522
48k;7534
49;7545,7597
490;7856
491;7901,7913
491310;7938
4916;7951
492;7963
49212;7974
493;7987
4931;7998
493826709;8010
494;8027
49416;8038
495;8051
49517;8069
4952;8082
496;8094
49620;8111
49751;8124
498;8137
4980;8162
499;8174
49940;8206
49er;8220
49th;8245
4a;8257
4ad;8267
4b;8278
4d;8288,8299
4d8;8316
4d9sf;8327
4director;8340
4eight;8357
4g;8370
4gamersmax;8380
4glcnac;8398
4k;8413
4music;8423,8438
4th;8458,8470
4x100;8639,8653
4x200;8673
4x50;8686
