50;0,11,22
5007802;39
5021516;55
502264;71
50393;86
50629118;100
51;117,128
5114776;139
5115546;155
515035;171
5166;186
5177;199
517730;211
517731;226
517735;241
517739;256
517740;271
517741;286
517742;301
517769;316
517782;331
517783;346
517784;361
517785;376
517786;391
517818;406
5182370;421
518238;437
518466;452
518502;467
519464;482
52395;497
52448;510
52466;524
525306;535
52607;550
52619;564
530307;577
5335029;592
53626;607
538242;620
5395705;635
5397459;650
54011;666
54267;680
54503;694
546;705
54837;717
549;730
5498;742
552;755
553;767
55587;779
55869;793
55929;807
560;821
56120;833
5639;847
564320;859
56522;874
5653222;887
56569;903
5664834;916
57;932
571841;942
573046;956
5768;971
57760984;984
5778388;1001
5791932;1017
58052;1032
58053;1046
580578;1060
58221;1075
58222;1089
58267;1102
58679;1116
590291;1129
592200;1144
592647;1159
592662;1174
5944;1188
5954505;1201
5968219;1217
597703;1233
598119;1247
59925;1262
5b4;1276
5d;1287
5pb;1297
5th;1309
