70;0,99,228
700;351,395,447
7000;472,491,504
700020;517
700049;531
7001;546
700104;558
70114;572
7018;586
702;599
7032;611
704;624
705;636
707;647,659
709;670
709317;681
70mce;695
70px;709,722
70th;734
71;747,832,891
710;1014
710000000;1025
71000780;1042
710616;1059
711;1073
711387;1101
712;1115,1135
7126485887;1171
713;1189
714;1201
715;1212,1224
717;1236
71898;1247
719;1261,1273
71b8ff;1284
71st;1299
72;1312,1483,1654
720;1865,1877,1889
7204422;1907
7205;1922
7206;1935
720p;1948,1961
721;1974
722;1994,2006
7220793;2018
723;2034
724;2054
725;2066
7250;2084
726;2096,2108
7264;2120
727995;2133
728;2147
729580;2158
72nd;2172
73;2185,2320,2443
730;2518
73000251;2538
73001554;2554
73057191;2571
731;2587
73110;2598
7339;2612
734;2625,2637
735;2655
736;2675
7365;2687
7365527;2700
736667;2716
738;2731
7381;2742
73992;2755
73rd;2769,2790
74;2802,2869,2949
740;3104,3116,3128
74001855;3139
74001856;3156
74001984;3173
7403;3190
741;3202
741126;3214
741r;3229
7429;3242
743398;3255
744;3269,3281,3301
745;3319
7461;3331
747;3344
748;3356
749;3368
7499;3379
74th;3392
75;3413,3632,3733
750;3832,3852
7500;3888
75056;3900
751;3914
754;3925
754733;3950
755;3965
75773;3977
757944;3991
7585;4006
759;4019
75px;4031,4044
75th;4056,4069
76;4081,4220,4384
760;4515,4527
76000671;4538
762542;4554
7638;4568
764;4581
765;4593,4604
7650;4616
766;4629
7666;4641
76732;4654
768;4668
768798;4680
769;4695,4707
769cbb;4719
76th;4734
77;4755,4894,4961
770;5046
7700;5058
77000204;5079
77001221;5095
7706;5112
771;5124
7729;5136
7730;5148
7734555;5161
7736;5177
774;5190
775;5208,5220
77648693;5231
777;5247
779;5258
779447;5270
77th;5285
78;5298,5421,5528
780;5627
78000208;5639
78000517;5656
78000633;5672
78001867;5688
78002506;5705
781;5722
78112;5734
7814;5747
7816;5757
782;5770
782531;5790
7826151;5805
784;5821
78432;5833
785;5847
7854;5865
786;5877,5897
7865828;5908
7869;5924
787;5936
789;5956,5968
7890;5979
78b7;5992
78c;6004
78th;6016
79;6029,6128,6201
79000273;6436
79000407;6453
79001987;6470
791217;6487
792;6502
795439;6514
7960;6528
796213;6541
79704;6555
799;6568
7996e2;6580
7aa;6594
7bz;6606
7cc9;6618
7dj;6630
7e;6642
7e3;6653
7f38ec;6665
7f7f7f;6679
7imag;6694
7ja;6708
7q;6719
7s;6729
7th;6739,6823,6890
7v;6966
7v5;6976
