70;0,1213,2254
700;3543,3779,4026
7000;4278,4318,4355
70000;4368
700000;4390
70002;4405
70007;4419
7001;4433
7003;4445
7004;4458,4471
70044;4484
700556;4498
70058;4513
7006;4527
70061;4540
7007;4554
7008;4567
70086;4580
70088;4594
7009;4608
70090;4621
70090102;4635
70096;4652
700px;4666,4680
700th;4700,4730,4744
701;4757,4793,4870
7010;4906
701045;4917
70105;4932
70107;4946
70109;4960
70112;4974
70118;4988
70120;5002
70121;5016
70134;5030
70135;5044
70139;5058
7014050;5072
70141;5087
70145261;5101
70147a;5117
70148;5132
70152;5146
70168;5160
70171;5174
70172;5188
70176;5202
7018;5216
70194;5229
702;5243,5311,5370
7020;5406
70206;5418
70208705;5432
70209;5448
702152600;5462
7022143;5480
70222;5496
70232;5510
70233;5524
70234;5538
70240;5560
702471;5574
7025;5589
70254;5602
70262;5616
70268;5630
70269;5644
70271;5658
702741159;5672
70277;5690
702784;5704
70279;5719
702824;5733
702848;5747
70288;5762
70291305;5776
703;5792,5852,5884
70304;5968
70313;5982
70314;5996
70319;6010
70322;6024
70323;6038
70325;6052
70327;6066
7034;6080
70356;6093
70357;6107
703617692;6121
7036705017;6138
70373;6156
70378;6170
70381;6184
70390;6198
70398;6212
704;6226,6246,6282
70405;6300
70407;6314
70412;6328
70414;6342
704347;6356
70438;6370
70440;6384
70441;6398
70449;6412
70456;6426
70467;6440
70468;6454
7047;6468
70473492;6481
7047764;6498
70492;6514
70494;6528
70495;6542
705;6556,6600,6644
70509;6690
70518;6704
7052406669;6718
70525;6736
7054;6750
70544;6762
70551693;6776
7056;6793
70597504;6806
706;6823,6875,6935
70604415;6959
70608902;6975
70615;6991,7037
70621;7064
70626;7078
7063;7092
7064;7105
70646677;7118
7064819344;7135
7065;7154
7065773;7167
7066;7182
70663;7195
70667;7209
7068;7223
70687002;7236
7069;7252
7069738507;7265
707;7283,7375,7420
7070;7504
7072;7517
70723087;7530
70736;7547
70754;7561
7076622248;7575
70772;7593
70784;7607
707872;7621
7079;7636
70793;7648
707983495;7662
708;7679,7723,7773
70803;7809
70812;7823
70817;7837
7082;7851
70820;7864
70828;7878
7083;7892,7905
7083465457;7918
708375;7936
70848;7951
70853;7965
70864308;7978
70884;7994
70885481;8008
709;8025,8085,8123
7090;8183
7091;8196
70917;8209
70919;8223
70941;8237
70948;8251
7095;8265
70959;8277
7096;8291,8304
7096127;8317,8333
70965;8349
70969;8363
70973;8377
70974;8391
7098;8405
70985;8426
7099;8440,8453
70993;8466
70999;8480
70di;8494
70k;8507
70legend;8519
70n;8535
70px;8547,8560
70th;8571,8600,8653
70x70px;8686
71;8702,9367,10100
710;10872,10916,10975
7100;11027
71000;11040
710000000;11054
710017;11071
71004;11086
7101;11100
71015;11113
71021;11127
71049;11141
71056;11155
7106;11169
710642;11182
71070;11196
71075;11210
7108;11224
71081;11236
71089;11250
710965;11264
711;11279,11339,11398
711067;11450
71107;11464
71114;11478
71127391;11492
71129355;11508
7113142923;11525
71138;11543
7114;11557
71141;11570
7114341855;11584
7115;11602
71161;11615
71176;11629
71191;11643
711916;11657
71192622;11673
712;11689,11733,11753
71202;11816
7122;11830
71223;11842
71223236;11856
71240328;11873
71244;11889
71252;11903
71253;11917
71256;11931
712577;11945
71263;11960
71264;11974
71268;11988
712867735;12002
713;12019,12079,12091
7131;12123
7132;12136
71323;12149
71325522;12163
71339;12180
7134;12194
71341;12215
71350333;12229
71370218;12246
7138;12263
713872;12275
713873;12289
71391;12303
71392;12317
71395981;12331
714;12348,12384,12449
7141;12509
71410457;12530
71448884;12547
7145;12564
71451;12576
714527476;12590
714528922;12608
7146037817;12626
714630245;12644
714669;12661
714784801;12676
7148;12693
71484;12706
7149424;12720
715;12736,12756,12788
71526;12840
71529;12854
71536;12868
71539;12882
71557;12896
71558;12910
71562681;12924
71575;12940
71583941;12954
7159;12970,12983
715917;12996
716;13012,13072,13115
71608;13143
71610;13157
71617;13171
71618;13185
71621;13199
7162941694;13213
7163;13231
7165;13244
71663;13257
716667;13271
7167;13294,13307
71673;13319
716915605;13332
71691787;13349
717;13365,13417,13435
717092473;13463
717171;13481
7172298431;13496
71762;13514
71763049;13528
717709;13545
7179;13560
71793180;13573
718;13590,13626,13654
7182;13714
7183;13727
71834;13740
71834183;13754
718360533;13770
71851;13788
71854496;13802
7186;13818
71878;13831
71881986;13845
718843;13861
71894;13876
719;13898,13942,14002
7190;14020
71900907;14032
71919;14049
71925115;14063
7193378;14079
7193379;14094
7195;14109
71954;14122
71987;14136
71990580;14150
71st;14166,14219
71th;14238
72;14251,15051,15762
720;16657,16741,16817
7201;16856
720145;16868
7203;16883
7204;16896
720439119;16909
720439333;16926
720606;16943
72064;16958
72093;16972
720px;16986
721;17000,17020,17064
72134096;17096
72156;17112
7217;17126
721727907;17139
7218269706;17156
7219352722;17174
72198947;17192
722;17208,17300,17360
722075408;17371
722075711;17389
72214;17407
72217091;17421
7222;17437
72227;17450
7223;17464
72243;17477
722522;17491
72264;17506
7226685;17519
72278825;17535
72298431;17552
723;17568,17620,17672
72301;17703
72315;17717
72322755;17731
72345;17747
72348410;17761
72359;17778
7236786485;17792
72368512;17810
723756;17827
72377790;17842
7238;17858
72384;17871
724;17884,17920,18004
72406120;18022
7241;18039
72416;18052
72418;18066
72421;18080
72426;18094
72444;18108
72446;18122
7246;18136
7247;18149
7249;18162
725;18175,18234,18262
7250541;18314
72582273;18330
72582304;18347
72583;18363
726;18377,18451,18504
72602;18556
72614;18570
7262071;18584
72627;18599
7265;18613
72651184;18626
72657;18642
72668075;18656
726696;18673
72672;18688
72676;18702
72691;18716
726a5f;18786
727;18801,18837,18897
72711;18922
7272;18936
727229955;18949
727256;18966
7274;18981
7276;19002
727606;19014
7277;19029
72775492;19042
72776;19058
72783104;19072
72783288;19089
72785;19105
72786461;19119
72787;19136
727882;19150
72791;19165
72791720;19179
727964;19196
728;19211,19255,19301
7280260324;19361
72803;19379
7281;19393
72812;19406
7285;19420
72852;19441
72861;19455
72864;19469
7289;19483
729;19496,19532,19605
729197;19633
7294;19648
72940329;19661
72943747;19677
7295;19693
72983;19706
729932189;19719
72aa;19736
72f;19749
72ff58;19761
72h;19776,19788
72kbp;19799
72nd;19813,19858,19877
72px;19906
73;19919,20567,21293
730;22095,22115,22183
730000ff;22220
7300697565;22237
73007706;22255
73009900;22271
730099ff;22288
73010;22305
730189085;22318
730524;22335
73071;22350
73081;22364
73082;22377
731;22391,22443,22487
7312027505;22515
73125;22534
7313;22548
731321;22561
7314;22576
73145;22589
73145194;22611
73145350;22627
73145369;22643
73154382;22659
7316;22675
73161194;22688
73166048;22705
73166303;22721
73179;22737
73185;22751
73189013;22765
73193;22782
73199;22804
732;22818,22854,22874
7320168;22919
73203;22934
73215;22956
7322;22970
7322241;22983
73226;22999
73235;23013
73242722;23027
73243095;23044
73249422;23061
73249572;23077
732507829;23093
73255500;23111
73277;23128
7329;23142
733;23155,23191,23267
7331;23304
73328161;23317
7333;23333
73332;23351
733405185;23365
733437768;23389
73346;23413
73363;23427
7337436;23441
7337438;23456
73383;23471
73394952;23485
734;23501,23529,23565
7340;23576
73403;23588
73415318;23602
7341618;23619
73423011;23635
73424002;23651
73424007;23667
73425007;23683
73425018;23699
73427372;23715
73429;23731
73432;23745
73437393;23759
73440177;23775
7346;23792
73463;23806
73472222;23820
73474;23836
7348237;23850
734f96;23865,23880
735;23912,23996,24062
73501234;24122
73503;24139
73505;24153
73546165;24167
73548341;24183
7356149554;24199
73572;24217
73573;24231
735742;24245
73583426;24259
73583566;24276
7359129786;24293
7359334;24311
736;24327,24363,24407
73603;24439
736031;24453
736127;24468
736143;24482
73615181;24499
73631275;24515
73633321;24531
736443;24547
73651701;24562
73652638;24578
736582755;24595
73662;24612
73674;24626
736742;24640
73676282;24653
73676347;24670
736824;24687
7369;24702
736984;24715
737;24730,24774,24834
737018;24893
73706378;24907
737297;24924
73737;24939
73746;24953
737465;24967
737480;24982
737537;24997
737555;25011
737566;25026
737640;25041
737656;25056
737755;25071
73779065;25086
737854;25103
737885;25118
737892;25133
73792;25148
73792195;25162
73792215;25178
737976;25194
737991;25209
738;25224,25268,25320
738007;25352
738014;25367
73802807;25382
7381;25399
73826313;25412
73833;25429
738342;25443
73845983;25458
73851;25474
7385462;25488
73857271;25504
7387;25521
7388;25534
738930;25547
739;25562,25614,25658
739007;25710
73902083;25725
73908381;25741
7391;25757
73910587;25770
73913;25786
73914407;25800
73915108;25817
73918863;25834
73921417;25851
73924005;25867
739510;25883
73953759;25898
73954120;25915
73954389;25931
73959177;25948
73966503;25964
73967;25980
73972990;25994
739745;26011
73975190;26026
73975729;26042
73984411;26059
73988231;26076
73997815;26093
73997918;26109
73998785;26125
73998970;26141
73cc33cc;26157
73ff3333;26174
73nd;26191
73rd;26204,26273,26294
74;26306,26935,27814
740;28701,28729,28802
740010;28838
74001127;28853
74002707;28869
74006602;28886
7401;28903
74010816;28914
74016111;28931
74016364;28947
74018364;28963
74018385;28979
74020080;28995
74026090;29011
74026138;29027
74031369;29043
74031384;29059
74031387;29075
74031414;29091
74035;29107
7403585315;29121
7403743267;29139
74037977;29157
74049866;29174
7405;29191
74051269;29204
74051958;29221
74052006;29237
74052401;29253
74053848;29270
74055373;29287
74055450;29304
74059779;29321
74059877;29338
74066304;29355
74066314;29371
74072295;29387
74078739;29404
74079853;29420
74087;29436
74089073;29450
74091;29466
740947951;29480
740950083;29497
741;29514,29574,29626
74101676;29665
74103899;29682
74104183;29699
741096;29716
74118371;29731
74119206;29748
74130691;29765
74132885;29781
74139868;29798
7414;29815
74143137;29828
74144181;29845
74144196;29862
74144435;29879
74145042;29896
74150680;29913
74153320;29930
74154283;29947
74157139;29963
74157359;29980
741661;29997
741676;30012
74170564;30027
7417290807;30044
74173315;30062
7417366;30078
74178428;30093
74178544;30110
7418;30127
741966;30138
742;30153,30212,30248
74200012;30316
7420955;30333
74222960;30348
74222999;30365
74227;30382
7423;30396
74232133;30409
74235;30425
74235737;30439
74241476;30455
74247;30472
7425;30486
74251384;30499
74259986;30516
742609373;30533
742610567;30550
74277298;30567
74284927;30584
74290280;30601
74290464;30617
74293079;30633
74298429;30649
743;30666,30806,30850
7430;30899
743080044;30912
743120658;30929
74313;30946
74354;30960
74355009;30974
743622;30990
74365141;31005
7438;31022
74386672;31035
74387;31051
74390789;31065
74390815;31081
74392427;31098
743975;31114
744;31129,31189,31254
744175675;31290
74422436;31307
74428;31323
744324;31337
74439;31352
74446594;31366
744591;31382
7446;31397
7447;31410
74476817;31423
74481201;31439
74482;31455
745;31469,31529,31621
74502;31652
745060;31666
745083;31681
74509;31696
74517648;31710
74519;31726
745239;31740
74524;31755
7453;31769
7453382;31782
74534;31797
74546;31811
74558;31825
74568;31839
7457048;31853
745796;31868
745819;31883
74583;31898
745935;31912
745bp;31926
746;31940,31979,31991
746111;32035
74616;32050,32064
746208;32077
746243;32092
74654338;32107
74654675;32123
7467261;32139
746942;32154
74696875;32168
746971;32184
747;32199,32227,32263
7470;32301
74703430;32314
74703740;32330
74703938;32346
74703994;32362
74708;32378
7471852303;32392
747342585;32410
747635;32427
74765;32442
7476788;32456
74769;32472
74779822;32485
74780091;32501
747809;32517
74783;32532
74787339;32546
74793;32562
74796474;32576
747971;32592
748;32607,32675,32719
7480;32747
74808;32759
748162;32773
74825;32788
748360;32802
74838;32817
74849;32831
748528;32845
74855;32860
7486;32874
74860610;32887
74861;32903
74868;32917
7487;32931
74873;32944
7488009;32958
74882;32973
74883852;32987
74884;33004
74891;33018
74895;33032
74898;33046
749;33060,33088,33132
74903;33185
7491;33199,33212
74915;33225
74921;33239
74922;33253
749247;33267
7493;33282
74931;33295
749329;33309
749352;33324
749363;33339
74941;33354
7495;33368
74966;33381
7496938011;33395
7497;33413
74974;33424
74974957;33438
74974994;33454
74985;33470
74988;33484
74988655;33498
74992;33515
74993;33529
749969;33543
74997;33558
74999;33572
749998719;33586
749998856;33603
749998883;33620
74c;33637
74c365;33649,33680,33735
74team;33749
74th;33764,33777,33790
75;33802,34757,35881
750;37105,37285,37448
7500;37660,37673,37694
75006;37706
7501;37720
75012;37732
75016;37746
75018;37760
7502;37774
75023;37787
75026;37801
7503;37815
75032;37836
75036;37850
750443;37864
75051;37879
75054;37893
75056;37907
7506;37921
75063;37934
750664;37948
75069;37963
7507;37977
75074;37990
75078;38004
75079;38018
7508;38032
75084;38045
750854;38059
75087;38074
750bc;38088
750cc;38101
751;38115,38159,38243
75102;38302
751060;38316
7511;38331
75114;38343
751205;38357
751221;38372
751266;38387
751328;38402
751335;38417
7514;38432
75144;38445
751488;38459
751511;38474
7515285;38489
751572;38504
75166;38519
7516616;38533
751671;38549
7517;38564
751709;38577
751717;38592
75172;38607
751732;38621
75175;38636
75181;38650
75182;38664
75184;38678
751843;38708
75191;38723
75196;38737
752;38759,38795,38839
752068;38891
75208;38906
75211;38920
752159;38934
7521632314;38949
75219;38967
7522;38981
75223;38994
75224;39007
75226281;39021
75228;39038
7523;39052
752328;39064
75239;39079
75240;39093
752434;39107
75245;39122
752525;39136
75256;39151
75262;39165
752678;39179
75271;39194
75282;39216
75284;39230
752876;39244
75292698;39259
75296;39275
752960;39289
753;39304,39324,39360
75305;39413
75306;39427
753067;39441
75307;39456
75313;39470
75316;39484
75317;39498
753174;39520
75318;39535
753189;39557
75319;39572
75321;39586
75322;39600
75323;39614
753231;39628
75324;39643
75325;39657
75326;39671
753281;39685
75329;39700
753293515;39714
7533;39731
75330;39744
75331;39758
753326;39780
75333;39795
753342;39809
75335;39824
75339;39838
75339695;39852
75340564;39869
75344;39885
75344636;39899
75345;39915
75346;39929
753464;39943
75348;39958
7535;39980
75351;39993
75352;40015
75354;40029
75354375;40051
75355;40067
75356;40081
75357;40103
75358;40117
75359;40131
7536;40145
75360;40158
75364;40172
75365;40186
75366;40199
753685;40213
75369;40227
7537;40241
75370;40253
75372;40267
75375;40281
75376;40295
75377;40309
7538;40323
75381;40336
75382;40350
75383;40364
75385;40378
75389;40392
75390;40406
75391;40420
75394;40434
75396;40448
75398;40470
753983;40484
754;40499,40535,40601
75400;40669
75401;40683
75402;40697
75404167;40711
75406;40727
75407;40741
75408;40755
75410;40769
75416;40783
754167;40797
75417;40811
75419;40825
75420;40847
75421;40861
75424;40883
75426;40897
75429;40911
75431;40925
75433;40939
75434;40953
75435;40967
75437;40981
754372;40995
75438;41010
75439;41024
75442;41038
75443;41060
754433;41074
75446;41089
75447;41103
75450;41117
75451;41131
75453;41145
754547;41159
75457;41174
7546;41188,41201
75460;41230
754608;41244
75461;41259
75462;41273
754623;41287
75465;41302
75467;41316
7547;41330
754700125;41343
75471;41360
75472;41374
7547316551;41388
75474;41406
75475;41428
75476;41442,41456
75478;41470
754807;41484
75482;41499
75483;41513
75485;41527
754852;41541
75486;41556
754860;41570
75487;41585
75488;41599
7549;41613
75492;41626
754929;41640
75494;41655
75496;41669
75498;41683
75499;41697
755;41711,41763,41815
7550;41843
755035;41856
75504;41871
7550528;41885
75507;41900
75509;41914
7551050;41928
75512;41943
7551381;41957
75517;41973
75518;41987
7552;42001
755203;42014
75521;42029
75523;42043
75527;42057
755272;42079
75530;42094
755302;42108
75532;42123
75533;42137
75535;42151
755359004;42165
75538;42182
75539;42196
75542;42218
75543;42232
755432;42254
755478;42269
75548;42284
75549;42298
75552;42312
755520;42334
75553969;42349
755556;42366
75557238;42380
75558;42397
755615;42411
755630;42426
75569;42441
7557;42455
755714;42468
75572;42483
75577;42497
75578;42511
75581;42525
75584;42539
7559;42553
75592;42566
7559584379;42580
75596;42598
75598;42612
75599;42626
755997;42640
756;42655,42707,42727
75600;42771
75601;42785
756012;42807
7560246587;42822
75603;42840
75605;42854
75606;42868
75607;42882
75608;42896
75615;42910
75618;42924
75619;42938
75620;42952
756210;42966
75622;42981
75623;42995
75624;43009
75629;43023
7563;43037
756341;43050
75635;43065
75638;43079
75642;43093
756424;43107
75643;43122
756439;43136
756457;43151
756477;43166
75648;43181
75652;43195
75653;43209
7565366;43223
75656;43239
756569;43253
75659;43268
756592;43282
756622;43297
75664;43312
756706;43326
7567082;43341
756744;43357
75675;43372
756775;43386
756783;43401
75678968;43416
75679;43432
75680;43446
756866;43460
75688;43475
7569;43489,43502
756905;43514
75691;43529
75695;43543
7569501996;43557
756966;43575
75697;43590
757;43604,43632,43684
7570;43737
75704;43756
757050;43770
75706;43785
757095;43799
757126;43814
757133;43829
75715;43844
75716;43858
757164;43872
75717;43887
757197193;43901
757202;43918
75722;43933
757225;43947
75723;43962
757233;43976
75725;43991
757286;44005
757294;44020
757301;44035
757309;44050
757332;44065
757370;44080
757377901;44095
757378;44112
7574070;44127
75741;44143
757416652;44157
757423;44174
75743;44189
757439;44203
757446;44218
75747;44233
757523;44247
75755;44262
757553;44276
757622;44291
757636;44306
75765;44320
757668;44334
75772;44349
757721;44363
75773;44378
757805;44392
7578150;44407
757820;44423
7578520;44438
75786;44454
75790;44468
757954;44482
757957;44497
75797;44512
757980;44526
757file;44541
758;44556,44592,44676
758003;44694
75801;44709
758011;44723
75802;44738
758044;44752
758057;44766
758087;44781
75809;44796
75816;44810
758186;44824
7583;44839
75830;44852
758308;44866
75834;44881
758362;44895
758377;44910
75840471;44925
75841;44942
75843;44956
75845;44970
758469;44984
75847;44999
758484;45013
75851;45028
758522;45042
758591;45057
7586234808;45072
75865;45090
758652;45104
75866;45119
75868;45133
758759;45147
75876;45162
75878;45176
758789;45190
758835;45205
758842;45220
758865;45235
758873;45250
758888;45265
75890;45280
75891;45294
758950;45308
758965;45322
758987;45337
758th;45352,45366
759;45379,45463,45507
75900;45541
759018;45555
759026;45570
75905;45585
75907;45599
75910;45613
7591078;45627
75911;45642
759111081;45656
75911498;45673
75912;45689
759155;45703
759201;45718
75921;45733
75923;45747
75926;45761
75927;45775
75928;45789
759298665;45811
759323;45828
759415;45843
759430;45858
75944;45873
759445;45887
759460;45902
759506;45917
759514;45932
75952;45947
75954;45961
75955;45975
759560;45989
759598;46004
75960;46019
759628;46033
759651;46048
759682;46063
75972;46078
759727;46092
759735;46107
7597411;46122
759750;46137
759758;46152
759773;46167
759789;46182
7598;46197
75982;46210
75983;46224
75984;46238
759865;46252
75991;46267
759911;46281
759918;46296
75993;46311
75a;46325
75b;46337
75b2dd;46349,46372,46387
75em;46401,46430
75inch;46449
75kbp;46464
75pt;46478
75px;46491,46528,46568
75th;46591,46644,46657
76;46683,47303,47980
760;48863,48907,48975
760017;49007
760071;49022
76008;49037
760086;49051
7601;49066
760109;49079
76011;49094
76012;49108
76014;49122
760155;49136
760170;49151
76018;49166
760223;49180
760231;49195
760254;49210
760277;49225
76029;49240
760292;49254
7603;49269
76032e;49282
76035786;49297
760406;49313
76041;49328
760414;49342
7604236603;49357
760452;49375
760460;49390
760477545;49405
76048;49422
760490;49444
760498;49459
760506;49474
760521;49489
760544;49504
76055;49519
760567;49533
76057;49548
76061;49562
760643;49576
760651;49591
76066041;49606
76067;49622
760712;49636
760773;49651
76080;49666
760818;49680
760892;49695
760918;49710
760933;49725
760941;49740
760956;49755
761;49770,49806,49831
76100;49883
761000;49897
761002;49912
761017;49927
761026;49942
76103;49956
76109;49970
761101;49984
76111;49999
761116;50013
761124;50028
761162;50043
761194;50058
76126;50073
761276;50087
761292;50102
761299;50117
761307;50132
761314;50147
761324149;50162
76133;50179
76139;50193
761429;50207
7614648342;50222
76149;50240
761505;50262
76151;50277
76156;50291
761561;50305
7616;50320
761620;50333
761627;50348
761688;50363
761703;50378
7617095709;50393
761711;50411
761739158;50426
76177;50443
761772;50457
76178;50472
761787;50486
7619;50501,50514
761902;50527
761932;50542
761948;50557
761963;50572
762;50587,50623,50683
76201;50751
762024;50765
762039;50780
762085;50795
7621;50810
7621198;50823
76213;50839
76213433;50853
76214;50869
76216;50883
762215;50897
762230;50912
762245;50927
76226;50942
762268;50956
76227;50971
76228;50985
762283;50999
762299;51014
762314;51029
76232;51044
76236;51058
76237;51072
7623973489;51086
762398;51104
7624;51119
762444;51132
762535;51147
762550;51162
762566;51177
76258;51192
762627;51206
762688;51221
7627;51236
76272;51249
762794;51263
7628097;51278
76281;51294
76281284;51308
762817;51325
762856;51340
762894;51355
7629;51370
762909;51383
762924;51398
762932;51413
762955;51428
76296;51443
76297283;51457
763;51474,51519,51579
763023;51625
763039;51640
76304;51655
763084;51677
763092;51692
7631;51707
763123;51720
76316;51735
763191;51749
76325;51764
76326;51778
763298;51792
76332;51807
763321;51821
763329;51836
76334;51851
763347;51865
763359;51880
76337;51895
76339;51909
763397;51923
763420;51938
763428;51953
763443;51968
763451;51983
763527;51998
763551;52013
76357;52027
76359;52041
763603;52055
763608;52070
76363;52085
763657;52099
7637;52114
76373;52127
763733;52141
76374;52156
7637550831;52170
763771;52188
763809;52203
76386;52218
763882088;52232
763908;52249
76392;52264
76395;52278
764;52292,52328,52364
764000;52395
76403;52410
76405;52424
764076;52438
76408;52453
7641;52467
76413;52479
764153;52493
76416;52508
764168;52522
76426;52537
76430;52551
76431;52565
764320;52579
764336;52594
764352;52609
764389;52624
76439;52639
7644;52653
76442;52665
764503;52679
76462;52694
764624;52708
764748;52723
764771;52738
764816;52753
764854;52768
764877;52783
7649;52798
76493;52811
764969;52825
76498;52840
765;52854,52866,52926
765015;52965
765060;52980
76511;52995
76512;53009
76513;53023
76514;53037
76516;53051
76517;53065
765198;53079
76521;53094
76522;53108
76523;53122
76524;53136
76527;53150
7653;53164
765312;53177
76532;53192
76534;53206
76535;53220
7654;53234
7654130;53246
76544;53261
76548;53275
765480;53289
765488;53304
76554;53319
76564;53333
76567;53347
7657;53361
765709;53374
765724;53389
765749320;53404
76575;53421
7658;53435
76586;53448
765945;53462
76595;53477
765968;53491
76599;53506
765991;53528
766;53543,53587,53639
766006;53684
76601016;53699
76603;53716
76604;53730
76611;53744
766113;53758
76612;53773
76615;53787
76616;53800
766182;53814
76622248;53829
76625;53845
76627;53859
76631;53873
766312;53887
766350;53902
76638;53917
7664;53931
76641;53944
766418;53958
76643;53973
766464;53987
766525;54002
7665282;54017
766556;54032
76657;54047
76661;54061
766617;54075
76667;54090
76669;54104
7667;54118
766724;54131
76676;54146
76683;54160
7668390;54174
76684;54189
76689;54203
766899;54217
76693;54232
76694;54246
766th;54260
767;54274,54310,54354
76704;54372
76705;54386
76706;54400
76708;54414
767082;54428
7671;54443
76716;54456
76717;54470
76721;54484
767235;54498
76724;54513
76728;54527
7673;54541
76731;54554
767311;54568
76732;54583
76733;54597
76734;54611
767342;54625
76735;54640
76736;54654
76738;54668
76739;54682
7674;54696
76742;54709
76744;54723
76746;54737
767464;54751
76749;54766
76750;54780
76753;54794
767570;54808
76758;54823
767593;54837
76763;54852
76764;54866
76768;54880
767685;54894
76774;54909
76775;54923
767776;54937
76778;54952
7679;54966
767975;54979
768;54994,55022,55053
768028;55137
76806742;55152
76807;55169
768097;55183
76815;55198
7682;55212
768227;55225
76822861;55240
7682300;55257
76824;55273
76825;55287
76834;55301
76838;55323
768417;55337
76842;55352
768425;55366
76848;55381
76856;55395
7686;55409
76861;55422
768616;55436
768623;55451
76864;55466
76864159;55480
76873;55496
768753;55510
76877;55525
768803;55539
76885;55554
76886;55568
76887;55582
768929;55596
76894;55611
768px;55625
769;55639,55651,55703
769005;55735
76901;55750
76903;55764
76916;55778
76917;55792
76918;55806
7692024;55820
76921;55836
7693;55850
769302;55863
769363;55878
76945;55893
76948;55907
7695;55921
769547;55934
76964;55949
76972;55963
7698;55977
76980;55990
76993597;56004
769974;56020
76999;56035
769cbb;56049
76dc09d5;56065
76er;56081,56094
76p;56107
76th;56119,56138,56167
76thru96;56180
76v;56197
76w;56208
77;56220,56764,57673
770;58560,58612,58680
7700;58718
770000;58731
7700546;58746
770081;58762
7701;58777,58790
770119;58803
77012;58818
77015;58832
77016;58846
7702;58868
77027;58881
77032;58895
77033168;58909
77036;58925
77038;58939
7704;58953
77046;58966
770508;58980
77055;58995
770569;59009
770638;59024
77065;59039
77071;59053
77076;59067
77087;59080
770874;59094
770882;59109
77089;59124
77090814;59138
770958;59155
771;59170,59230,59266
77104;59324
77105;59338
7710928917;59352
77113003;59370
77117;59386
77118;59400
7713;59414
77130;59427
771317;59441
77134;59456
77146;59470
7715;59484
77154;59497
771561;59511
771576;59526
77173;59541
771796585;59555
7718;59572
771839;59585
7718757;59600
7719041;59616
77195;59632
772;59646,59682,59727
77208;59747
77214;59761
7722;59775
77226;59788
77234;59802
77238;59816
7724;59838
77245;59851
7725;59865
77253;59878
77259;59892
77264;59906
77267;59920
7727;59934
77273;59945
77281;59959
7729;59973
77295;59986
77298;60000
773;60014,60042,60086
7730;60103
77306;60116
773071;60130
77308;60145
77314;60159
77321;60173
77322638;60187
77332;60203
773392;60217
773422;60232
77344;60247
77345;60261
77346860;60275
77347442;60292
773560;60309
77357;60324
773582;60338
773613;60353
77371;60368
77372;60382
773788;60395
77384;60410
77385;60424
77391;60438
773964;60452
77397;60467
774;60481,60517,60593
77400381;60635
77403;60652
77405;60666,60680
77409;60694
77413;60708
7741596699;60722
774246;60740
77425;60755
774269;60769
774323;60784
77438;60799
774389;60813
77439;60828
774399;60842
77445;60857
77448;60871
774483;60885
77459;60900
774590;60914
7746;60929
774624799;60942
77474;60960
774773;60974
77477375;60989
77481;61006
774841;61020
77486;61035
774918;61049
77495;61064
77495244;61078
775;61095,61163,61230
775024;61290
7750358;61305
775055;61321
77506;61336
775062;61350
77515;61365
775238;61379
775278;61394
77528;61408
77531508;61422
77543;61439
775475;61461
77550;61476
775536;61490
775581;61505
775589;61520
7756;61535
77566;61548
775681;61562
775684;61577
77569;61591
7757;61605
775711;61618
775764;61633
77578962;61648
775803;61664
77582;61679
77583;61693
775864;61707
775894;61722
775902;61737
775917;61752
77593;61767
775993;61780
776;61795,61831,61863
7760;61899
776031;61912
776039;61927
77605;61942
77606;61956
776077;61970
77609436;61985
776123;62002
776184;62017
776207;62032
77621;62047
77622;62061
7762331367;62075
776237;62093
776306;62108
77630639;62123
776321;62139
776352;62154
77641;62169
77646;62183
77651;62197
7766009;62210
776642;62225
776726945;62240
776732471;62257
77676;62274
776764;62288
77677;62303
77678;62317
77679;62331
7768;62345
77682;62358
77683;62372
77684;62386
77688;62400
776886;62414
776894;62429
7769;62444
776947;62457
77698;62472
77699;62486
777;62508,62536,62620
77704;62658
77711;62672
77712;62686
77724;62700
77727;62714
77737;62728
777390;62750
77741;62765
77748;62779
777480760;62793
777481;62811
7775203;62826
77753;62841
77754;62855
77756;62869
77758044;62883
77763;62899
77768;62913
77772;62927
77783;62949
77785;62963
77786;62977
7779;62991
77794;63004
778;63018,63078,63130
7780;63169
77804;63182
77808;63196
7780a;63210
77811;63224
778120228;63238
7781235;63256
77816;63271
7782;63285
778222201;63297
77824;63315
77835;63329
778397;63343
77841;63358
77845;63372
77848;63386
77849;63400
778519;63422
77859;63437
77862;63451
77864;63465
778662622;63479
77870;63496
77876;63510
77882;63524
77887;63538
778870;63552
778877;63567
778893;63582
7789;63597,63610
77897;63622
778976;63636
7789978981;63651
778999;63669
779;63684,63712,63751
7790;63795
77906;63808
779068;63822
77913;63837
77915;63851
77916;63865
77927;63879
77941;63893
77947;63907
77948;63921
7795;63935
77951;63948
779510;63962
77952;63977
77954;63999
77958;64013
77959;64027
7796;64041
77963;64054
77965;64068
77968;64082
77969;64096
77970;64110
77972;64124
77976;64138
77977;64152
7798;64166
779823;64179
77984;64194
77987;64208
7799;64222
77992;64235
77993;64249
77994;64263
779976;64277
77998;64292
77dd77;64306
77th;64329,64374
77x77px;64386
78;64402,65081,65937
780;66684,66728,66788
7800;66827
7800219615;66848
7800219631;66875
7801370937;66902
7801370953;66929
78014;66956
78022;66970
78028;66984
780281;66998
78034331;67013
780472;67030
7804768;67045
78049;67060
78062;67074
780739;67088
78076;67103
780772;67117
780785;67132
7808;67147
780853;67160
7808601;67175
7809;67190
78098;67203
781;67225,67277,67321
78101;67367
78104;67381
78108;67395
78132;67409
78133;67423
78136235;67437
78138;67453
78147;67467
781509;67480
78156;67495
781570;67509
7816152;67524
7818301;67539
7818328;67554
781869;67569
7819470;67583
78199;67598
782;67612,67664,67692
7820;67731
7820004;67744
782013;67760
78223;67775
7823568583;67789
7824;67807,67820
7825;67832
78257;67845
78273;67859
782753;67873
782768;67888
78278;67903
78284;67917
78291;67931
78295;67944
782973;67958
783;67973,68041,68093
7830943;68118
7831;68134
78312;68147
78319;68161
783258;68183
783279;68198
7833;68213
78331;68226
78334;68240
783379;68254
78338;68269
78342;68283
783424;68297
78347;68312
783503;68326
78361;68341
783653;68355
783730;68370
7837503;68385
783859;68401
783867;68416
78391;68431
78396;68445
783989;68459
784;68474,68526,68565
7840;68601
78403;68614
784050;68628
7841;68643
78413;68656
784187;68670
784218;68685
78424;68700
78427;68722
78429;68736
78436;68750
784378;68764
7844;68779,68791
784470;68804
7844770;68819
7844805;68834
7845420;68849
7845929;68864
78466;68879
7846871;68893
784691;68908
7846910;68923
784752;68938
78493;68953
78498;68967
785;68981,69019,69079
78500;69099
785049;69113
785194;69128
78520458;69143
78531;69160
785439;69182
78545;69197
78548;69211
78551;69225
7855596;69239
7855615;69255
78562;69271
78564;69284
785652;69298
7857032;69313
78571;69329
78575;69343
78582;69357
785896;69371
7859;69386,69399
785942;69411
785950;69426
786;69441,69509,69566
786018;69594
78603;69609
786057;69623
78612;69638
786209;69652
78623;69667
786346;69681
78635339;69696
786389;69713
7864;69728
786407;69749
78643;69764
786499;69778
78662;69793
786674;69807
7867;69822
78676;69835
78682568;69849
786926;69865
787;69880,69940,69976
787033;70014
7870337;70029
78704;70044
78705;70058
787071;70072
787125;70087
78727;70102
78731;70116
78752;70130
78753602;70144
78766;70161
78767;70175
78778;70189
787878;70203
7879;70229
78794;70248
78794074;70262
788;70278,70322,70333
78804;70409
788094;70424
788185;70439
78819;70454
7882;70468
788292;70481
78847;70496
7885;70510
7886;70523
7886324;70536
78866b;70558
78876;70572
78886;70586
788879;70600
78890543;70615
788948;70631
78896;70646
789;70660,70736,70764
78906367;70796
78908;70812
7891;70826
789101;70839
789163;70854
7892;70869
78928;70882
7893;70896
789352;70909
78938;70924
7895;70938,70951
78957;70964
7896;70978
78966;70990
78th;71004,71033
79;71054,71589,72238
790;72989,73009,73046
7901;73122,73143
79026;73155
790278;73169
79044;73184
7905;73198
7906951;73211
790703;73235
7908;73250
7908233;73263
79099;73279
791;73293,73313,73344
79101;73380
791031;73394
79105;73409
79111;73422
79114;73436
7911670804;73450
7912537;73468
7913;73492
791351;73505
791389;73520
791504;73535
791508019;73550
79160108;73567
79164;73584
7917;73598
79191;73611
79192;73625
79197;73639
791992;73653
792;73668,73696,73727
79213;73771
792152;73785
792168;73800
7922;73815
79222;73826
792274;73840
79229;73855
792435;73869
79259;73884
792717;73897
79273;73912
792747;73925
792801;73940
7929;73955
7929062;73968
79296;73984
79297024;73998
793;74014,74066,74103
79302579;74171
793076;74188
793106;74203
793114;74218
793175;74233
79318;74248
793182;74362
79320595;74377
79321558;74394
79322;74411
79323747;74424
79327;74441
793282;74455
79332377;74470
7933474;74487
79337004;74509
793396;74526
793419;74541
79346;74556
793467;74570
793518;74584
79352;74599
793524415;74613
793533;74631
79357;74646
7936;74660
793617;74673
793625772;74688
793686;74705
7937;74720
79371;74732
7938081026;74746
79386;74764
794;74778,74822,74850
79408431;74889
794098;74905
79412;74920
7942;74934
79421556;74947
7943;74963,74976
794342;74989
7944;75004
794411;75017
794456;75032
79450;75047
79457;75061
794624;75075
794700404;75090
794724;75108
794743;75123
79481;75138
794815;75152
79489;75167
79499316;75181
795;75197,75225,75277
795006;75302
7950401306;75317
79512;75335
7952;75349
795235;75362
795265;75377
795280;75392
79529;75407
7953;75421
79538;75434
795395;75448
79542;75463
795471;75477
79549036;75492
79551;75509
79554;75523
7956;75537
79564893;75550
7956533432;75566
795654;75584
7957;75599
79573;75611
795789361;75624
79581;75641
795822;75655
795952;75670
79596;75685
795981;75699
795998;75714
796;75729,75775,75787
796015;75815
79605;75838
79606;75851
79609;75864
79613;75878
79615;75891,75905
79619;75918
79624;75932
79625;75945
79628;75958
796295;75971
79635;75986
79637;75999
7964;76013
796463;76026
79649;76041
7965;76054
796562;76067
79662;76082
7967;76096
7968;76109
79695;76122
797;76136,76196,76256
797043;76301
797050;76316
797157;76331
79719;76346
797195;76360
797279;76375
797417;76390
797470;76405
79771;76420
797722;76434
797760;76449
797775;76464
7978;76479
797829;76492
797874;76507
798;76522,76558,76602
79802;76641
79809;76655
79816;76669
7981607;76683
798195;76699
7982;76714
79824;76727
79838;76741
798409;76755
79846;76770
798531;76784
798538;76799
798553;76814
798561;76829
798622;76844
798630;76859
7987;76874
798744;76887
79878;76902
798798;76916
798828;76931
798836;76946
79886;76961
798866;76975
79887;76990
798889;77004
798973;77019
79898;77034
799;77048,77092,77145
7990;77197
799004;77210
799026;77225
79904;77240
799057;77254
79910;77269
799110;77282
79913;77297
79916749;77311
799286;77327
799294;77342
7993;77357
799339;77370
799377;77385
799423;77400
79957;77415
799629;77429
799652;77444
799713;77459
799721;77474
799820;77489
799835;77504
79994;77519
799950;77533
79px;77548
79th;77561,77590,77603
79third;77622
7a;77638,77649,77673
7a5dc7;77700
7a62;77714
7a745a;77726
7b;77741,77752
7bf600;77762
7c;77777
7c8hc;77797
7cauthor;77810
7cfc00;77826,77873
7cformat;77896
7cpunjab;77921
7ctarget;77946
7ctitl;77971,77994
7d00b3;78009
7d1b7e;78023
7d5515;78037,78052
7d7;78067,78096,78108
7e;78133,78144
7e6e55;78154
7em;78169,78206,78259
7f;78305
7f007f;78348,78363
7f00ff;78378
7f241f;78392
7f33cc;78407
7f6699;78421
7fff00;78435
7fx;78449
7h;78460,78477
7hr;78488
7k;78500
7m59;78527
7m85;78539
7ncvxcrg;78551
7p;78567
7px;78578,78590
7r;78601
7s;78611,78630
7th;78639,79179,79496
7the;79805
7thspace;79818
7unsourc;79834
7w;79851
