40;0,219,410
400;877,937,990
40000;1058,1072
400000;1085,1108
4006;1123
40067;1135
400x400;1149,1173
401;1188,1200
4010;1220
40107;1233
4019;1247
402;1259,1271
403;1283
4031;1303
4039;1315
404;1327,1347
40402;1358
404138;1372
4044;1387
405;1400,1412
4055;1424
4055023;1437
4056;1453
4059;1466
4061a6;1478
4064;1493
407;1506
4076;1517
40888;1529
40px;1543,1556
40th;1568,1581
41;1594,1845,2011
410;2302
411;2313
4110;2325
412;2337
4120;2349
412379930;2362
413;2380,2392
413512;2404
414;2418,2430
4140;2442
4148d494;2454
415;2470
415998;2488
416;2503,2523
4162;2533
4164;2545
4167;2558
41676;2579
417;2593,2605
4170;2616
4175;2628
41773;2641
41796;2654
418;2668,2680
4186;2698
4197;2711
41979718;2724
41st;2739
42;2752,2971,3171
420;3494,3506
4200;3531
4210;3543
4215753;3556
422;3572
42212;3583
423;3596,3608,3620
4247;3631
4249;3643
425;3655
4250;3666
425412;3679
426;3693
4260;3705
4265;3717
428;3730,3742
428538;3760
429;3775,3787,3799
4292;3810
429566;3823
42b9;3838
42cd;3850
42nd;3862
43;3875,4094,4285
430;4512,4532
431;4557,4577
432;4589
43215;4609
433;4623
434;4641,4653
4341;4664
435000000;4676
4355;4694
436;4707,4719
4362;4739,4752
437;4764,4776
438;4787
4386;4798
4389e3;4811
439;4826
43ff;4838
43rd;4850
44;4863,5067,5204
440;5527,5539
4400;5564
440828;5576
4412527;5591
44164087;5606
4418;5623
442;5636,5648
444;5660,5672
4441;5684
44443;5696
4449;5710
4453;5721
445313;5734
446;5749,5761
447;5772
44740;5783
448;5797
4486;5808
4487;5821
449;5834
44py30;5846
45;5861,6112,6344
450;6611,6629
4500;6649
450px;6661
451;6674
4523;6686
453;6698
453255;6710
4538;6725
454;6737,6749
454767;6760
455;6775
4558;6795
456;6808
456228659;6820
4563;6838
456864;6850
456886;6865
4570;6880
458;6893,6905,6915
4581;6927
45897;6948
458x458px;6962
459169;6980
45aeff;6995
45px;7010
46;7036,7295,7431
460;7658,7676
46080;7688
460dc849;7701
461;7717,7729
4610;7740
46129;7752
4615;7766
464;7778,7790
464720;7801
4649;7816
465;7827
4655;7838
4656;7851
466;7864,7876,7888
4667;7899
467;7911
4677;7923
46f3;7936
47;7948,8192,8370
47001;8557
47040;8571
4721;8585
47222;8596
474;8610
47404;8622
47431;8636
47436;8650
4747;8663
475;8675,8687
475069;8699
47567;8714
47590;8736
476;8750
476474;8770
477;8784
4774;8796
4786;8809
47868;8822
478914;8836
479;8851
4795;8869
47th;8881
48;8894,9057,9238
480;9401
4800;9413
480000;9431
4803;9446
48051;9458
4807;9472
480i;9484,9513,9550
480x800;9562
481;9578,9590
4817;9601
482;9613
48393;9624
484;9638,9650
484606;9661
484768;9676
48519;9691
486;9705
48642;9716
488;9730
488061;9742
489181;9757
48th;9772,9785
49;9798,9929,10048
490;10235
4907;10255
490925;10267
491;10282
4910;10294
4912742;10307
492;10323
4928;10335
493;10348
4933;10359
4947;10371
4955;10384
4967;10397
4973;10409
498;10421
498308;10439
499;10454
49er;10465
49th;10477
4a;10490
4ad;10501
4asa06;10519
4bd4;10534
4c;10546
4cb640;10557
4d;10572
4da6;10583
4e;10595
4e47;10604
4ea760e;10616
4f4f4f;10631
4f72;10646
4ft8;10658
4h;10670
4hj;10680
4mk;10692
4pix;10704
4px;10717
4r;10729,10740
4th;10751,10811,10901
4u;10969
4x;10980
4x2;10990
4x4;11002
4x5315;11014
