40;0
400246;11
400997;26
4020624;41
402115;57
402117;72
4039851;87
4047150;103
40700491;119
4078562;135
4081752;150
4092;166
410;178
4119609;190
4125;206
4148126;219
415;234
4175;245
419;258
4197508;270
42;286
420;297
4200896;309
421641;324
424884;338
424885;353
4249;368
4294;381
4298;393
4299147;406
42b9;421
42cd;433
43;445
4306694;456
4320;472
4323;485
433;498
4345998;509
4366830;524
4378516;540
4384350;556
43df;572
43ff;585
44;597
4406;608
4409794;621
4427;636
4445;648
448;661
44f6;673
450;686
4502;698
4530;710
453222;723
455119;737
4555930;751
45675;767
45728;781
45808;795
4591;809
46;822
46189;833
4627;847
46332;859
466;872
46820454;884
47;900
48;911
4824;922
482862;935
483237;950
483238;965
48442;980
4851412;994
4894075;1010
489671;1026
49;1041
4926002;1052
4d7306d4;1068
4e47;1085
4ea760e;1097
