50;0,255,524
500;919,1018,1078
5000;1162
5008;1174
500million;1187
500th;1205
501;1219,1231
502;1249,1261
5031;1272
50398;1285
5040;1299
505;1312
5059;1323
506;1336
507;1347,1383,1395
50762;1406
507678;1420
50781;1434
508;1447,1472
508232;1484
50851;1499
50925;1512
50f;1525
50i;1537
50k;1548
50percent;1560
50px;1577
50th;1590
51;1616,1699,1786
5101;1877
51050;1890
5109;1903
511;1916,1928
512;1939
513;1950,1970,1981
5137;1993
514;2006
515;2018
515807;2030
516;2045
517;2065,2077
51771;2089
518;2103,2115
519;2127
51cr;2147
51st;2160,2173
52;2199,2290,2383
520;2490,2510
521;2521,2549
522;2567
523;2579
5232;2589
52326;2602
52395;2616
524;2630
525;2642,2662,2682
52607;2693
527;2707,2719,2739
528;2750,2770,2782
529;2793
52962;2813
52963;2826
52nd;2839
53;2852,2959,3074
530;3147
531;3159,3177
5311;3197
531866;3210
532;3225,3237,3248
5328;3276
533;3289,3309
53364;3320
534;3333
535;3345
5353;3357
536;3370
53630;3390
53667;3404
537;3418,3430
53764;3442
538;3455
53886;3467
539;3481
5395231;3493
54;3509,3544,3617
540;3700,3712
54011;3730
541;3744
542;3772
543;3784
544;3796
5446;3808
545;3821,3833
5455;3845
5455sum;3858
546;3874
5461;3886
547;3899,3911,3928
54719;3940
548;3954
549;3974
55;3992,4067,4134
550;4186
551;4198,4210
55105;4221
55191;4235
552;4248,4276,4296
553;4307,4327
554;4339
5542;4351
555;4363,4375
5551392;4386
557;4402,4414
55746;4425
55759;4439
5577;4453
558;4465
55860;4477
559;4490
55929;4502
55931;4516
55th;4529
56;4541,4608,4707
560;4738,4750
56013;4762
5602;4775
561;4788,4808
56158;4826
562;4839,4859,4879
563;4890,4910
564;4922,4934
565;4954
565269297;4966
5658;4984
566;4997
566099;5009
5667;5024
567;5037,5049
567331;5060
567988;5074
568;5088,5100
56859;5112
56878;5125
569;5139
56th;5150
57;5171,5206,5265
570;5317,5337
5702;5348
571;5360,5380
57181;5400
573;5414,5426
5738;5444
57382;5457
574;5471
575;5482
575979;5493
57605;5508
5764;5522
577;5534
5772;5546
57773;5558
578;5571
57b;5582
58;5593,5676,5762
580;5853
580017;5873
58053;5887
5805gt;5900
581;5915,5926
58195;5938
582;5951,5971
583;5983,6003
587;6023
5871a;6034
5872;6048
58726172;6061
588;6077
589;6089,6101,6113
58975;6131
58a;6144
58th;6156,6168
59;6181,6296,6355
590;6502
591;6530
593;6542
594;6553,6573
595;6591
596;6611
5962;6622,6635
59629;6647
5964;6661
597;6673,6693
5971;6713
598;6725,6737
599;6748
59million;6759
59th;6776
5b;6789
5bbc7;6808
5bn;6822
5c;6834
5de8;6845
5ess;6858
5fastfact;6870
5hdate;6888
5ive;6903
5k;6916
5so;6927
5soul;6939
5th;6953,6997,7025
5thing;7141
5x20;7156
