10;0,1098,1978
100;3124,3419,3686
1000;3994,4039,4100
10007;4121
1001;4134
1002;4147
1004;4160
100409;4173
1006;4188,4201
1007;4214,4235,4256
1008;4275
100h;4288
100k;4301
100sport;4313
100th;4330,4344,4374
101;4387,4439,4485
1011715;4537
1013;4553
1016;4566,4603
1017;4616,4629
10180;4641
10197;4655
102;4669,4697,4756
1021;4792,4805
10214474;4818
1027;4834
1028;4847
1029;4859
103;4880,4916,4984
103006;5051
10302;5066
1032;5079
1034;5092
10350;5105,5119
1037;5133,5146
103744;5158
103764;5172
1038;5187
1039;5200,5213
104;5226,5286,5325
1041;5361
1043;5374
104326050;5387
1045;5405
10488;5418
105;5431,5475,5535
1050;5609
1054;5621
10592181;5634
106;5651,5671,5723
1061;5741
10614;5754
1064;5767
106474;5780
106654;5794
1067;5808,5829
1067190;5841
10675069;5857
107;5874,5902,5978
1070am;6024,6047
107264;6061
107274;6084
107284;6107
1073;6130
1074;6143
1077;6156
108;6168,6204,6235
1080;6271
1082;6300
1084;6313
109;6325,6353,6392
1090;6444,6457
10910;6470
1093;6483,6512
1095;6525
10959837;6538
1096;6555
1097;6567
109714;6580
1098;6603,6624,6637
109814;6649
1099;6664
109d;6685
10a;6695,6707
10b;6727
10duke;6739
10k;6754,6766
10milhous;6784
10renew;6802
10th;6818,6855,6879
10year;6916
11;6930,7712,8333
110;9159,9195,9269
1100;9313
11053;9326
1107;9339
1107045614;9352
1107230;9370
1107699090;9386
110854;9405
110984;9420
111;9434,9480,9508
11103;9528
11104;9542
111064;9556
1111;9570,9583,9604
1112;9623
111781990;9636
11178781;9653
11195;9670
112;9683,9711,9739
11205615;9791
1122;9808
1123;9821
1125;9833
11255;9845
1127;9859
1128;9872
11280;9885
112909;9899
112954;9913
112th;9927
113;9940,9976,10014
1130;10066
1130765032;10078
113078;10096
113105;10110
1132;10124,10145
1133;10157
11351;10169
1135375;10182
1135595984;10198
1135950180;10217
1137595;10236
1137991;10260
11388;10284
1139495682;10297
113th;10315,10393
114;10447,10459,10503
1140;10521,10534
11436;10547
114374;10561
114434;10575
1145;10589
114534;10602
114584;10616
1146;10630
1149110;10643
114954;10659
115;10673,10733,10758
1150;10818
1151;10831,10844
1155;10856
116;10869,10921,10981
1160;11027
116350873;11039
1164;11057,11070
11664;11082
11674;11096
1168;11109
11684;11121
1169;11134,11163
1169232329;11175
117;11193,11251,11279
1170;11331,11352
117005;11364
1171;11378
117175226;11391
1172;11409
117324;11422
117325;11436
117326;11450
117327;11464
11752253;11478
11754;11495
117679;11509
1177;11522
1178;11535
117914;11547
118;11562,11606,11638
118094;11658
1181;11672
118154;11685
118164;11700
1186;11721,11734
11860645x;11747
1187;11765
1188;11786
118814;11799
118864;11813
118904;11828
119;11843,11868,11888
1191569;11932
1197;11948
11a;11960
11peopl;11972
11th;11988,12017,12042
11v11;12087,12101,12123
11x22;12136
12;12150,12882,13542
120;14286,14318,14338
1200;14382
120110;14394
120119;14409
120129;14424
120133;14439
120161;14453
120168;14467
120169;14481
120176;14495
120183;14509
120189;14523
120192;14538
120193;14552
120195;14566
120208;14580
120209;14594
120210;14608
120212;14622
120216;14636
120223;14650
120231;14665
120232;14680
120288;14695
1203;14709
120308;14722
120351;14736
120355;14750
120359;14764
120361;14778
120380;14792
120382;14806
120399;14820
120404;14834
120406;14848
120412;14862
120417;14876
120427;14890
120431;14904
120435;14919
120439;14933
120466;14947
12047;14962
120474;14976
120511;14991
120524;15006
120534;15020
120538;15035
1209;15050
120th;15063
121;15076,15115,15143
121495810;15171
1215;15188
1216;15201
122;15222,15289,15309
1220836;15385
1220837;15401
1220844;15417
1221;15433
1222;15446
12237;15459
12238;15473
122622;15487
122nd;15502
123;15516,15552,15605
1232142;15722
1236;15738
12370;15750
124;15764,16393,16870
12413;17330
1242;17344
1243345;17357
1246531;17372
12468;17388
125;17401,17429,17475
1250;17527
1251;17540
1253;17553
1257071;17566
1258;17582
126;17595,17648,17660
1260;17720
126102788;17733
12618;17751
1263d;17764
1264;17777
1267;17790
1268;17802
1269;17815,17828
12694;17841
127;17854,17890,17950
1270;17975,17988
1271153;18001
1271154;18017
12714;18033
1271984;18046
12724;18062
1275;18075,18088
1279775;18101
128;18117,18145,18181
12807;18212
1281831;18226
12824316;18242
1283531;18259
1285;18274
1286;18286
1287930;18299
128989;18314
128990;18328
128996;18342
129;18356,18384,18415
129006;18435
129016;18449
129034;18463
129036;18477
129041;18491
129059;18505
129062;18519
129065;18533
129079;18547
129083;18561
1291958;18575
1295;18591
1299186;18604
12a;18618
12jiji;18636
12th;18651,18680,18698
12v;18719
13;18730,19294,19866
130;20536,20572,20616
130003a;20641
1303;20657
1304;20678
130401;20696
130431;20711
1306;20725
1307;20738
130th;20751
131;20765,20777,20858
1310;20926
1313;20939
13145;20951
1315;20965,20978
1318;20989
131816;21002
13184;21016
1319;21038
13194;21051
132;21073,21085,21117
1320;21129
13204;21141
13214;21163
1324;21185,21198
1329;21210
133;21222,21242,21262
1330;21273
1331;21286
1333;21299
134;21312,21340,21392
1340;21403
13409;21416
134111;21430
1343;21444
1344;21456
1349;21477
135;21489,21533,21558
1352;21594
1353;21615
1354;21627
1357;21639
136;21652,21664,21689
1360;21749
1361;21762
136184;21775
1362;21789
1365;21802
136798;21815
1368;21829
1369;21842
137;21854,21874,21892
1371;21928,21941
137236;21953
13743;21968
13761054;21981
1377;21998
138;22011,22031,22042
1380;22102
1380497;22121
1380499;22137
1381;22153
1381644;22166
1383;22182
1386;22195,22208
138714;22221
138724;22236
138734;22251
138744;22266
138754;22281
138764;22296
138774;22311
138784;22326
138794;22341
1388;22356,22369,22381
138804;22394
138814;22409
138824;22424
138834;22439
138844;22454
138854;22469
138864;22484
138874;22499
138884;22514
138894;22529
138904;22544
138914;22559
138924;22574
138934;22589
138944;22604
138954;22619
138964;22634
138974;22649
138984;22664
138994;22679
138th;22694
139;22708,22760
139004;22780
139014;22795
139024;22810
139034;22825
139044;22840
139054;22855
139064;22870
139074;22885
139084;22900
139094;22915
1391;22930,22951
139104;22963
139114;22978
139124;22993
139134;23008
139144;23023
139154;23038
139164;23053
139174;23068
139184;23083
139194;23098
139204;23113
139214;23128
139224;23143
13929834;23158
1393;23175
1396521;23188
1398;23204
1398317361;23216
13c;23233
13calpha;23245
13cbeta;23262
13dme014k;23278
13episod;23296
13jan2016;23313
13th;23330,23359,23405
14;23442,24113,24626
140;25258,25286
1400;25306,25319
1401;25340
1402;25352
1403;25365
140402;25377
1408;25392,25405
140th;25417
141;25431,25459,25511
1413;25536
1414;25549
1415190;25562
1417;25578
1418;25591
1419927;25612
142;25628,25640,25660
1420;25671
1421;25684
1424;25697
142484;25710
1425;25725,25746
1426;25758
1428;25770
1429974869;25783
143;25802,25838,25906
1431;25931
1433;25943
14333;25955
1434;25969,25990
1434138;26009
14356007;26024
143571573x;26041
1437;26059
1439;26072
1439643784;26085
144;26104,26122,26134
1442;26178
1442610212;26191
14446;26210
1446;26251
14467543;26264
144916;26281
145;26295,26307,26359
1455;26398
146;26410,26430,26466
14602;26498
1461;26512
1464;26524,26537
14681416;26549
1469;26566
1469611732;26579
147;26597,26625,26643
1470;26671
1471;26684,26697,26710
1478;26722
14784;26734
14795;26748
14798960;26761
148;26778,26814
14824;26858
1485;26880,26893
149;26905,26933,26961
1491;26972
1492;26984
1494624;26996
1497;27012
149f;27024
14aug;27037
14foot;27051
14juli;27065
14th;27079,27116,27145
14tts1943;27164
14tts1945;27182
15;27200,27949,28537
150;29158,29211,29292
1500;29392,29421,29442
1501;29461
1501sum;29474
15067;29490
15093;29504,29523
150th;29537
151;29556,29584,29623
1510;29651
1511533;29664
1512422;29679
15132979;29694
1517;29710
151782;29723
15182;29738
152;29752,29764,29808
1521;29828
1522;29841,29854
1523;29867
15244;29879
1529;29893,29906
15292;29918
15294;29932
153;29946,29958,30002
15304;30034
15307;30047
1531;30061,30073,30086
15334;30099
1534;30112
15354;30124
1536;30137
15372;30149
1538;30163,30176,30189
1539;30201
154;30214,30266
1544;30312
154424;30325
154434;30340
15444;30355
154444;30369
154454;30384
154464;30399
154474;30414
154484;30429
154494;30444
1545;30459,30472
154504;30485
154514;30500
154524;30515
154534;30530
154544;30545
154584;30560
154594;30575
1546;30590
154604;30603
154614;30618
154624;30633
154634;30648
154644;30663
154654;30678
154664;30693
154674;30708
154684;30723
154694;30738
154704;30753
154714;30768
154724;30783
154734;30798
154744;30813
154754;30828
154764;30843
154774;30858
154784;30873
154794;30888
154804;30903
154814;30918
154824;30933
154834;30948
154844;30963
154854;30978
154864;30993
154874;31008
154884;31023
154894;31038
154904;31053
154914;31068
154924;31083
154934;31098
154944;31113
154954;31128
154964;31143
154974;31158
154984;31173
154994;31188
155;31203,31235,31247
1550;31275,31288
155004;31317
155014;31332
155024;31347
155034;31362
155044;31377
155054;31392
155064;31407
155074;31422
155084;31437
155094;31452
1551;31467
155104;31480
155114;31495
155124;31510
155134;31525
155144;31540
155154;31555
155164;31570
155174;31585
155184;31600
155194;31615
155204;31630
155214;31645
155224;31660
155234;31675
155244;31690
155254;31705
155264;31720
155274;31735
155284;31750
155294;31765
1553;31780
155304;31792
155314;31807
155324;31822
155334;31837
155344;31852
155354;31867
155364;31882
155374;31897
155384;31912
155394;31927
155404;31942
155414;31957
155424;31972
155434;31987
155444;32002
155454;32017
155464;32032
155474;32047
155484;32062
155494;32077
155504;32092
155514;32107
155524;32122
155534;32137
155544;32152
155554;32167
155564;32182
155574;32197
155584;32212
155594;32227
1556;32242
155604;32261
155614;32276
155624;32291
155634;32306
155644;32321
155654;32336
155664;32351
155674;32366
155684;32381
155694;32396
155704;32411
155714;32426
155724;32441
155734;32456
155744;32471
155754;32486
155764;32501
155774;32516
155784;32531
155794;32546
1558;32561,32574
155804;32587
155814;32602
155824;32617
155834;32632
155844;32647
155854;32662
156;32677,32689,32725
1560;32764
1561;32777
1563;32790,32803
1564;32815,32828
1566;32841
1567;32853
157;32866,32878,32906
15700;32931
1574;32945
157511;32964
157517;32979
1579;32993
1579569;33005
158;33021,33049,33081
1581;33101
1584;33114
15855;33127
1589;33141
159;33154,33182,33226
1590;33264
159192;33276
1592;33291,33320
15925;33349
1593;33362
1595;33375
159594;33387
1597;33402
15n;33415
15q15;33427
15th;33441,33462,33483
16;33502,34057,34493
160;35033,35045,35076
1600;35120,35139
1602;35152
1603;35164
1605;35177
1606;35190
1608;35202,35215
1609;35234,35247
16095;35259
160950;35273
160px;35288
161;35302,35346,35366
1610;35404,35417
1610391519;35429
1611;35448,35469
1612;35481
1612787169;35494
1613;35513,35526
1614;35539
16154;35558
1616;35571
1618;35583
1619;35596
162;35609,35647,35659
1620;35679,35692
16204;35705
16214;35718
1623gt;35731
162433;35746
16264;35760
1627;35773,35785
16274;35798
1628;35811
16283;35823
163;35837,35873,35909
1630;35976,35989
16319;36001
1632;36014
1633;36027
1634;36039,36060
1635;36072,36093
1636;36105
1637;36118,36131
16374;36143
1638;36156
163805;36168
16384;36183
164;36196,36208,36220
1640;36257,36270
1642;36283
1645;36296
1646;36308
1647;36327
1648;36348
165;36361,36427
1650;36463,36484
16500;36497
1652;36511
16538932;36524
1654;36540
1656;36552,36573
1659;36585,36598
166;36611,36623,36659
1660;36684,36705,36718
1661;36730
1663;36743
16654;36756
1667;36770
166pp;36783
167;36797,36833,36858
1672;36942
1672nd;36963
1674;36977
1675;36989,37010
1678;37022,37043
168;37055,37075,37103
1683;37121
1685;37133
16854;37146
1686;37160
16863;37173
1688;37187,37200,37229
1689;37241,37254,37275
169;37287,37315
1690;37339
1691;37351
1692;37364
1694;37377,37398,37411
1695;37430,37443
1696;37456,37477,37490
16972;37501
16974;37515
16977;37528
1698;37542
1699;37555,37568
169ufpa;37580
16a;37596
16b;37608
16h;37626
16th;37638,37651,37696
17;37722,38317,38765
170;39427,39467,39479
1700;39523,39544,39557
1702;39569
1705;39582
1707;39595
1708;39608
1709;39621
171;39634,39654,39693
1710;39745,39758
1711;39771
1712;39784,39797
171206;39818
1713;39833,39846
1714;39867,39880,39893
1715;39905
17154;39926
1718;39939
1719;39951
172;39964,39976,40012
1720;40030
17214;40043
17224;40056
1723;40069
1724;40081
1725;40093
1727;40106
1728;40118
1729;40139
172d;40151
173;40164,40184,40268
1731;40279
1732;40298
17325786;40319
1734;40336,40365,40378
1735;40404,40417
1736;40430
1737;40442
1738;40455
174;40468,40486,40498
1740;40518
1742;40531
1744;40544,40557
1745;40569
17454;40581
1746;40595
17460;40608
1747;40621
1749;40634
175;40646,40674,40726
1750;40764,40793,40846
1751;40858
17524;40871
1753;40885
17534;40904
1754;40924,40945,40958
17554;40970,40984
17564;41004
1757;41018
17574;41031,41045
1758;41058
17584;41071
1759;41085,41098
17594;41111
175th;41124
175yo;41138
176;41151,41171,41207
1760;41232,41245,41266
17604;41278
1761;41292
1762;41304,41325
1763;41346,41367
1764;41379,41392
1765;41413,41442
17651;41454
17654;41468
1766;41482,41495
1769;41507
177;41533,41577,41602
1770;41630
1771;41651,41664
1772;41683,41696
1773;41715
1774;41736,41757
1775;41776,41789,41815
1776;41836,41857,41878
1777;41890
1777gt;41903
1778;41918,41939,41951
1779;41972
178;41993,42013,42041
1780;42094,42107,42136
1780270011;42148
1780336985;42166
1781;42185
1782;42206,42219,42240
1783;42251
1784;42272,42285,42306
1785;42325
1786;42338,42351
1787;42377
1788;42390,42403,42416
1789;42442,42463,42548
1789123054;42587
179;42605,42649,42677
1790;42695,42724,42742
1791;42779,42792,42813
179102;42832
1792;42847
1793;42868,42881
1794;42902,42915
1795;42934,42955,42984
1796;42996,43025
1797;43037,43050
1798;43069,43090,43103
1799;43121
17e;43133
17p13;43145
17th;43159,43180,43193
18;43232,43972,44467
180;45059,45084,45128
1800;45156,45185,45238
18000;45270
1801;45284,45297
1802;45309,45330
1803;45343,45356
1804;45375
1805;45387,45400
1806;45419,45432,45453
1807;45465
1808;45498
1809;45510,45523
181;45552,45580,45632
1810;45643
1811;45656,45677
1811177;45690
1812;45706,45743
1813;45755
1814;45774,45803,45824
18140;45843
1815;45857,45878,45915
1816;45927,45940
1818;45953,45982
1819;46001
182;46014,46050,46070
1820;46102,46123,46156
1821;46169,46182
1822;46207,46228,46241
1823;46253,46266,46279
1824;46305,46374,46403
1825;46435,46464
1826;46532,46545
1827;46563,46576,46605
18271;46617
1828;46631,46644,46673
1829;46699,46712
183;46731,46763,46775
1830;46795,46816,46853
1831;46872
1832;46891,46936
1833;46948,46985,46998
18334;47017
1834;47030
1835;47051,47065,47086
1836;47105,47126
1837;47145,47158,47171
1838;47197,47216,47229
1839;47258,47279
184;47291,47327,47379
1840;47404,47425,47438
1841;47477,47490,47511
1842;47530,47543
1843;47556,47577,47614
1843831252;47626
1843831929;47644
1843836289;47662
1844;47680,47693,47722
18449;47734
1845;47748,47761
1846;47772,47801
1847;47827,47848,47861
1848;47900,47921,47934
184823770;47953
1849;47970,47991,48004
184f;48023
185;48035,48095,48148
1850;48176,48261,48398
1851;48451,48477,48498
1851094407;48511
1851494553;48529
1852;48547,48576,48605
18520115;48624
1852740914;48641
1853;48659,48672
1853310840;48693
1854;48712,48733,48762
1855;48774,48803,48840
1856;48873,48939,49032
1857;49077,49103
1858;49116,49142,49163
1858450489;49184
1858581788;49202
1859;49221,49250
186;49274,49286,49310
1860;49330,49375,49428
1861;49489,49526,49555
186146;49573
1862;49587,49624,49645
1863;49657,49678,49691
1864;49709,49730,49748
1865;49769,49802,49831
1866;49892,49913,49934
1867;49967,50028
1868;50039,50076,50121
1869;50154,50175,50229
187;50248,50287,50299
1870;50343,50396,50466
1871;50520,50549,50586
1872;50619,50640,50685
1873;50697,50710
1874;50739,50752
1875;50764,50801,50838
1876;50857,50878,50910
18767870;50931
187688;50948
1877;50962,50991,51017
1878;51054,51083
1879;51116,51145,51206
188;51232,51244
1880;51296,51317,51336
1881;51373,51418,51455
1881396045;51495
18818262;51514
1882;51531,51560
1883;51600,51629,51650
1884;51674,51719
1885;51744,51757,51818
18858;51844
1886;51857,51879
1887;51898,51927,51964
18879;51990
1888;52004,52033,52093
1889;52138,52151,52252
189;52298,52326,52358
1890;52378,52407,52532
1891;52558,52731,52760
1892;52786,52831,52868
1893;52887,52924,52977
1894;53030,53059,53112
1895;53159,53196,53250
18953024;53303
1896;53320,53365,53426
1897;53459,53541,53586
1898;53655,53676,53793
1898404;53888
1898723936;53904
1899;53922,53967,54020
18th;54096,54133,54154
18thaward;54200
18yo;54217
19;54230,54801,55294
190;55884,55944
1900;55972,56057,56244
1901;56385,56414,56482
1901543153;56552
1901663558;56570
19018;56588
1902;56602,56663,56716
1903;56760,56829,56922
1904;56948,56961,57022
190401;57055
1904955347;57070
1905;57088,57125,57170
1906;57217,57294,57388
1906pv;57421
1907;57436,57473,57519
1908;57573,57618,57657
1909;57734,57795,57880
1909421014;57906
191;57924,57944,57969
1910;57997,58034,58079
1911;58119,58180,58281
191148;58356
1911cen;58370
1912;58385,58470,58571
1913;58708,58753,58806
191337;58873
1914;58888,58981,59055
1915;59180,59241,59302
1916;59349,59370,59423
1917;59441,59470,59557
1918;59626,59711,59762
1919;59823,59900,59954
192;59991,60011,60055
1920;60066,60127,60204
1921;60278,60339,60408
19217;60454
19218;60468
1922;60482,60527,60595
1923;60624,60669,60710
1924;60795,60848,60933
1925;60966,60995,61040
1925rout;61115
1926;61131,61164,61201
1927;61254,61275,61336
1928;61362,61415,61436
1929;61476,61529,61646
193;61718,61730,61798
1930;61809,61854,61943
1931;62012,62033,62078
1932;62088,62117,62170
1933;62243,62304,62365
1933a;62433
1934;62446,62499,62553
1935;62600,62653,62686
1936;62755,62808,62869
1936168;62930
1936a;62946
1937;62959,63044,63105
1938;63138,63207,63260
1939;63293,63394,63434
194;63560,63580,63612
1940;63664,63741,63816
1941;63917,64002,64048
194142;64179
1942;64194,64279,64333
1943;64418,64495,64534
1944;64587,64656,64729
1945;64830,64939,65021
1946;65154,65223,65277
1947;65378,65487,65555
1948;65696,65789,65864
1948a;65925
1949;65938,66007,66060
194th;66137
195;66151,66179,66211
1950;66247,66348,66449
1951;66509,66626,66693
1952;66762,66855,66927
1953;67012,67137,67155
1954;67256,67349,67458
1955;67504,67589,67668
1956;67745,67798,67866
1957;67903,67964,68038
19578;68107
1957map;68121
1958;68137,68238,68278
1958map;68364
1959;68380,68465,68524
196;68609,68645,68665
1960;68676,68769,68816
1960map;68901
1961;68917,69002,69070
1962;69147,69256,69338
1963;69471,69556,69633
1963draft;69652
1964;69670,69755,69842
1965;69943,70020,70089
1965map;70148
1966;70164,70281,70364
1967;70482,70543,70644
1967a;70729
1967draft;70742
1967map;70760
1968;70776,70901,71009
1968a;71094
1969;71108,71217,71300
197;71361,71389,71449
1970;71481,71654,71731
1971;71812,71865,71966
1972;72013,72088,72205
1972draft;72362
1973;72380,72441,72508
1973a;72585
1973b;72599
1974;72613,72674,72756
1975;72825,72943,73060
1975a;73185
1975d;73199
1975e;73213
1976;73227,73312,73400
1977;73485,73626,73742
1977a;73844
1977b;73858
1978;73872,73949,74082
1979;74283,74360,74477
19799;74558
198;74571,74615,74640
1980;74692,74929,75067
1980a;75160,75174
1980b;75187
1981;75201,75302,75404
1981a;75498
1982;75511,75628,75745
1982a;75854
1983;75868,76033,76094
1984;76182,76299,76407
1985;76517,76642,76807
1985a;76956
1986;76969,77102,77227
1986a;77338,77352
1986b;77365,77379
1987;77392,77525,77621
1988;77738,77839,77964
198848;78169
1989;78183,78308,78443
199;78529,78557
1990;78575,78740,78861
1990a;78994
1990b;79007
1991;79020,79137,79283
1991nyt;79424
1992;79440,79645,79775
19929;79956
1993;79969,80158,80337
1994;80526,80691,80787
1995;80969,81142,81356
1996;81642,81895,82074
1996a;82225
1996b;82245
1997;82258,82471,82657
1997a;82927
1998;82940,83121,83325
1998a;83603
1998b;83623
1998map;83636,83652
1999;83666,83871,84134
1999map;84524,84540
19de;84554
19f;84566
19may2013;84578
19th;84595,84675
1a;84720,84739
1apr17;84750
1april;84764
1b;84778
1d;84797
1da;84808
1ed;84819
1er;84831,84848
1h;84892,84903
1m32;84913
1million;84926
1q;84942
1quote1;84952
1r;84968,84987
1s;84997,85008
1st;85019,85127,85295
1to3;85372
1up;85385
1xtra;85396
