10;0,99,126
100;164,176,204
1000;222,235,256
1075;282
1094;295
10dl;308
10th;320,360
11;429,440,463
110;490
1121;508
113th;521,599
1148;645
1149;658
1169;671,684
11th;697,709
12;730,796,823
1202;914
1210;927
1239;940
1256;953
1266;966
1270;979
1286;992
1291;1005
12th;1018,1031
13;1043
1315;1054
1329;1067
1333;1080
1337;1093
1340;1106
1341;1119
1352;1132
1360;1153
1361;1166
1366;1179
1377;1192
1378;1205
1380;1218,1231
1388;1244
1390;1257
1391;1278
1394;1291
1396;1312
1397;1325
1399;1338,1350
13th;1371,1408,1429
14;1441,1460
1400;1470
1402;1491
1405;1512
1406;1525
1408;1554
1410;1567,1580,1593
1413;1605
1414;1617,1630
1415;1642
1416;1663,1684
1418;1696
1420;1725,1738,1751
1422;1763,1776
1423;1788,1801
1425;1813,1834
1426;1846,1859
1427;1871
1428;1884
1430;1897,1910
1431;1922
1432;1935
1433;1948
1437;1961
1443;1974
1446;1987
1451;2000
1455;2012
1456;2025
1483;2038
1485;2051
1487;2063
1490;2076,2089
1491;2101
1493;2113
1496;2125
1499;2138
14th;2151,2180,2345
15;2497,2556,2599
1500;2630
1502;2651
1507;2664,2677
1508;2689
1510;2701
1516;2722
1520;2735
1522;2748,2761
1524;2773
1529;2786
1530;2798,2811
1540;2824,2837
1541;2850,2863
1544;2875,2888
1545;2901
1550;2914,2927
1552;2939
1553;2952
1554;2971
1556;2983
1557;3002
1558;3014
1560;3026
1561;3038
1568;3051
1570;3064
1571;3077
1573;3090
1574;3103
1576;3116
1585;3128
1588;3141
1589;3154
1590;3166
1591;3178
1592;3190
1593;3203
1595;3229
15th;3242,3279,3388
16;3596
1600;3607
1601;3620
1608;3632,3645
1609;3657
161;3669
1610;3679,3692,3704
1612;3717
1614;3730
1616;3742,3755
1617;3774
1618;3786
1619;3799
1620;3812,3825
1621;3851
1625;3863
1626;3876
1627;3888
1629;3900
1630;3912
1635;3959
1635z;3971
1641;3985
1642;3998,4011
1645;4023,4044
1646;4056
1647;4075,4088
1650;4100,4121
1651;4134
1652;4147
1653;4160
1655;4173,4186
1657;4199
1660;4212,4225
1661;4236
1662;4249
1667;4262
1670;4275
1673;4288
1674;4300
1677;4313
1679;4326,4339
1681;4351,4364
1682;4376
1683;4388
1686;4401
1690;4413
1691;4425,4438,4451
1696;4463
1697;4476
1698;4489
16th;4502,4603,4713
17;4846
1700;4857
1701;4878,4891
1703;4903,4916
1705;4928,4949
1707;4968
1709;4981
1710;4994
1712;5006
1713;5027,5040,5061
1715;5073
1716;5086,5099,5112
1717;5131
1718;5144,5157
1720;5176
1723;5188,5201,5214
1724;5226
1725;5239
1726;5251,5272
1727;5284
1728;5296
1729;5317
1730;5330,5343,5364
1731;5376,5397
1733;5416
1734;5437,5458
1735;5477
1738;5489,5510
1739;5522
1740;5543,5556
1742;5568
1743;5589,5602,5615
1745;5627,5640
1746;5653
1750;5665
1751;5678
1753;5691,5703
1754;5716
1755;5728,5741
1756;5753,5766
1757;5785
1758;5806,5827
1759;5840,5853
1760;5872,5885
1761;5897
1763;5909
1764;5922,5935
1765;5954,5967,5992
1766;6013,6026,6047
1767;6059,6072
1768;6083,6096
1770;6109
1771;6130
1772;6143
1773;6155,6176,6197
1775;6209,6230,6242
1776;6271,6284,6297
1777;6309
1778;6322
1779;6333,6346
1780;6359,6404,6416
1781;6437
1782;6450,6463,6484
1783;6510
1784;6531
1785;6544
1786;6557,6578
1787;6590
1788;6619,6632
1789;6658
1790;6670,6696,6709
1791;6738,6759
1792;6772,6801,6824
1793;6837,6850
1794;6887,6900
1795;6937,6974
1796;7019,7048
1797;7067
1798;7079,7100,7113
1799;7125,7146
17th;7165,7234,7400
1800;7477,7490,7527
1801;7553,7566
1802;7643,7662,7675
1803;7688,7701,7714
1804;7733,7759
1805;7772,7801
1806;7813,7834,7847
1807;7859
1808;7871,7884
1809;7903,7916
1810;7961,7974,7987
1811;8034,8063
1812;8096,8117,8138
1813;8157,8170
1814;8182,8227
1815;8240,8253,8274
1816;8286,8299,8320
1817;8339
1818;8360
1819;8373,8386
182;8399
1820;8435,8464,8490
1821;8511,8532,8550
1822;8571
1823;8608,8621,8642
1824;8667,8704,8725
1825;8737,8763,8776
1826;8797,8826
1827;8976,8989,9002
1828;9014,9027
1829;9038,9064,9077
1830;9098,9119,9156
1831;9208,9221,9258
1832;9270,9283,9296
1833;9315,9368,9413
1834;9431,9460,9481
1835;9506,9527,9700
1836;9711,9724,9737
1837;9770,9791,9816
1838;9861,9874,9887
1839;9906
1840;9932,9953,10006
1841;10051,10064,10085
1842;10111,10124,10153
1843;10165,10178,10191
1844;10224,10269,10306
1845;10338,10375,10388
1846;10400,10413,10426
1847;10452,10497,10535
1848;10556,10569,10590
1849;10602,10615,10636
1850;10662,10675,10704
1851;10736,10773,10794
1852;10806,10851,10876
1853;10937,10991,11020
1854;11049,11078,11123
1855;11142,11181,11210
1856;11271,11284
1857;11317,11370,11415
1858;11434,11447,11468
1859;11485,11579,11624
1860;11653,11770,11927
1861;12060,12113,12158
1862;12184,12237,12312
1863;12413,12546,12583
1864;12770,12823,12868
1865;12901,12970,13055
1866;13085,13132,13169
1867;13198,13219
1868;13240,13269,13309
1869;13322,13359,13383
1870;13404,13568,13677
1871;13722,13743,13764
1872;13797,13874,13943
1873;13976,14021,14042
1874;14060,14073,14102
1875;14142,14219,14306
1876;14359,14404,14437
1877;14450,14495,14532
1878;14572,14657,14718
1879;14770,14839,14878
1880;14899,14952,14981
1881;15146,15183,15212
1882;15257,15297,15326
1883;15371,15392,15437
1884;15483,15544,15625
1885;15662,15715,15768
1886;15840,15869,15909
1887;15946,15983,16004
1888;16030,16112,16141
1889;16170,16191,16230
1890;16259,16280,16341
1891;16491,16536,16565
1892;16597,16722,16735
1893;16787,16832,16885
1894;16917,16962,17015
1895;17062,17115,17192
1896;17218,17247,17300
1897;17354,17399,17452
1898;17484,17513,17598
1899;17635,17656,17685
18th;17704,17781,17914
19;18023
1900;18047,18422,18467
1901;18512,18587,18632
1902;18669,18698,18743
1903;18811,18864,18931
1904;18976,19029,19090
1905;19143,19212,19287
1906;19340,19449,19488
1907;19573,19626,19663
1908;19738,19799,19902
1909;19971,20058,20175
1910;20220,20305,20414
1911;20515,20648,20688
1912;20741,20850,21002
1913;21079,21132,21209
1914;21261,21354,21407
1915;21517,21625,21678
1916;21739,21760,21837
1917;21898,21951,22026
1918;22087,22180,22249
1919;22337,22414,22474
1920;22535,22644,22808
1921;22941,23044,23121
1922;23174,23291,23394
1923;23423,23532,23592
1924;23645,23770,23823
1925;23883,23984,24061
1926;24129,24294,24348
1927;24369,24422,24451
1928;24511,24612,24700
1929;24729,24838,24905
1930;24982,25139,25386
1931;25503,25564,25609
1932;25677,25762,25891
1933;25936,25997,26079
1934;26148,26185,26266
1935;26319,26380,26481
1936;26558,26627,26680
1937;26748,26801,26878
1938;26955,27008,27061
1939;27135,27196,27255
1940;27348,27481,27681
1941;27782,27883,27951
1942;27980,28073,28183
1943;28276,28353,28460
1944;28537,28614,28715
1945;28776,28869,28946
1946;29006,29099,29188
1947;29281,29430,29571
1948;29644,29737,29819
1949;29912,29989,30092
1950;30177,30358,30453
1951;30650,30719,30878
1952;31003,31085,31282
1953;31343,31460,31527
1954;31580,31665,31719
1955;31852,32009,32097
1956;32198,32307,32361
1957;32462,32531,32616
1958;32725,32826,32894
1959;32979,33144,33226
1960;33327,33516,33668
1961;33865,33998,34107
1962;34256,34373,34509
1963;34602,34735,34829
1964;35026,35215,35352
1965;35541,35722,35825
1966;35910,36059,36112
1967;36191,36268,36375
1968;36476,36593,36690
1969;36767,36908,37017
1970;37155,37392,37605
1971;37754,37871,37993
1972;38094,38203,38304
1973;38475,38616,38725
1974;38786,38855,38977
1975;39086,39267,39437
1976;39538,39703,39850
1977;39951,40148,40244
1978;40369,40646,40763
1979;40880,41021,41229
1980;41362,41671,42002
1981;42279,42420,42548
1982;42633,42710,42812
1983;42921,43042,43199
1984;43348,43529,43705
1985;43854,44011,44133
1986;44274,44455,44612
1987;44769,44934,45088
1988;45245,45394,45483
1989;45616,45805,45995
1990;46176,46509,46796
1991;47041,47238,47396
1992;47537,47830,47953
1993;48150,48419,48599
1994;48820,49049,49236
1995;49409,49574,49757
1996;49890,49967,50068
1997;50183,50292,50441
1998;50556,50665,50796
1999;50865,51046,51313
19cg;51686
19th;51699,52310,52539
1da;52832,52844
1fowlea;52856
1st;52871,52891,52927
