20;0,19
200;36
2000;47,68
2001;89,102,115
2002;127,140
2003;171,200
2004;219,248,261
2005;273,286,319
2006;332
2007;353,382
2008;403,432
2009;458,470
2009606;491
2010;507,560,579
2011;616,637,674
2012;727,796,828
2013;873,926,985
2014;998,1203,1358
2015;1587,1616,1685
2016;1744,1797,1858
2017;1896,1917,1929
2018;1974,1987
201842;2013
2019;2027,2040,2073
2024;2086
202963;2099
2033;2113
2035;2126
203775;2139
20427;2154
204873;2168
205031;2183
206339;2198
2066141;2212
2080359;2227
208246;2243
20th;2258
21;2269,2280
210;2297
210271;2308
210974;2323
211019;2336
21119;2350
21121;2364
2118624;2378
21246;2393
2127;2407
213;2420
213246;2432
213878;2446
21411059;2461
214923;2477
215087;2491
2161511;2506
21630;2522
217610;2536
217930;2551
2188913;2566
2190232;2582
2193191;2598
219561;2614
219759;2628
22;2643,2670
22047236;2681
2206188;2698
2217380;2714
222648;2730
2228168;2745
2231630;2761
2240046;2776
2254074;2791
2267712;2807
227242;2823
2274;2837
228;2850
229667;2862
2297719805;2877
22984;2896
2299206;2910
229975;2926
23;2941,2964,2975
230196;3010
2302739;3025
2303;3041
2306299;3054
2310332;3070
23175;3085
2336104;3098
233627;3113
2349395;3128
2353;3144
236049;3156
236231;3171
2363043;3186
23632;3202
236411;3215
23646820;3230
237;3247
2371399;3259
237191;3275
2373827;3290
23795;3306
2388422;3319
2392343;3334
2392810;3349
24;3364,3375
2417854;3394
241907;3410
242801;3425
243317;3439
245104;3454
2453;3466
2457408;3479
2457450;3495
246546;3511
2465578;3525
2496976;3540
2498340;3555
25;3571,3622,3633
250;3657,3669
250027242;3681
250042199;3699
250050100;3717
250060067;3734
250067324;3752
250098599;3770
2510434;3788
251097;3803
251104;3818
25162;3833
2517658;3847
252;3862
25237;3874
2524674;3888
2527;3904
25274;3917
253168;3930
253197;3944
2538130;3959
25414;3975
2548;3989
2554997;4001
2560;4017
256791;4029
256792;4043
2568196;4058
2569;4074
257290;4087
2588592;4102
26;4117,4128
2606873;4145
2608525;4160
2620667;4176
2624;4192
2626964;4205
2631926;4220
263679;4236
2655905;4251
2663568;4267
2664264;4283
2671105;4299
2671106;4315
26787;4330
2683171;4344
268938;4359
2692622;4374
26995;4390
27;4403,4422,4433
2714;4450
2728672;4463
273051;4479
27395;4494
2750780;4507
2754;4523
2776106;4536
2786956;4552
2789926;4567
279127;4582
27958;4596
27th;4610
28;4623,4642,4669
2802850;4692
280989;4708
28213;4723
2826;4736
282830;4749
2835616;4764
28383;4779
28388;4793
28395;4807
28400;4821
28408;4835
28418;4849
2843374;4863
284555;4878
28483;4893
2854226;4907
285844;4922
285850;4937
287500;4952
287544;4966
288065;4981
288093;4996
288182;5010
2890;5024
289430;5036
289480;5050
29;5064,5099,5126
291387;5136
2929890;5151
29302;5167
293169;5181
2937960;5196
29381;5211
29382;5225
29383;5239
29384;5253
29385;5267
29386;5281
29387;5295
29388;5309
29389;5323
29390;5337
29391;5351
29392;5365
29393;5379
29394;5393
29395;5407
29396;5421
29397;5435
29398;5449
29399;5463
29400;5477
29409;5491
29410;5505
29411;5519
29412;5533
29413;5547
29414;5561
29415;5575
294157;5589
294739;5603
2949578;5618
2960930;5633
296232;5648
2963254;5663
296478;5679
2967634;5693
2976472;5708
299157;5724
2992538;5738
299846;5753
2c;5767
2p;5786
2rx0jupu;5796
