90;0,115,216
900;371,391
9000;402
90000275;415
90027;431
9004156291;445
9004166238;463
9004210652;482
90049;501
9010;515
90210;527
905;541,553
9053567925;565
90556;584
905703431x;598
90810;616
909;629
909086;641
90z;656
91;667,806,893
910;960
9100;972
911;985
913;997
914;1017
915;1037
915146;1049
915707;1064
9168;1079
917535;1092
918;1107
919;1118
92;1130,1213,1272
92000260;1363
92001253;1379
921;1396
922;1407
922685;1427
923352;1442
924;1457,1469
925;1480
92556;1492
925711;1505
926245;1520
928155;1535
92nd;1550
93;1569,1780,1922
930;1981,1993
93026;2005
930sum;2018
932616;2033
933253;2048
934;2063
935;2075
9358;2086
936;2099
937;2111
939;2131
94;2142,2217,2283
94007;2342
942576;2356
943;2371
945;2383
94613;2395
946372;2408
946681;2422
949336;2436
95;2450,2517,2560
9501345;2605
9502;2621
9509341;2640
951;2656
952;2668
953;2680
955;2691
95523;2702
957;2716
95904;2728
96;2742,2809,2861
960;2944
960142;2956
9602080;2970
960794;2986
9608924178;3000
9636409;3019
969;3039
969305;3059
97;3073,3124,3207
970;3273
970916;3285
971;3300
971072276x;3311
9721;3330
9728001;3343
973;3359
97345;3379
974;3401
975;3413,3425
97555;3436
9779;3450
978;3463,3619,3819
97865;3991
98;4005,4080,4153
982;4204
9832;4216
984;4229,4249
985;4267
986405;4279
987;4293,4313
989;4324
99;4336,4416,4451
990;4534
990ez;4545
99276;4558
995;4571
9952;4583
9958;4596
997;4609
997now;4621
9981023;4635
999;4651,4663
99938;4688
999941232;4702
99th;4720
9a;4733,4744
9b;4755
9c;4766
9d;4777
9go;4788
9m2013;4800
9queen;4815
9school;4830
9th;4846,4906,4934
