2 0;0,11
2 essay;23
2 factor;38
2 jpg;55,77
2 ogg;97
20 jpg;111
20;126,193,220
200;271,283,327
2000 jpg;393
2000;410,431,460
2001;514,535,556
2002 jpg;575
2002;592,645,690
2003 jpg;730
2003;746,807,836
2004 jpg;904
2004;921,982,1003
2005;1070,1107
2006;1139,1200,1229
2007;1290,1327,1348
2008 jpg;1395
2008;1412,1441,1494
2009 jpg;1541,1558
2009;1575,1604,1651
2010  jpg;1688
2010 jpg;1704
2010;1721,1750,1787
2011 jpg;1820,1837,1854
2011;1870,1915,1955
2012;1992,2069,2162
2013 14;2216
2013 jpg;2232
2013 png;2273
2013;2310,2459,2618
2014  jpg;2791
2014  png;2809
2014 jpeg;2827
2014 jpg;2845,2902,2919
2014 pdf;2963
2014 png;2979,3012,3056
2014;3073,5014,6023
2015;7212,7273,7358
2016;7411,7528
2017;7557
2019;7570
202 jpg;7583
202;7597
2021;7608,7621
203;7634
204;7645
2065;7657
20th;7670,7691
21;7703,7730,7782
210;7801
2106;7813
215721;7826
2195;7841
21956;7854
21st;7867,7912
22;7924,8015,8026
227;8057
22nd;8069,8082,8095
23;8114,8197,8232
23rd;8249
24 cell;8260
24 hour;8282,8298
24;8313,8412,8473
240;8508
245;8520
247;8532
24th;8552
25;8570,8637,8664
250;8722,8734
252;8762
256;8773
258th;8785
259;8799
25th;8811,8832
26;8844,8879,8954
27;9013,9056,9115
279;9194
28;9214,9289,9308
288 cell;9331
29;9356,9439,9450
298;9467
2a;9479
2b;9489
2cba;9499
2d;9512
2ggo;9527
2gzf;9540
2hil;9553
2k15;9566
2lff;9579
2me;9592
2nd;9604,9704,9805
2ne1;9881
2pat;9894
2ski;9907,9920
2the;9933
2uuu;9945
