00;0,188,409
000;596,856,1112
00000;1510
000000;1524,1603,1645
00001632;1700
000040;1717
000080;1732
00008b;1746
0000c0;1761
0000cd;1776
0000d2;1791
0000ff;1806,1853
0002;1884
000248;1897
000283;1911
0008;1926,1939
000d39;1951
000rp;1965
001;1978,1990,2026
0018;2037
002;2049,2061,2073
002366;2084
0024;2099
002868;2112
002bbe;2127
003067;2141
0031;2156
003399;2168
004;2183,2195,2207
0047ab;2218,2233
0049;2247
005;2260
00528;2272
00529;2286
00543;2300
00596;2314
006;2327
006030;2347
006162;2361
006233;2376
006500;2390
0066cc;2404
007;2419
00703c;2431
007118;2445
0074;2459
0077ff;2471
0079;2486
007ac2;2499
008;2513,2533
008000;2545
0084ca;2560
008be3;2575
009;2590,2602
0096;2614
009900;2627
009933;2642
0099cc;2657
009e60;2672
009f00;2685
00a1d7;2700
00a1f1;2715
00b0e2;2730
00bd00;2745
00bfff;2760
00fff7;2781
01;2796,3200,3580
010;4063
0100;4074
01000343;4087
01001098;4104
01001102;4121
01001149;4138
01001272;4154
01001550;4171
01001551;4188
0108;4205
0115;4218
012;4231,4243
01251;4261,4283
01299;4297
013;4311,4323
013045;4335
014;4350
0143122784;4361
01490;4379
015;4393
0151;4405
01552;4418
01553338;4431
0157;4448
01591;4461
017;4474
01745;4494
0178;4516
01796f;4529
01924;4543
01933;4557,4571
0194;4593
019444;4606
019496;4620
02;4633,4893,5206
020;5641
0208;5653
021;5666
021efn;5678
023;5692
024;5704,5716
024684;5736
027;5750
0273;5761
028;5773,5784
02844;5796
029;5809
02908;5820
02b;5834
02do;5846
03;5859,6094,6367
03000773;6722,6747
0305;6770
0307599803;6783
0307960498;6802
0316;6820
0320;6833
0321;6846
0324;6858,6871
033;6904,6916
03474;6928
036;6942
0360;6954
039;6966
03972;6978
039780;6992
03c;7006
03f;7018
04;7030,7530,7902
040;8305,8317
04000127;8328
04000658;8344
04000678;8361
0405;8378
0405z;8391
041;8405
042;8417
043;8429
044;8449
0446;8461
045;8474
04562;8486
046;8499,8511
0474;8522
047958;8535
048;8548
0495;8560
04985;8573
05;8587,8927,9255
050;9626,9638
05000285;9650
05000517;9667
05000569;9684
051;9701
0513;9721
051900;9733
054;9747
0540a0;9759
05446;9774
0549;9788
055;9801
057;9813
0571;9825
058;9838
0597;9850
05em;9895
06;9908,10151,10480
060;10923,10935
06000827;10946
06001041;10963
061;10980
0614;10992
061586;11004
065;11018
06681;11030
067;11043
0692;11054
07;11067,11390,11669
07000543;12048
07000974;12065
07001353;12081
071900;12097
0732;12111
07459;12124
07517c;12138
077;12153,12165
07779;12176
077812;12188
079;12202
08;12214,12497,12737
080;13068
08000621;13088
081;13105,13117,13129
0814;13140
0816;13153
0823191;13164
082567;13180
08263;13194
0827;13207
083200;13220
08332;13235
084;13249
084583;13261
0848;13276
08488525;13289
085;13306
08517;13317
0857533524;13331
087;13349
08ff29;13360
09;13375,13626,13902
0904014488;14225
0909;14243
09124;14256
093;14270
0931;14282
0941;14295
095;14308
099;14320
099414;14332
0b27b8fd;14347
0em;14363,14383
0ex;14394
0f3;14406
0gbp;14418
0p;14431
0px;14442
0ref;14454
0wh;14466
