90;0,1396,2507
900;4153,4350,4570
9000;4822,4867
900032;4879
900085;4894
9001;4909,4930
900116;4951
900154;4966
9002;4981
900253;4993
900276;5008
90028;5023
9003;5036
90037;5049
900391;5062
9004;5077
9004131469;5090
9004174559;5109
900421;5128
900482;5143
90049;5158
900505;5172
900620;5187
9008;5202
900993;5215
900th;5230,5244,5258
901;5271,5291,5337
9010;5397
90103354;5410
901077;5427
901253;5442
901291;5457
901321;5472
9014519453;5487
901663558;5505
901703;5523
901779;5538
901909;5553
901932;5568
902;5583,5611,5671
90200105;5731
90200183;5748
90200213;5765
902084;5782
90210;5797
902122;5811
902222;5826
902283;5841
90228596;5856
9023;5872
902390;5885
9024;5900
902466;5913
90247334;5928
9025;5945
90256;5958
90265;5972
9027;5986
902800;5999
902888;6014
902931;6029
903;6044,6064,6084
903065177;6135
903175;6153
90332;6168
90346;6182
903481;6195
9035;6210
903572;6223
9036;6238
903618;6251
90368638;6266
903717;6283
903831;6298
904;6313,6341,6433
904083;6444
90409;6459
904160;6473
9042;6488
9042008156;6501
90422924;6519
904243;6536
904259;6551
9042635;6566
9043;6581
904396;6594
904536;6609
904722;6623
904794;6638
904831;6653
90487;6668
904878;6682
904890;6697
9049;6712
904935;6725
904984;6738
905;6753,6797,6849
9050;6867
905022;6880
905067;6895
90510;6910
905103;6923
90517144;6938
9051717;6954
9053;6969
905337;6982
905357;6997
905396;7012
905403;7027
905458;7042
90551;7056
905571;7070
905609;7085
905640;7100
905670;7115
9058;7130
905800;7143
90583;7158
905846;7172
905853;7187
905869;7202
9058710337;7217
905945;7235
90597975;7250
906;7266,7294,7326
906040;7370
90608;7384
90619946;7397
9062;7413
906227;7425
90632227;7440
90656078;7457
906570;7473
906593;7488
906605;7503
906715;7518
90674;7533
90675;7547
906792;7561
9068;7576
906891;7588
906898;7603
9069;7618
906906;7631
907;7646,7658,7718
907021;7757
9070639;7772
907127;7787
907206;7802
907242;7817
9072637275;7832
9073;7851
907338;7864
90734145;7879
907433;7896
907501;7911
907516;7926
907526;7941
907555;7956
907669;7971
907677;7986
907738;8001
90779;8016
907829;8030
907837;8045
90784;8060
907845;8074
907860;8089
90789065;8104
907898;8121
907974;8136
907982;8151
907990;8166
908;8181,8220
908020;8272
908028;8287
908035;8302
908051;8317
908188;8332
908195;8347
9083616138;8362
908363;8380
908379;8395
908386;8410
908401;8425
90843;8440
908455;8454
908463;8469
908485;8484
908493;8499
9085;8514
9085066538;8527
908539;8546
908546;8561
908577;8576
908607;8591
908630;8606
908653;8621
908714;8636
908722;8651
90876;8666
908760;8680
908852;8695
908864;8710
908875;8725
908936;8740
908981;8755
908997;8770
909;8785,9117,9521
909042;9813
909058;9828
909065;9843
909096;9858
909149;9873
909164;9888
909271;9903
909294;9918
90932;9933
909332;9947
909363;9962
909370;9977
909386;9992
909409;10007
909416;10022
909431;10037
909462;10052
909492;10067
909516;10082
909538;10096
909561;10111
9096;10126
909676;10139
909691;10154
909714;10169
90973;10184
909752;10198
909790;10213
909792;10228
9098;10243
9098122716;10256
909821;10274
90985191;10289
909894;10306
909935;10321
909943;10336
90ana;10351
90c090;10364
90ee90;10379,10442,10505
90em;10575
90k;10588
90million;10600
90px;10618,10631,10649
90th;10663,10708,10729
91;10747,11235,11735
910;12283,12311,12347
9100;12406
910080;12427
910179;12442
910187;12457
91027;12472
910271;12486
91029986;12501
910401;12518
910446;12532
910500;12547
910553;12562
9106;12577
91064104;12589
910805;12606
910965;12621
911;12636,12664,12708
9111;12740
911125;12753
91116;12768
911285;12782
911293;12797
911331;12812
911354;12827
911362;12842
911598;12857
91163;12872
911797;12886
9118;12901
911873;12914
911919;12929
911948;12944
911957;12959
911972;12974
912;12989,13009,13062
912038;13106
91204494;13121
91208;13138
912109;13151
912178;13166
9122;13181
912247;13194
912292;13209
9123;13224
912338;13237
912376;13252
912407;13267
912498;13282
9125;13297
912532;13318
912575;13333
9126;13348
91262;13361
91268;13375
912697;13389
9128;13404
912865;13417
912956;13432
913;13446,13490,13536
913040;13596
913078;13611
913139;13626
913193;13641
913200;13656
913239;13671
913261;13686
913300;13701
91335;13716
913361;13729
913368;13744
91338;13759
913460;13773
913475;13788
913589;13803
913635;13818
91367233;13833
913712;13849
913719;13864
91375;13879
913750;13893
913765;13908
914;13923,13975,14027
9140;14066
9140006;14079
914015;14094
914052;14109
91406;14124
914078;14138
914131;14153
914146;14168
914167;14183
914330;14198
914406;14213
914436;14228
914474;14243
9145;14258
91454;14271
91455;14285
91459;14299
914602;14313
914612;14328
91468;14343
914734;14357
91481;14372
914810;14386
9149106145;14401
914917;14419
914970;14434
914986;14449
914993;14464
914ce;14479
914th;14493,14524
915;14538,14566,14618
915009;14657
915047;14672
915108;14687
915138;14702
915169;14717
915306;14732
91533518;14747
915436;14763
915504;14778
915520;14793
915543;14808
9156;14823
915756;14844
915817;14859
915939;14874
916;14889,14917,14962
916206;15006
916222;15021
916420;15036
916603;15051
916641;15066
916667;15081
9167;15095
916847;15108
916908;15123
917;15138,15174,15234
9171;15284
917107;15303
91719365;15318
917213;15334
917274;15349
9172ec;15364
917320;15378
917376;15393
917397;15408
9174;15423
917694;15436
917743;15451
917831;15466
9179;15481
917900;15494
917923;15509
91797;15524
918;15538,15574,15635
918002;15671
918152;15686
918190;15701
918236;15716
91829909;15731
918419;15748
918465;15763
9185;15778
9185396001;15791
91860;15810
9187;15824
918854;15837
918907;15852
918991;15867
919;15882,15910,15994
9190;16026
9190144494;16039
919037;16058
9191;16073
919250;16086
9193;16101
919334;16114
919365;16129
9194;16144
919464;16157
919487;16172
91949;16187
919579;16201
919579778;16216
919594;16233
919647;16248
919678;16263
9197;16278
919792;16291
919815;16306
919846;16321
919868;16336
919975;16351
919th;16366
91a3b0;16386
91st;16402
91zm;16420
92;16432,16913,17502
920;18178,18198,18244
9200;18272
9201;18284
92021;18297
920219;18311
920227;18326
920259;18341
92027;18356
920273;18370
920280;18385
92028522;18400
920334;18416
920341;18431
92036;18446
920418;18460
920532;18475
920547;18490
920578;18505
920670;18520
920677;18535
920715;18550
920753;18565
920799;18580
920929;18595
920950;18610
921;18624,18660,18698
9210;18734
921013;18747
921028;18762
921143;18777
921196;18792
921295;18807
921303;18822
921310;18837
921349;18852
921356;18867
921394;18882
921494;18897
921532;18912
921537;18927
921562;18942
921570;18957
921577;18972
921593;18987
921608;19002
921654;19017
921669;19032
921677;19047
9217;19062
921735;19075
921753;19090
921814;19105
92184;19120
921870;19134
921982;19149
922;19164,19195,19231
922017;19267
922043;19281
922046;19296
922096;19311
922249;19326
922256;19341
922356;19356
922371;19371
9224;19386
92242;19399
922531;19413
922539;19428
922569;19443
922585;19458
922685;19473
922737;19488
922775;19503
922813;19518
92299;19533
923;19547,19583,19627
923149;19638
92318;19653
923187;19667
923477;19682
923500;19697
923698;19712
923706;19727
923714;19742
923721;19757
9238034957;19772
923882;19791
923967;19806
923997;19821
924;19835,19887,19939
924049;19984
9241;19999
924126;20012
924377;20027
924522;20042
924545;20057
924576;20072
9245f1;20087
9246;20102
9246443;20115
924759;20130
924835;20145
92488;20160
9249;20174
924965;20185
924980;20200
925;20215,20267,20313
9250;20373
925018;20386
925041;20401
925072;20416
9251;20431
925133;20444
925247;20459
92526;20474
925262;20488
925346;20503
925369;20518
925392;20533
9254174232;20548
92544484;20566
925476;20582
92549;20597
925499;20611
925575;20626
925583;20641
925636;20656
925667;20671
925711;20686
925713;20701
925758;20716
925819;20731
925835;20746
925911;20761
925919;20776
9259351;20791
925957;20807
925972;20822
92598;20837
926;20851,20895,20931
926003;20969
926010;20984
92603;20999
926086;21013
92609;21028
926117;21042
926125;21057
926201;21072
9262422323;21087
926277;21105
92628;21120
926318;21134
92633;21149
9264;21162
926422;21175
926463;21190
9265;21205
926598;21218
926620;21233
926643;21248
926651;21263
9267;21278
926765;21291
926773;21306
926811;21321
926872;21336
92688;21351
926918;21365
926930;21380
926949;21395
926971;21410
926987;21425
927;21440,21468,21528
9270;21572
92700;21586
92701;21600
927017;21613
92710;21628
927147;21641
927162;21656
927177;21671
927190;21686
92737;21701
9274;21715
927444;21728
9274472;21743
927467;21758
927513;21773
927597;21788
927696;21803
927711;21818
927727;21833
927742;21848
927765;21863
927780;21878
927818;21893
927856;21908
927864;21923
927940;21938
928;21953,21989,22033
928123;22071
928162;22086
928274395;22101
928358;22118
928360;22133
928421;22148
928505;22163
928635;22178
928654;22193
92866009;22207
92873;22223
928762;22237
928894;22252
9289;22267
929;22280,22300,22328
929115;22374
929146;22389
9292;22404
929223;22417
929292;22432
92944;22447
929588;22460
929863;22475
929970;22490
929981;22505
929982;22520
92ff00;22535
92final;22550
92nd;22566,22579
93;22591,23034,23534
930;24227,24279,24303
9300;24379
930014;24392
930313;24406
930328;24421
930397;24436
930428;24451
930557;24466
930809;24481
930893;24496
930931;24511
930939;24526
93095;24541
930954;24555
931;24570,24606,24658
931088;24710
931091;24725
931152;24740
93117404;24755
931206;24771
931221;24786
931237;24801
931259;24816
931335;24831
931557;24846
931602;24861
9316383004;24876
93176;24894
931808;24908
931839;24923
931908;24938
931916;24953
931944;24968
931971;24983
931984;24998
932;25013,25038,25098
932098;25118
932182;25133
932338;25148
932342;25163
932344;25178
932457;25192
93249355;25207
93252;25224
932587;25238
932785;25253
932792;25268
932793;25283
932831;25298
9328721166;25313
933;25331,25367,25411
9332;25483
933243;25496
9333;25511
933304;25524
933333;25539
93337297;25554
933416;25570
933517;25585
933556;25600
933633;25615
933640;25630
9337291;25645
933762;25660
9338259101;25675
933886;25693
933914;25708
933945;25723
934;25738,25774,25813
934044;25857
934204;25872
934219;25887
934242;25902
93426;25917
934273;25931
9342856;25946
934319;25961
934387;25976
934456;25991
934517;26006
93457064;26021
93462;26038
934662;26052
934685;26067
934692;26082
9347;26097
934770;26110
934921;26125
934937;26140
934998;26155
935;26170,26190,26242
93500;26286
935066;26299
935149;26314
93516;26329
9352268;26343
935287;26358
935517;26373
935524;26388
935536ff;26403
935555;26420
935631;26435
935656;26450
935674;26465
935715;26480
935744;26495
935875;26510
935913;26525
935951;26540
936;26555,26591,26635
936005;26660
936119;26675
93615216;26690
93620;26706
936211;26720
93627;26735
936317;26749
936333;26764
9365194;26779
936729;26794
936768;26809
936c29;26824
937;26852,26888,26948
93702;26973
93717;26986
937202;27000
937241;27015
937263;27030
9374;27045
937401;27058
937442;27073
937553;27088
937561;27103
937577;27118
937637;27133
937641;27148
93769;27163
937721;27177
937729;27192
937881;27207
937943;27222
938;27237,27289,27341
938095;27373
938232;27388
938257397;27403
938271;27421
93833;27436
9384;27450
938568;27463
938601015;27478
938660;27495
938752;27510
938843;27524
938941;27539
939;27554,27598,27626
939034;27651
93907356;27666
939079;27683
939346;27698
93943;27713
939529;27727
93952935;27742
939636;27758
939674;27773
939690;27788
9397;27803
939743;27816
939774;27831
939812;27846
939896;27861
93b;27876
93c73e;27888
93ff;27903,27916
93rd;27929,27950
93zm;27963
94;27975,28391,29114
940;29801,29838,29890
940018;29943
940024;29958
940056;29973
940063;29988
940269;30003
940338;30018
940367;30033
940376;30048
940422;30063
94042456;30078
940437;30094
940491;30109
940514;30124
940544;30139
940689;30154
940742;30169
940910;30184
940948;30199
941;30214,30250,30302
941002;30340
941017;30355
9411;30370
941125;30383
941193;30398
941216;30413
94125795;30428
941270;30444
941277;30459
941368;30474
941475;30489
9415;30504
94152;30517
941605;30530
94167;30545
941673;30559
941681;30574
941849;30589
941872;30604
94187957;30619
941944;30635
941948;30650
942;30665,30685,30713
942085;30729
942093;30744
942223;30759
9423;30774
942352;30787
942490;30802
9425;30817
942551;30830
94259;30845
942787;30859
942879;30874
942947;30889
943;30904,30948,31008
943039;31033
943083;31048
9431;31063
943301;31076
943489;31091
943497;31106
9435;31121
943665;31134
9436689019;31149
943718;31167
943764;31182
943810;31197
943910;31212
9439676404;31228
944;31246,31282,31310
944069;31341
944084;31356
944145;31371
944214;31386
944321;31401
944511;31416
94456;31431
944588;31445
944618;31460
944702;31475
944717;31490
944771;31505
944817;31520
944908;31535
944931;31550
945;31565,31593,31661
9450;31686
945007;31698
94509;31713
94512386;31727
945137;31744
945168;31759
945312;31774
94565;31789
94566;31802
945663;31816
94573799;31831
94577;31848
945824;31862
945999;31877
946;31892,31944,31976
9460010642;32052
946022;32071
946106;32086
946159;32101
946266;32116
946447;32131,32146
946556;32161
946648;32176
946693;32191
946770;32206
946851;32221
946854;32236
94686;32251
947;32265,32309,32361
947067;32386
947121;32401
9471881986;32416
9473193;32434
947350;32449
947383;32464
947395;32478
947533;32493
947617;32508
947754;32523
947762;32538
947778;32553
947815;32568
948;32583,32619,32687
948090;32733
9481;32748
948235;32761
948311;32776
948341;32791
948410;32806
948463;32821
948471;32836
948486;32851
94857;32866
9487;32879
948753;32892
948797;32907
948799;32921
94883;32936
948868;32950
94894504;32965
949;32982,33026,33054
9490533;33092
949104;33108
949135;33123
949219;33138
949272;33153
949326;33168
949341;33183
94945;33198
9495;33211
949524;33223
949554;33238
949814;33253
9498158;33268
949844;33292
94th;33307,33320,33333
95;33345,34302,35594
950;36889,36965,37058
9500;37126
9500345;37145
9500729308;37160
950073;37179
950096;37194
950104;37209
9502;37224
950209;37237
9502287;37252
9502541423;37268
950366;37286
9506;37301
950638;37314
950676;37329
9507;37344
950714;37355
95074;37370
9507648349;37384
950790;37402
9508;37417
95085;37430
950867;37443
950966;37458
95099;37473
950rsa;37487
951;37502,37554,37599
951012;37675
9510406256;37690
95106208;37708
951134;37724
951164;37739
951248;37754
95125;37769
951256;37783
951477;37798
9515;37813
951561;37826
9517;37840
951721;37853
951729;37868
95177470;37883
95178399;37900
9518;37917
95183863;37930
95183894;37947
95183936;37964
951881;37981
951921;37996
95197;38011
951988;38025
951996;38040
952;38055,38099,38143
952133;38175
95215;38190
95216;38204
95218;38218
952217;38232
952240;38247
952263;38262
952301;38277
952324;38292
9523288;38307
9524;38323
95247319;38336
952568;38352
95265;38367
952728;38380
95276356;38395
9527732134;38411
952827;38429
952881;38444
952927;38459
953;38474,38510,38586
953049;38625
953125;38640
9533;38655,38668
95331;38689
95331919;38702
953789;38719
9537923;38734
9538565;38750
9539512992;38766
954;38784,38844,38912
95410;38978
954124;38992
954147;39007
954185;39022
9541997;39037
954262;39053
954269;39068
95428;39083
954292;39097
9543383121;39112
95434;39130
954391;39144
954430424x;39159
95459;39178
954620;39192
9546855;39207
954742;39223
954773;39238
9548;39253
954933;39266
954x;39281
955;39293,39305,39341
955154;39380
9552002;39395
955215;39411
9553028941;39426
955399;39444
9554359317;39459
955482;39477
95558;39492
955677;39505
955696;39520
9557;39535
955742;39547
955849;39562
955986;39577
956;39592,39652,39711
956021;39731
9562;39746
956215;39759
95623;39774
956337;39788
9564;39803
956428;39816
956604;39831
956779;39846
95684;39861
956886;39875
956994;39890
957;39905,39933,39969
9570389;39998
9571272;40014
957160;40029
9572075;40044
957253;40060
9574;40075
95743;40088
957458;40101
9575;40116
9577290;40129
957771;40144
95780778;40159
9578101;40175
9578424;40190
9579044;40205
957932;40220
957970;40235
958;40250,40294,40338
958008;40363
95814;40378
958176;40392
958191;40407
9583;40422
95840;40435
958557;40449
958580;40464
958702;40479
958862;40494
958885;40509
95897;40524
958992;40538
959;40553,40571,40599
95905;40643
959167;40657
959213;40672
959236;40687
959274;40702
959335;40717
9593668;40732
9594015;40747
959470;40762
959473;40777
959503;40792
959526;40807
959551;40822
9595988;40837
9596;40859
9598;40872
959915;40885
959ffd;40900
95a2;40916
95ac90;40928
95i;40943
95px;40954,40967
95th;40981
96;41002,41455,42058
960;42695,42755,42822
9600;42866,42879
960000;42892
9600040004;42906
960007;42925
960018;42940
960037;42955
960281;42970
9604;42985
9604606;43004
960495;43020
9605335593;43035
960563;43053
960602;43068
960663;43083
9607120144;43098
9607387007;43117
960747;43134
96078515;43149
960828;43165
961;43180,43216,43262
961082;43330
9611;43345
961151;43358
961426;43373
961479;43388
9615;43403
96151453;43415
961594;43432
961678;43447
961733;43462
96175;43477
961914;43491
961960;43506
962;43521,43573,43605
962006;43665
9620545;43680
962212;43696
962257;43711
96233;43726
962379;43740
96238516;43755
962471;43772
96255676;43787
962639;43804
962799;43819
962822;43834
962875;43849
962891;43864
962990;43879
962b65;43894
962px;43910
962x211;43924
963;43940,44008,44032
963036;44060
963081;44075
9631120;44090
963302;44105
963348;44119
963470;44134
9636;44149
963661;44162
963715;44177
9637185931;44192
963745;44210
9638049;44225
964;44240,44276,44343
9640;44387
964132545;44400
964195;44417
964569;44432
964798;44447
964821;44462
964867;44477
964889;44492
96489787;44507
964943;44523
964b00;44538
965;44552,44604,44640
965042;44685
96511;44700
965194;44714
965221;44729
965233;44752
96526057;44767
965309;44783
965332;44798
96558;44813
965614;44826
965652;44841
965714;44856
96571736;44871
965782;44888
9658165;44903
965820;44918
9659;44933
965912;44946
965994;44961
965px;44976
965x374;44990
966;45006,45058,45110
966148;45134
966194;45149
966232;45164
9663757;45179
966393;45194
966415;45209
966476;45224
96661;45239
966667;45253,45268
96667;45291
966690;45305
966713;45320
96691;45335
966927;45348
96697;45363
967;45377,45389,45421
967056;45457
967125;45472
967239;45487
9672769;45502
967331;45518
967346;45533
96737;45548
96746;45561
967468;45575
967552;45590
967583;45605
9678;45620
967819;45633
9678550;45648
96785843;45664
967903;45680
968;45695,45723,45783
968040;45836
968063;45851
968071;45866
96811;45881
96814;45895
968231;45909
968292;45924
968369;45939
968529;45954
9685475;45969
9685902;45985
968613;46000
968658;46015
968697;46030
968750;46045
9688;46060
96888447;46073
968956;46089
969;46104,46132,46157
969048;46225
969093;46240
969101;46255
969109;46270
969139;46285
969353;46300
969421985;46315
969505;46332
969543;46347
969566;46362
9696;46377
969788;46390
969z;46405
96th;46418
96zm;46436
97;46448,46942,47569
970;48052,48088,48134
970039;48162
97005248;48177
9702;48193
9702065;48206
970230;48221
9703;48236
970350;48248
970421;48263
970482;48277
970613090;48292
970657;48310
97074345;48325
97079;48342
9708;48355
970871;48368
971;48383,48419,48471
97111487;48531
971313;48547
971428;48562
97145;48577
971539495;48591
971581;48608
9716;48623
971659;48636
971733;48651
971764;48666
971802;48681
971832;48696
971848;48711
97187698;48726
97188;48742
97189;48756
971909;48769
971970;48784
97198;48799,48853,48928
971a1a;48966
971st;48981
972;49022,49074,49126
972046;49137
972153;49152
972214;49167
972222;49182
972282;49197
972527;49212
972580;49227
972633;49242
972641;49257
972672;49272
972710;49287
972778;49302
972794;49317
972801;49332
972870;49347
972885;49362
972908;49377
973;49392,49460,49488
9730648994;49527
973152;49545
9731776118;49560
97319;49578
97322226;49591
97325301;49607
9732711;49623
973289;49639
9733;49654
973534;49667
973785;49682
973801;49697
974;49712,49756,49824
974058;49861
974174;49876
9742;49891
9743;49904,49930,49943
9743278;49972
974518;49987
974571;50002
97469;50017
9747;50031
9747160;50044
974722;50060
97474164;50075
9747556;50091
974854;50107
974858;50122
974884;50136
97492;50151
975;50165,50193,50237
975044;50272
975075;50287
9750878;50302
975118;50318
975197;50333
975395;50348
975433;50363
975624;50378
975685;50393
97574;50408
975876;50421
976;50436,50480,50524
976120;50563
976227;50578
976257;50593
976267;50608
976486;50623
9765;50638
976540;50650
976752;50665
9768;50679
976814;50692
976836;50707
977;50722,50774,50813
977013;50849
9772;50864
9772089651;50876
977226;50895
9772385955;50910
97741;50928
977417;50942
977444255;50957
9775;50974,50987
97760728;51000
977798;51017
977875;51032
97788;51047
977f12;51061
978;51075,51306,51484
9780;51730,51743,51756
978012;51768
978027;51783
978104;51798
97812;51813
978127;51827
978244;51842
97829187;51857
978363;51873
97847309;51888
978523;51905
978592;51920
978630;51935
978638;51950
978745;51965
97881207;51980
978848136;51997
978897;52015
9789;52030,52056,52069
97891;52098
9789737;52112
979;52128,52197,52241
9790;52272,52298,52311
979057;52340
979080;52355
979126;52370
979149;52385
979218;52400
979225;52415
979416;52430
979439;52445
979446;52460
979530;52475
979591;52490
979622;52505
9796500118;52520
979652;52539
979653;52553
9798;52567
979820;52579
979866;52594
979897;52609
97992;52624
979973;52638
979980;52653
9799993;52668
97c;52684
97cefa;52696
97deff;52711,52735,52758
97fe;52786
97ffb6;52799
97h;52813
97th;52825,52844,52857
98;52878,53338,53991
980;54524,54584,54636
9800;54661
980019;54674
980080;54689
980247;54704
980303053;54719
980316;54737
980324;54752
980339;54767
9803846;54782
980415;54798
980530;54813
980568;54828
980606;54843
9806390;54858
9806707;54874
9806806;54889
98077524;54905
980873;54922
9808900;54937
981;54952,54988,55024
981003;55059
981056;55074
981071;55089
981079;55104
981117;55119
9812;55134,55147,55176
981224;55202
981407;55217
9814368873;55232
981476;55251
981483;55266
981529;55281
981613;55296
981628;55311
981674;55326
981766;55341
9818142;55356
981848955;55372
98186505;55389
98187;55405
98191708;55418
982;55435,55471,55507
982001;55524
982086;55538
982208;55553
982292;55568
982305;55583
982346;55597
982430;55612
982475;55627
982597;55642
982613;55657
982628;55672
982704;55687
982730;55702
982811;55716
982910;55731
983;55746,55798,55826
983047;55851
983131;55866
983200;55881
983231;55896
9833;55911
983333;55924,55939
983360;55953
983528;55968
983582;55983
9836045;55998
9836577;56022
983665;56038
983772;56053
983795;56068
983803;56083
983818;56098
983833;56113
98389;56128
9839314;56141
984;56165,56201,56229
984077;56289
984131;56304
984146;56319
984161;56334
984367;56349
984375;56364
984383;56379
9844;56394
9844580300;56407
984467;56426
98451;56441
984612;56455
9846555;56470
984665;56486
98482;56501
984879;56515
984917;56530
985;56545,56573,56633
985062;56665
985214;56680
985237;56695
985245;56710
9852809;56725
9852978;56740
9853362;56755
98534745;56770
985474;56786
9856;56801
9856855869;56814
985691127;56832
9857;56850
985764;56863
985786;56878
985794;56893
985893;56908
986;56923,56951,56963
986071;56988
986092;57003
986290;57018
9863;57033,57046,57075
986328;57101
986389;57116
986427;57131
986441;57146
986534;57160
98656;57175
986618;57189
986732;57204
9868;57219
986801;57232
986916;57247
986919;57262
98693752;57277
98696968;57293
987;57310,57371,57415
987015;57475
987033725;57490
98704;57507
987129;57521
987160;57536
987267;57551
987556;57566
987595;57581
987762;57596
987778;57611
9878;57626
98783;57639
987film;57653
987fm;57669
988;57683,57695,57755
988121;57793
988182;57808
988197;57823
988235;57838
988297;57853
988396;57868
9885272384;57883
988808;57901
988907;57916
989;57931,57943,57955
989037;57980
9891213179;57995
989129;58013
989143;58027
9893;58042
9894;58055
9896;58068
989708;58081
989883;58096
989898;58111
9899;58126
98a;58139
98b;58150
98eu;58161
98fb98;58173,58223,58247
98k;58275,58287
99;58298,58811,59569
990;60255,60308,60320
9900;60380
990000;60392,60407
9900165927;60421
99002129;60440
99004d;60457
990051;60471
990099;60486
9900ffff;60500
990349;60517
990419;60532
990433;60547
990440;60562
990517;60577
99051714;60592
99057293;60608
990669;60624
990701;60639
990807;60653
9909;60668
990912;60681
991;60696,60724,60752
991028;60798
991043;60813
9911;60828
99126837;60841
9913;60857
991406;60870
9914838;60893
9914851;60908
991592;60923
991722;60938
991768;60953
991776;60968
9919;60983
9919108014;60996
9919108018;61015
992;61034,61054,61098
9921902;61148
9922190;61163
9922334;61178
992249;61193
99225;61208
992287;61222
992375;61237
992440;61252
992462;61267
99259141;61282
9927;61299
992813;61311
992828;61326
9929;61341
992950;61353
993;61368,61404,61432
993111;61464
99319;61479
993217;61493
9932189;61508
9933115;61523
993333;61547
993347;61561
993366;61576
993399;61590
9933ff;61604
993462;61618
993530;61641
993534;61656
99359202;61671
993599;61687
9936;61702
993614;61714
993655;61729
993675;61744
993683;61759
993693;61774
9936999;61789
993744;61804
9938180;61819
993874;61834
99389;61849
993927;61863
993958;61878
993996;61893
994;61908,61960,62012
9940;62065
994186;62086
99419948;62101
99428344;62117
994339;62133
994362;62148
9944;62163
99444;62176
994553;62190
994560;62205
994567;62220
994583;62235
994682;62250
994690;62265
994904;62280
9949592948;62295
99497;62313
994d00;62327
995;62341,62393,62446
995026;62530
995029;62545
9951;62560
995125;62574
995148;62589
995155;62604
9951606;62619
9952;62641
995209;62662
995221045;62677
9952421166;62695
995263;62714
995331;62729
995338;62744
9953728318;62759
99538;62777
99546;62791
9955;62805
995583;62818
9956;62833
9956311;62845
995758;62860
9958277;62875
995842;62899
995880;62914
995903;62929
995918;62944
995941;62959
9959807;62974
996;62989,63041,63069
996002;63094
9960178137;63109
996040;63127
99607;63142
996140;63156
996246;63171
996307;63186
996353;63201
996391;63216
9964199;63231
9964390;63253
99645;63269
996460;63283
996533;63298
996574;63313
9966;63328
996633;63341
99664;63355
996666;63369,63384
996680;63398
996699;63412
9966996920;63426
9966cc;63445
9967;63459
9967264533;63472
996758;63490
996796;63505
996887;63520
996933;63535
997;63550,63578,63624
997192;63660
99724752;63675
997299;63691
997314;63706
9973855043;63721
9974;63740
9975021;63753
997600555;63769
997627;63786
99763;63801
9978;63815
997955;63827
99796951;63842
997978;63858
998;63873,63901,63945
998066;63962
998291;63976
998329;63991
99833;64006
998360;64020
998405;64035
998428;64050
998436;64065
99844;64080
998459;64094
998550;64109
998581;64124
998589;64139
998596;64154
998611;64169
9987139;64184
99873140;64200
998772;64216
998833;64231
998894;64246
998993;64261
999;64276,64400,64475
9990016994;64567
9990069310;64586
999054;64605
999100;64620
999199;64635
999207;64650
9993;64665,64686
999367;64707
999397;64722
99941;64737
9994699925;64751
9994699949;64770
9995280000;64789
999550;64808
99956;64823
99958;64837
9995903;64851
999652385;64867
9997;64884
999718;64897
99974;64912
999741;64926
99976;64941
99979;64955
9998604036;64969
9998605084;64988
9999;65007,65102,65163
999900;65224,65239
999933;65253
9999387;65267
9999517324;65283
999954;65302
999966;65317
999992;65331
999999;65346,65369,65385
9999cc;65407
9999ff;65421
99b3cc;65435
99badd;65449,65472
99c;65486
99cc33;65496
99cc66;65511
99cc99;65525
99ccb3;65539
99cccc;65553
99ccff;65567,65590,65605
99design;65626,65649
99er;65666
99ff00;65685,65701
99ff33;65715
99ff99;65729
99ffcc;65743
99ffff;65757,65796
99game;65810
99of9;65824
9a;65838,65849,65876
9a3433;65893
9a363b;65909
9aa8;65924
9acef;65936
9ae7;65958
9b;65970,65981
9b92;65991
9bie2;66004
9bn;66018
9c;66030,66049
9call;66059
9cf;66072,66100
9cfalso;66111
9csex;66127
9d;66140,66151
9d6;66175
9d7;66187
9d9d9d;66199
9dbcd9;66213
9e0a;66228
9e7bff;66241
9e92;66255
9em;66268,66440,66884
9f;66968,66995
9f0;67005,67033,67045
9f000f;67063,67095
9f18;67109
9f1d35;67121
9f2929;67137
9f56;67152
9f9f9f;67164
9fe;67179,67207
9ffff5;67219
9front;67232
9go;67246
9h;67258
9h2;67268
9hr;67279
9k;67291
9kdal;67302
9mhz;67316
9mxxx;67328
9pt;67341,67353
9px;67384
9ta;67396
9th;67408,67708,67927
9to5mac;68172
9x;68188
9x10;68207
