10;0,19
100;50
1000;60
100062551;72
1003029;90
100632;106
100835;121
100th;136
101;150
1014365;162
101830;178
102323;193
102371;207
102380;221
102500;235
103115;250
10327;265
103741;279
10426503;293
104316;310
1044557;324
104493;340
104531;355
1054677;370
1059365;386
106;402
106080;414
1064567;428
1068599;444
107236;460
107664;474
10801;489
10816;502
1085951;516
10880;531
1095011;545
109770;561
10th;575,608
11;621,632
110024;656
110310;671
110336;685
1104191;699
110th;715
1110850;729
1113;745
1114497;757
11158;773
112;787
1123265;799
11247;815
1139203;829
11393;844
113th;858,936
114;982
11486;994
11488116;1007
11507;1024
115159;1038
115552;1051
1155957;1065
11562;1080
11564;1094
115680;1108
115933025;1123
116230789;1140
116350873;1157
116cde79;1175
117;1191
1173146;1203
117320;1219
117329;1233
1176728;1247
1177747;1263
118;1277
118204;1288
11847;1303
118525700;1316
11860645x;1334
118702424;1352
11903;1370
11911;1384
11913;1398
1192431;1412
119311194;1428
11th;1446
12;1459,1470,1481
120;1511
1200;1522
120160;1535
120284039;1549
1203;1567
12080;1580
121;1594
1212;1605
121491;1617
121583346;1632
1218392;1650
122;1665
12209;1676
122468082;1690
122728;1707
12325;1721
1235790;1734
12409;1750
1249160;1763
125;1779,1790
125055;1802
12510;1817
1252367;1831
12586;1846
126553;1859
1268;1874
12695;1887
1277715;1900
128140;1916
128518921;1931
12855;1948
1286;1962
128977;1975
129;1990
12913;2002
129319;2015
1294664;2030
129516;2045
13;2060,2079,2090
1300265;2114
1304873;2130
131;2145
132049;2157
132334;2172
1347072;2187
13535;2203
1360209;2217
1361;2232
136174;2245
1369559;2259
1369570;2274
1371;2290
137235;2303
137263;2317
138441;2331
13861;2346
138755;2359
139314;2374
1394661;2389
1394968;2405
13abc;2421
14;2435
1401;2470
14015;2482
1401730;2495
1405406;2511
1407940;2527
141;2543
14103;2555
141364785;2568
1417;2586
1418205;2599
1418251;2615
14200;2631
1422776;2644
1431080;2660
143407;2676
1435448;2690
14361;2704
14371;2718
143848;2732
144297;2746
144652;2761
14466;2775
144802;2789
144975;2804
145;2818
14572;2830
146032;2844
146729;2859
14704;2873
14742;2887
148142;2901
148682;2916
14882;2930
149253;2943
14973;2958
15;2972,3007,3018
150032;3035
15004157;3050
1501;3066
1504;3079
150722;3092
150th;3106
1513082;3118
1513667;3133
15138;3149
1521166267;3162
1522296;3181
152845;3197
154902;3212
155421;3227
155523;3241
1555427;3256
155696;3271
1561755;3286
156361;3302
156402;3316
156541;3331
1566938;3346
157281;3362
15817;3377
15835;3391
158592;3405
159;3420
159377;3432
1599;3446
16;3459,3470,3489
160;3499
160428;3511
1604589;3526
161;3541
16136;3553
162044;3567
16221;3582
16246;3596
162543;3610
162639;3625
1636;3639
16404;3652
16478;3666
16518;3680
165237;3694
165274;3709
165515;3724
165630;3739
165653;3754
1680105;3768
16805;3783
16823;3797
16827;3810
168980;3824
169170;3839
169276;3853
169733;3868
1699158;3883
169ufpa;3899
16h;3915
17;3927,3946,3973
1703;3983
170895;3996
170983;4010
1729202;4025
173009;4041
173018;4056
1740159;4071
17425;4086
1754436;4100
1761;4115
177675;4127
178694;4141
1788;4156
1793;4168
179655;4181
1799176;4196
18;4212,4223,4239
1800;4258
1800372;4271
1801;4287
1810;4299
1812;4312
1816;4324
1817;4337
18193;4350
1819769;4363
182;4378
182508;4390
1829;4405
1831;4417
1836;4429,4442
1840;4454
1841;4467
1842;4500,4529
1843;4541
1846;4553
1847;4566,4578
1847558;4591
1848;4607
1849;4620
1851;4633
1853;4646
1854;4658
185409;4671
185945;4686
18623;4701
1863;4714,4727
186344;4745
18688;4760
1870;4774
1872;4787,4800
1873;4812
187461;4825
187780;4840
18796;4855
187998;4869
1880;4883
18818;4894
1883;4908
1885;4921
1886;4934
1887309;4947
1888;4962
1888075;4975
18882;4991
1889;5005
1890;5026
1891;5039
1891137;5052
1892;5068,5081
1893;5093,5106
1894;5119
1895;5131,5144,5157
189523;5169
1896;5184
1897;5197
1898;5210
19;5223,5254,5273
1901;5284,5305
1903;5338,5351
1906;5363,5376
19075;5397
1908;5411
1910;5424
1912;5437
191201;5450
1913;5465
1914;5477
1915;5488,5501
1919;5514,5527
1920;5539,5552
1922;5565
192289;5577
1928;5592
1929;5604
1929278;5617
1932;5632,5653
1934;5666
1934208;5678
1935;5694
1936;5706
1937;5719
1938;5732
1941;5745
19433;5757
19434;5771
1944;5785,5798
1945;5817
1946;5836
1947;5848,5861,5874
1947920;5893
1948;5909
1949;5928,5949
1949008;5975
1950;5991
1951;6012
1953;6038,6051
1955;6063
1956;6076,6088
1956630;6101
1959;6116
1961;6128,6141,6154
1963;6166
1964;6178
1965;6191,6204
1966;6216,6237,6250
1967;6262
1968;6283
197;6304
1970;6316
1971;6345
19715;6358
1972;6372
1973;6384
1977;6397
197849;6410
1979;6425,6438
1980;6451,6464
1981;6475
1982;6496,6509
1983;6528,6541
1984;6553
1985;6566,6579
1986;6592
1988;6613
1989;6626
1990;6639,6652
1992;6681
1993;6702,6723
199315;6736
1994;6751
1994585;6763
1994588;6778
1994590;6794
1996;6810
1998;6831
1999;6844
19th;6857
1a;6869
1b;6880
1st;6891,6903
