40;0,2977,5193
400;7733,8242,8852
4000;9402,9471,9492
40000;9559,9573,9587
400000;9600
4000ff;9623
4001;9638
400135;9650
40024;9665
400307;9679
400341;9694
4005;9709
40050318;9722
400536;9739
4006;9754
400635;9780
40063983;9795
400738;9811
400780;9826
400845;9841
400860;9856
400871;9871
400887;9886
4009;9901
4009681642;9913
400gt;9931
400px;9945,9991,10013
400sqm;10051
400th;10065,10087,10101
401;10114,10191,10265
40109551;10325
401104;10341
401142;10356
401283;10371
40130162;10386
401314;10402
4013160;10417
40145;10433
401627;10447
401669;10462
40171718;10477
401719;10502
401722;10517
40172540;10532
401726;10549
401733;10564
401816;10579
40183323;10594
401859;10611
4019;10626,10639
401920;10651
401966;10666
401978;10681
402;10696,10789,10841
4020;10950,10963
40200077;10976
402088;10993
4021;11008
4021153;11019
4021192193;11034
402199;11052
402206;11067
402328;11082
40239954;11097
402424;11113
402477;11128
4025;11143
402500;11155
402573;11170
4026;11185
402657;11198
402672;11213
4026999772;11228
4027;11246
402706;11259
40271706;11274
4027282;11291
4028;11306
4028302431;11318
4028455615;11336
402847;11354
402901;11369
40290862;11384
402912;11400
40293;11415
403;11428,11528,11629
4030;11721,11734
403046;11747
4030638337;11762
4031;11780
403133;11792
403187;11807
403252;11822
403259;11837
403297;11852
40331;11867
403343;11881
4033884108;11896
403419;11914
403503;11929,11944
403553;11959
403568;11974
403828;11989
403873;12004
403893;12019
403912;12034
403919;12049
40392510;12064
40394;12081
404;12095,12203,12270
4041;12386
4041048061;12399
404194;12418
4042;12433
404224;12446
4042548239;12461
40425566;12479
404285;12495
4043;12510,12523
4043591;12535
404385;12550
404514;12565
404569447;12580
404575;12597
404579;12612
404598;12627
404630176;12642
404631040;12659
404720;12676
404739;12691
404747;12706
404821155;12721
40490962;12738
404h;12755,12768
405;12780,12944,13038
4050;13130
40508;13142
4051;13156
405125;13169
405140;13184
405151;13199
40516927;13214
405170;13230
40517039;13245
40518935;13261
4052021801;13286
405220;13304
40526;13319
405308;13332
40535;13347
405354;13360
405434;13375
40544697;13390
405521;13406
405525;13421
40554;13436
405552;13450
405666;13465
405735;13480
405755043;13495
405777;13512
40584010;13527
405895;13544
4059;13559
405907;13571
405910;13586
405945;13601
40595941;13616
4059786797;13633
405987;13651
406;13666,13719,13798
406044;13874
406113;13889
406221207;13904
406380;13921
40643337;13936
406475;13952
40650401;13967
4065759;13984
4065851;13999
4066289961;14015
4067194164;14033
406759;14051
4068;14066
406807;14078
406822;14093
406837;14108
40689993;14123
40690890;14139
40696;14164
406986;14178
406th;14192
407;14214,14267,14343
4070;14395
407001;14408
4071;14423
407223;14436
40722892;14451
40723858;14468
407257;14485
4072cc;14500
407303;14515
407322;14530
407383;14545
4074;14560,14572
407452;14585
4075;14600
407524;14612
407547;14627
40756;14642
40773;14656
407772;14670
407852;14685
407867;14700
407883;14715
4079;14730
407928;14743
407990;14758
408;14773,14865,14949
40809826;15022
4081;15039
408100;15051
4081018;15066
408138;15081
408181905;15096
408241;15113
408264;15128
4083955;15143
4084018;15158
408421;15173
408424;15188
408493;15203
408512;15218
408566;15233
408661;15248
4086659253;15263
408688;15281
4087;15296
408836;15309
408962892;15324
408985;15341
408th;15356
409;15370,15454,15554
40905306;15633
409054;15650
409069;15665
409070751;15680
40909;15697
4091;15711
409100;15724
409149;15739
409157237;15754
40919093;15771
409348;15787
409382;15802
409443;15817
409466;15832
4095;15847
409519;15866
409534;15881
409584;15896
409641;15911
4096941;15926
4097;15941
4097322226;15954
409866;15972
4099;15987
409962;15999
40999139;16014
40em;16030,16083,16116
40f;16161
40i;16173
40k;16184,16196
40mi;16208
40period;16220
40pm;16236
40px;16249,16286,16315
40th;16355,16440,16522
40x40px;16559
41;16583,18631,20280
410;22339,22431,22518
410027;22602
410034;22617
4100397825;22632
41008;22650
4101;22664,22676
410147047;22689
410148707;22706
4102;22723
410233;22735
4103;22750
410352642;22762
410362;22779
410366146;22794
410408;22811
410423;22826
41045912;22841
410462756;22867
410500;22884
410514;22899
410524080;22914
410551150;22931
410576;22948
410610;22963
41063284;22978
4106709;22995
4107;23011
410732;23024
410751;23039
4107684493;23054
41085890;23072
41086;23088
410923;23101
410a;23116
411;23128,23180,23212
4110;23328
411003;23341
411026;23356
411068;23371
411083;23386
411095;23401
411224;23416
41139186;23431
411423;23447
411484;23462
4115;23477,23490
41150461;23502
411514;23518
41154798;23533
411584757;23549
411598;23566
41165575;23581
411667322;23597
41177928;23614
411789020;23630
4118;23647,23660
411839;23672
4119;23687,23709
412;23721,23773,23857
4120;23910
41200124;23924
412006;23941
4120116;23956
4120174;23971
4120327234;23986
41208;24004
41216;24018
4122;24032
41227;24053
41232;24067
412331;24081
4125;24096
41250590;24108
41251;24124
412518;24138
4125732;24153
41258919;24169
412628;24186
412630;24201
41264408;24216
41266;24233
41267;24247
412678;24261
41272;24276
41274;24290
4128;24304
412846;24317
412930;24332
412933;24347
412979;24362
413;24377,24461,24545
41306;24584
4131;24597
41314203;24609
41319;24626
4132;24639
413273;24652
4132779241;24667
41333;24685
4134;24699
413445;24711
413563;24725
4136;24740
413601;24766
413666;24781
413750;24796
41381127;24811
413853;24827
413910;24842
414;24857,24925,25017
4140;25077
414017;25090
414036;25105
414082;25120
414089;25135
4141770601;25150
4142;25168
414249;25180
41427;25195
4143017232;25209
41431;25227
41434;25241
4144;25255
414417;25268
414427;25283
414444;25297
4145;25312
41453707;25324
4146;25340
41461;25351
414680;25365
41471647;25380
4147358537;25396
41475331;25414
414806;25430
41486;25445
41488;25459
414890;25473
414928;25488
41497249;25503
415;25520,25636,25752
4150;25797
41504676;25816
41509270;25833
4151;25850
4151144028;25862
415169;25880
4152;25895
415230;25908
415243;25923
41526103;25938
415278;25954
41541442;25969
41541521;25986
41541623;26003
415417;26020
41543823;26035
4155;26051
415501;26063
415512;26078
415614;26093
41572;26108
415745;26121
41576314;26136
415855;26152
4159;26167
415939;26179
415949;26194
415955;26209
415x415px;26224
416;26242,26326,26402
41603;26474
41607;26488
4161;26502
416149;26514
416228027;26529
416229048;26546
416231685;26563
416232513;26580
416233163;26597
41625545;26614
416279;26639
416332;26654
416367;26669
416370;26684
41643851;26699
416458;26716
4164688;26731
4165;26746
416512;26759
416542;26774
416634;26789
41666;26804
416667;26818
4167;26849,26862
416721;26875
416752;26890
416801;26905
41690;26920
416904;26934
416924;26949
416943;26964
416988;26979
416x416px;26994
417;27012,27064,27142
4170;27226
417065;27238
41721887;27253
41723827;27269
41723829;27285
4172726;27301
417276463;27326
4173;27343
417351;27354
41735544;27369
417370;27386
417459965;27401
4175;27418,27455
417500;27468
417568;27483
417572;27498
417574;27513
417610;27528
41761552;27543
41762158;27568
417645;27584
41779368;27599
417950;27616
417dc1;27631
417th;27646
418;27660,27752,27860
41801726;27899
418098;27915
4181;27930
418102;27943
41812953;27958
41824;27975
4183;27989
418308;28002
418327;28017
418343;28032
418353;28047
418377;28062
418415;28077
418511;28092
418549;28106
418568;28121
418652;28136
4187;28151
41875055;28164
418808;28180
418907;28195
4189134;28210
418968;28234
419;28249,28325,28377
4190;28461
4190437794;28474
41906944;28492
419106607;28508
419107282;28525
419108812;28542
419121;28559
419122822;28574
419123329;28591
4191321;28608
419189;28624
41924983;28639
419280842;28656
41931540;28673
4193509;28690
41937121;28705
4193775;28721
419407;28736
41945824;28751
41947896;28768
41947900;28785
419486;28802
419518;28817
419609;28832
419693;28847
4197;28862
419704;28875
419815;28890
419819;28905
419879546;28920
4199;28937
419960;28949
419964;28964
4199705;28979
41ah;28995
41st;29008,29093,29147
41z;29184
42;29196,30689,32644
420;34748,34888,35012
4200;35120,35141
42017;35160
4202;35174
42023;35187
420246;35201
42027;35216
4203;35230
42038;35242
4204;35256
42051801;35269
420556;35285
42057433;35300
4206;35316
42062;35329
42065;35343
4207426;35357
42081;35372
420818;35386
420918;35401
420956;35416
420979;35431
421;35446,35522,35590
421016;35650
42106536;35665
42107615;35681
421078;35697
4212284;35712
421268;35728
421291;35743
421295;35758
421307;35773
421314;35788
421329084;35803
42135;35820
4214;35834
4215;35846
421581;35859
421585;35874
42159;35889
421600;35903
42163;35918
421658;35932
421677;35947
42169137;35962
42186;35978
42188199;35992
421932;36009
421947;36024
421956899;36039
421959;36056
421963;36071
42196806;36086
422;36102,36178,36286
42200739;36332
422050;36348
4221;36363
422104;36376
42210647;36391
42212;36407
422131;36420
4221419394;36435
42215261;36453
422157;36469
422165;36484
422180;36499
42218819;36514
422211;36530
42221189;36545
42221191;36561
42223222;36577
42226045;36593
42230618;36618
42231;36634
422310;36647
42231976;36662
422352;36678
42238115;36693
422398;36718
42241;36733
422443;36747
422487593;36762
422488964;36779
422490118;36796
422535;36813
422546;36828
422623;36843
42263;36858
422676;36872
42268;36887
422718;36901
42274;36916
4228;36930
4228351116;36943
42287;36961
422901;36975
422920;36990
42297524;37005
422977;37021
423;37036,37112,37165
423016;37209
423023;37224
423031;37239
42305553;37254
42306;37270
423092;37284
42311;37299
423115;37312
4232;37327
423313;37339
42332;37354
42334;37368
423393;37382
42344;37397
423458;37411
423573;37426
423668;37441
42368;37456
42382;37469
423824;37483
42386;37498
423870;37512
4239;37527
42395457;37539
42396003;37564
424;37589,37625,37709
42401;37768
424049;37782
42405;37797
424068;37811
424072;37826
4241;37841,37854
4241140;37867
42414;37889
424213;37903
424389;37918
42445;37933
424492;37947
424585885;37962
424606;37979
424664899;37994
4247;38011,38024
424702;38036
424740;38051
424786;38066
4248;38081
4248252511;38094
424828;38112
424850;38127
42492;38142
424944222;38156
424984;38173
424988;38188
425;38203,38263,38348
425026;38432
42505;38447
425156;38461
42517233;38476
425236;38492
42524;38507
425243;38521
425289;38536
425308;38551
42531208;38566
425323;38583
42536;38598
425367;38612
425377;38627
4253904819;38642
425392;38660
425404;38675
425423;38690
425434;38705
42548239;38720
425525791;38736
425526;38754
425560;38769
425587;38784
425606;38799
425610;38814
425629;38829
425667;38844
42568;38859
4257;38871
425755;38884
4257721596;38899
425772160x;38918
425785;38937
4257903139;38952
4257903147;38971
4257904305;38990
4259;39009,39022
42596;39034
425f3f;39048
426;39063,39123,39207
42611;39259
426113;39273
426128;39288
426140;39303
42615;39318
426186;39332
426189;39347
426193;39362
42621;39377
426311;39391
426350;39406
42636192;39421
426380;39437
426468;39452
426479;39467
4265;39482
426510;39494
4266164601;39509
426620;39527
426636;39542
426640;39557
4266554117;39572
426701;39590
426735;39605
426758;39620
426762;39635
4268;39650
426857;39663
426865;39678
426891;39693
426910;39708
4269192219;39723
426956;39741
427;39756,39848,39924
4270;39949
42701;39968
42710;39990
427189;40004
427193;40019
427212;40034
427254;40049
42726;40064
427261;40078
4273;40093
427319;40106
42733071;40121
427338;40138
4273615181;40153
4273637;40171
427395;40187
42741;40202
42741640;40216
42741668;40233
42743;40250
42744;40264
427479;40278
42748;40293
4275;40307
427521;40320
427544;40335
427598720;40350
4276;40367
427605481;40379
427620;40396
427670;40411
427692;40426
4277;40441
42773;40454
427730695;40468
427746;40485
427750;40500
427755833;40515
427765;40532
4278;40547
42781;40560
4279377;40574
427940;40589
427971;40604
428;40619,40711,40779
4280;40818,40831
42805468;40844
42805479;40861
42809;40878
428215;40892
428226;40907
428234044;40922
428242;40939
428247;40954
428249652;40969
428265;40986
42831;41001
4283960;41015
428410;41031
42854870;41046
428574;41063
428574993;41078
42858398;41095
4286;41111
428654;41124
428669;41139
4287;41154
428753;41167
428772;41182
428814;41197
42885;41212
428860;41226
42891107;41241
428921;41258
42897463;41273
429;41289,41357,41417
429161;41469
429180;41484
4292;41499
4293;41512
429317;41524
42939;41539
4294;41553
429451;41564
429455;41579
429478861;41594
429550;41611
429610;41626
429642;41641
429647;41656
429688;41671
429722;41686
429848;41701
429852;41716
42988;41731
42991072;41745
42nd;41771,41824,41857
42pm;41886
42px;41899
42z;41912
43;41924,43431,45411
430;47460,47553,47641
43000;47685
43007;47707
43011;47721
430119;47735
430252;47750
430262;47765
43029341;47779
430298;47796
4303;47811
430325;47824
430336;47839
43035366;47854
430405;47870
430492;47885
430531;47900
430607;47915
430611;47930
43066;47945
430672;47959
4307;47974,47986
430767;47999
43077;48014
4307881296;48028
430819;48046
43091;48061
430923772;48075
431;48092,48192,48284
431007;48328
431049;48343
43105;48358
431214;48372
431259;48387
431263729;48402
4313;48419
431317666;48432
431340631;48449
431343746;48466
431344432;48483
431435;48500
43147;48515
43149;48529
431505580;48543
43151;48560
431511;48574
43153119;48589
431568;48605
43158;48620
431633004;48634
4316480458;48651
4316607714;48669
431665431;48687
43167;48704
431675;48718
4317;48733
431708021;48746
431708168;48763
43171;48780
431797;48794
43185;48809
431931;48823
43195;48838
431st;48852
432;48866,48959,49032
43200099;49108
432018;49124
432064;49139
432079497;49154
432098;49171
4321;49186
432129;49198
43217;49213
432193642;49227
432350493;49244
432358;49261
4324;49276
432408153;49288
43242;49305
432501679;49319
432506840;49336
432507778;49353
432508629;49370
432509071;49387
432513892;49404
43252;49421
432521383;49435
432545;49452
432551427;49467
432575927;49484
432576806;49501
432636;49518
43266;49533
432705;49547
432739;49562
43277;49577
43283;49591
43283232;49605
43285033;49621
432888;49637
43290;49652
43290511;49666
43292023;49682
432945;49698
433;49713,49797,49873
433018;49925
43302;49940
433022;49954
433048606;49969
433056;49986
433065955;50001
433067902;50018
433071151;50035
433075756;50052
433110614;50069
433151;50086
4332;50101
433226385;50113
433299442;50130
433311;50147
433333;50162,50177
433398056;50191
433437;50208
433439;50223
43346;50237
4335;50251
433647;50270
433716;50285
433800;50300
4338747;50315
4339;50330
433929;50343
433983;50358
433990;50373
434;50388,50480,50545
43402;50613
434055;50627
434081018;50642
4341;50659,50672
434124;50685
43419;50700
4342;50714
434255446;50726
43431;50743
434338;50757
434401;50772
43447;50787
43449175;50801
43460596;50817
43468;50834
434685;50847
43469;50862
4347;50876
434711;50905
434722;50920
434754553;50935
434755633;50952
434784;50969
434799;50984
434849;50999
4349;51014
434921177;51027
43494;51045
434982;51059
435;51074,51175,51259
4350;51352
435070;51365
435127;51380
4352316;51395
43525;51411
435257;51423
43526;51438
435265173;51452
435266002;51469
435267189;51486
4353;51503
435310;51515
435329;51530
435371;51545
435402;51560
435410;51575
43541906;51590
435471;51606
43547359;51621
43554;51638
43554253;51652
435547;51675
435566;51690
435604;51705
43562;51720
435673;51734
435707;51749
435711;51764
4358;51779
43589;51792
4359619617;51806
4359695911;51824
436;51842,51919,52011
436013;52092
436066;52106
43609648;52121
436142;52170
43617;52185
436256;52199
436291;52214
436295;52229
4363;52244
436321;52263
43635;52278
436480689;52292
436482348;52309
436485;52326
43649;52341
436508;52355
4365198;52370
4365302622;52385
4365349;52403
43664;52418
436695;52431
436741;52446
43675;52461
436985;52475
437;52490,52606,52672
437099;52748
437141;52763
4374;52778
437473;52790
437485;52805
437508;52820
437550;52835
43756720;52850
43758;52867
437708081;52881
437708222;52898
437710;52915
437714;52930
4377264;52945
4377496;52967
437782;52989
4378;53004
437866;53016
437881;53031
437920;53046
43794;53061
437973;53074
438;53089,53173,53233
438046;53307
438088658;53322
438107;53339
438111;53354
438129;53369
4381468;53384
438168;53400
438175;53415
438194;53430
438198;53445
4382;53460
438320;53473
438446;53488
43847;53503
438484;53517
4385;53532
438557;53544
438560;53559
438576;53574
4386;53589,53602
438610;53615
438663;53630
438675;53645
4387;53660
438702;53672
43877702;53687
438869;53704
438898631;53719
438911279;53736
438950;53753
438fff;53768
439;53782,53841,53894
439014;53954
439060;53969
439106;53984
439178;53999
439223903;54014
439224266;54031
4392286;54048
439229558;54072
439230708;54089
439232;54106
43926;54121
439281;54135
439362;54150
439373;54165
439404;54180
439449;54195
439491;54210
439495;54225
439499;54240
439533;54255
439548;54270
4396;54285
439606;54297
439742325;54312
439751;54329
439789;54344
4398;54359
439873;54372
43988;54387
439896;54401
4399;54416
439983;54429
43bfc7;54444
43f4;54459
43rd;54471,54524
44;54550,56097,58040
440;59804,59896,59963
4400;60071,60084,60103
440000400;60124
4400574863;60142
44007362;60160
440086;60177
440119;60192
4401235878;60207
4401477575;60225
440163;60243
4401791;60258
440186;60274,60289
440231;60303
4402440786;60318
4402794;60336
440281;60352
44030428;60367
44041;60383
440434;60397
440441;60412
4404th;60427
440510;60442
44052;60457
440578;60471
44058;60486
440601;60500
440681;60515
440742;60530
440804;60545
440815;60560
440828;60575
440865;60590
4408920407;60605
440914;60623
44096;60638
440971;60652
440987;60667
440998;60682
441;60697,60741,60833
4410246;60900
4411;60916
441116;60929
441147;60944
441154;60959
441284;60974
44129;60989
44131;61003
441330;61017
441341;61032
44136;61047
441380;61061
441441;61076
441448;61091
441456;61106
441463;61121
441475;61136
4415;61151
441544;61164
441624;61179
441692347;61194
441692477;61211
441696;61228
441727;61243
44172789;61258
441731352;61275
441784;61293
4417843819;61308
441840595;61326
441860;61350
4419;61365
441902;61376
441933;61391
442;61406,61482,61542
442039;61587
44209;61602
44209236;61616
442169;61632
4422;61647
442238;61660
442288;61675,61706
442303;61720
44239;61735
442398;61749
442416;61764
442424;61778
4427;61793
442760;61806
44278;61821
4428;61835
442929;61848
442955;61863
442970;61878
443;61893,61937,61997
443024;62036
4431;62051
443101405;62064
44312;62081
4431370199;62095
44314;62113
4431673;62127
443226;62142
443237;62157
4433;62172
443462;62185
44347352;62200
443501;62216
443520;62231
443539;62246
44354;62261
443611;62283
443623;62298
44362462;62313
443684;62330
443687;62345
443718;62360
4437590;62375
44376;62390
443790;62404
4438;62419
443829;62432
443889;62447
4439;62462,62485,62498
443939;62510
443d;62525
444;62537,62654,62738
444016;62812
444069;62827
444111;62842
444126;62857
444134;62872
444153;62887
444172;62902
444187;62917
444199;62932
444218;62947
44422;62962
444229;62976
4442361;62991
444256;63006
444261862;63021
444263;63038
444317;63053
44436;63068
444370;63082
444401;63097
4444261789;63112
444427;63130
444439;63145
444496;63160
4445;63175
444504;63187
4445321858;63202
444595;63220
444599;63235
4446;63250
444611;63263
444660;63278
444668;63293
444702;63308
444733;63324
444736;63339
444744;63354
444794;63369
4448;63384
44481;63397
444820;63411
444836;63426
444843;63441
444847;63456
444874;63471
444885;63486
44494564;63501
444951962;63518
445;63535,63595,63645
445065;63697
445076;63712
445110;63727
445137;63741
445141;63756
445170837;63771
445194;63788
445198;63803
445213;63818
445244;63833
44525;63848
445271;63862
445297;63877
44531542;63892
445374;63908
445480254;63923
44551266;63940
445515172;63957
445518455;63974
445531876;63991
445541;64008
445583;64023
44561;64038
4457;64052
445706;64065
445724;64080
445728;64095
445763;64110
4459;64125,64138
445927;64150
446;64165,64241,64309
4460;64341
446013;64354
44607013;64369
446136;64386
4462570548;64401
4463;64419
44635;64431
446358;64445
44641;64460
446499387;64474
4465;64491
446505752;64504
4466;64521
446606;64534
446632859;64549
446633309;64566
446633746;64583
446640;64600
446644;64615
446667;64630,64645
4467;64660
446701;64672
446728;64687
446758;64702
44685;64717
446850;64731
446880;64746
446883183;64761
446899;64778
446953;64793
446995;64808
447;64823,64908,64972
447044;65088
447060;65103
447135299;65118
447174;65135
447197;65150
44724;65165
447243;65178
4472651184;65193
44727244;65211
447323;65228
447327;65243
447348237;65258
447449;65275
44746;65290
447472;65304
447474473;65319
447559;65336
447575;65351
4476;65366
447601;65378
447605;65393
44761;65408
4476252;65422
44765;65437
447663263;65451
44768;65468
447681;65482
4477;65497,65510
447708;65523
44772;65538
44774;65552
44775;65566
44777;65580
44779;65594
4478;65608
44783;65620
44784;65634
44786;65648
4478666782;65662
44789;65680
447899;65694
4479;65709
447903;65722
447a;65737
447b;65750
447c;65763
447d;65776
447e;65789
447f;65802
448;65815,65884,65944
448013688;65995
448013979;66012
448014844;66029
448015156;66046
448016333;66063
448016753;66080
448016935;66097
448017655;66114
448097;66131
448112;66146
448147;66161
448212;66176
448243224;66191
448255;66208
448277;66223
448307;66238
4483413696;66253
44836;66271
448368;66285
448399;66300
448425;66315
448483;66330
44850748;66345
44852;66361
448521;66375
4486;66390
448639;66403
448647;66418
448658;66433
4486665277;66448
4487;66467
448700;66480
4487314908;66495
4488;66514
448841;66527
44885;66542
448895;66556
448952;66571
448997;66586
449;66601,66701,66745
449032;66796
44906259;66811
449081;66827
449104;66842
449108;66857
449127;66872
449139;66887
449141785;66902
449142956;66919
449145865;66936
449147029;66953
449147515;66970
449147699;66987
449184;67004
449272;67019
449274;67034
44929;67049
449296320;67063
4493;67080
449321;67093
449387;67116
449390;67131
449467;67146
449471;67161
449474;67176
449528;67191
44955762;67206
449574;67223
4496281445;67238
44969;67256
449756;67270
449768;67285
449795;67300
449863;67315
44987193;67330
4499;67347
44994;67359
44aa44;67373,67404,67443
44columbia;67518
44ee44;67537,67568,67607
44ffcc;67682,67713,67752
44k;67827
44min;67839
44th;67853,67898,67927
44x40px;67974
44z;67991
45;68003,69637,72155
450;74366,74554,74742
4500;74904,74925,74946
45001;74964
450024;74978
450054;74993
450098616;75008
450100;75025
450218;75040
450294;75055
4503;75070
450323724;75083
450324983;75100
450348;75117
4503824711;75132
450603;75150
450653;75165
4506716756;75180
450703;75199
450756;75214
450771;75229
45077571;75244
450807153;75260
45084453;75277
450895;75303
4509114325;75318
450932;75336
450965239;75351
450px;75368
450th;75388
451;75401,75461,75518
451025715;75586
451088;75603
4511;75618
451153;75631
451157;75646
451180;75661
451233;75676
451256;75691
451260;75706
45131;75721
45139;75735
451431;75749
451485;75764
451515;75779
45152;75794
451591;75808
451618;75823
45167678;75838
45175;75863
451778;75877
451809;75892
45181036;75907
451817;75923
451842;75938
451843;75953
451851;75968
4519023895;75983
451962;76001
452;76016,76084,76160
452000;76225
45200078;76240
452010;76257
452038;76272
452065;76287
452099;76302
452199212;76317
452199886;76334
452201086;76351
452227670;76368
452240;76385
45226634;76400
452274436;76416
452277397;76433
452301;76450
452328;76465
452345576;76480
452349848;76497
452389;76514
452396723;76529
452442;76546
45245;76561
45248;76575
452618;76589
452637;76604
45268676;76619
452713;76635
45284073;76650
45285714;76675
452878549;76691
452885;76708
45289;76723
452942;76737
452957;76752
452999;76767
453;76782,76834,76902
453011;76940
453018;76955
453026;76970
45306;76985
4531;76999
45312;77012
453182;77026
453205370;77041
453211449;77058
45321858;77075
453221516;77091
453230727;77108
453293;77125
4533;77140
453339;77153
45347;77168
4535;77182
453513;77195
453606;77209
4536160711;77224
453697;77242
453712;77257
453770;77272
45388;77287
453880;77301
453889;77316
4539;77330
453938;77343
453960;77358
453972;77373
453995;77388
454;77403,77471,77539
454021;77619
454025;77634
454074125;77649
454100025;77666
4541192;77683
454251723;77699
454254;77716
454285;77731
454346;77746
454368415;77761
454378321;77778
4544;77795
454418;77807
45443;77822
454433;77836
454438592;77851
454439197;77868
454443079;77885
454444431;77902
454445456;77919
454446947;77936
454456;77953
4544588;77968
454474991;77983
4545;78000
454517;78012
454533;78027
454548382;78042
454551509;78059
454578129;78076
454607700;78093
454704;78110
454743721;78125
454786;78142
4548;78157
454802;78169
454807;78184
454857;78199
45487309;78214
454880;78230
454918;78245
455;78260,78320,78413
4550;78497
455017;78510
45504;78525
45506;78539
455063;78553
455108;78568
4552;78583
455200;78596
4552988;78611
45532;78627
455410;78641
455417;78656
455463;78671
45547;78686
455528120;78699
455540;78716
455563;78731
45558885;78746
455616;78763
455673;78778
4556876719;78793
455776;78811
455852820;78826
455868;78843
455875377;78858
455887;78875
455925;78890
455975;78905
456;78920,79036,79088
4560;79212
456003277;79225
456008258;79242
456032;79259
456043192;79274
456043619;79291
456044295;79308
456044786;79325
456045562;79342
456047511;79359
456048500;79376
456049508;79393
456050482;79410
456054577;79427
456055115;79444
456059045;79461
456065895;79478
456078;79495
456120;79510
45613551;79525
456146;79541
456165;79556
4562;79571
456200;79584
456231526;79599
456232037;79616
456291;79633
456295;79648
4563;79663
456306;79675
456344868;79690
456345980;79707
456346459;79724
456346622;79741
456368118;79758
456387;79775
456451;79790
456482;79805
4565;79820,79833
456582988;79845
456623;79862
456688865;79877
45669;79894
4567;79908,79921
456703;79933
456799;79948
456818;79963
456873207;79978
456877742;79995
4569447;80012
45696366;80027
456963911;80043
457;80060,80152,80244
4570;80294
457191;80306
4572;80321
457237;80334
457249;80349
45725037;80364
45729;80389
457382;80403
457417;80418
45744091;80433
4574687;80449
4575;80464,80477
457512789;80498
457513365;80515
457517178;80532
457517421;80549
457519937;80566
457523;80583
457541878;80598
457542962;80615
457650806;80632
457652171;80649
457664;80666
45767188;80681
457684;80697
457686;80712
4577;80726
45776;80738
457905;80752
458;80767,80827,80886
458080;80970
458101399;80985
458114862;81002
458130;81019
458152458;81034
458154795;81051
458185;81068
458275;81083
458290564;81098
458291517;81115
45832;81132
45843093;81146
45843716;81163
458603;81180
458614;81195
458633;81210
458671875;81225
458672;81242
458862845;81257
45887;81274
458889;81288
4589;81303
45890;81315
458961;81329
45897;81344
458977;81358
459;81373,81459,81511
4590;81578
45903;81591
459038;81605
45904;81620
459053;81634
4590789;81649
4590790;81664
459175;81679
459183;81694
45920498;81709
4593;81726
459318;81739
459351;81754
459358;81769
459419;81784
459454;81799
459455576;81814
459456119;81831
459456352;81848
459457150;81865
459488;81882
4595;81897
459602;81910
459682;81925
459797;81940
459811684;81955
459812;81972
459831;81987
4599;82002
45am;82014
45b220fe;82043
45caus;82059
45em;82073
45feminist;82086
45got;82104
45hp;82117
45i;82129
45n;82140
45pm;82151
45px;82164,82201,82230
45th;82291,82320,82349
45v;82368
46;82380,83738,85918
460;87707,87799,87859
4600;87903,87916
46000433;87942
46003;87958
460056;87972
460075;87987
460121;88002
460190;88017
46025702;88032
460274;88048
460293;88063
460307890;88078
460314799;88095
460346;88112
460358;88127
460403;88142
46044;88157
460450330;88171
460457;88188
460541;88203
4606;88218
460636;88231
460659;88246
460663;88261
4607;88276
4607385993;88288
460743;88306
460774020;88321
46080;88338
460842;88351
460899;88366
460955365;88381
460957;88398
460960273;88413
460962455;88430
460962935;88447
460979098;88464
461;88481,88533,88577
461060;88669
4611546695;88684
461168212;88702
461189;88720
461235;88735
461239;88750
461250;88765
461258;88780
461274778;88795
461275279;88812
461276134;88829
461276890;88846
461280225;88863
461285;88880
461288;88895
461319604;88910
46134085;88927
461376;88950
46143;88965
4614471197;88979
4616;88997
461613;89009
461639;89024
461678;89039
461826;89054
461926;89069
462;89084,89136,89180
462029;89239
462082;89254
4621155;89269
462173;89285
46219864;89300
46222;89323
46223;89336
462288;89350
4623516202;89365
462404182;89383
462422314;89400
462433;89417
462494;89432
4625145;89447
462677;89469
4627;89484
462715;89496
462757;89511
462784;89526
462833;89541
462891;89556
4629231;89571
463;89595,89648,89692
463039;89744
463092;89759
4631;89774
463120;89786
463181;89801
463188;89816
463203;89831
46321;89846
46329;89860
46334;89874
4634578;89888
4634581;89904
4635;89920
46356;89933
463562778;89947
463570367;89964
463571446;89981
463589010;89998
463608;90015
463684;90029
4637;90044
463777506;90057
463812137;90074
463812926;90091
463821986;90108
4638274;90125
4638279;90149
4638299;90173
4638301;90197
4638312;90221
4638315;90245
46394447;90269
463982;90286
464;90301,90369,90413
4640;90465
464005;90484
46401987;90499
464027;90515
464039;90530
464061199;90545
46406197;90562
46408;90579
464188;90593
464195;90608
4642051961;90623
464272;90642
46441;90657
464535;90670
4646;90685
464646;90698
4646838903;90712
46469;90730
464699;90743
464718;90758
464725;90773
464783;90788
464802;90803
464886;90818
464890;90833
464909;90848
464954;90863
464977;90878
464988752;90893
465;90910,91002,91080
465012;91140
46507;91155
465176;91169
4652;91184
465202;91196
465237;91211
465282;91226
465290;91241
465359;91256
46538;91271
465401;91285
465466;91300
4655;91315
465515;91328
465569;91343
465618;91358
4656184316;91373
465643;91391
465658296;91406
465661997;91423
465664275;91440
465665329;91457
465666140;91474
465683;91491
465687;91506
465689449;91521
465689954;91538
465722704;91555
465723309;91572
465725;91589
465755;91604
465813;91619
4658235908;91634
465855;91652
465858;91667
46587737;91682
465878;91699
465881;91714
465934471;91729
466;91746,91790,91882
4660;91940
466007;91951
466019;91966
46602;91981
466049;91995
466125;92010
466179;92025
466193855;92040
466216547;92057
46622747;92074
466255;92090
466372;92105
466376;92120
466454;92135
466461;92150
466518;92165
466534;92180
466579;92195
466585;92210
466603840;92225
466608161;92242
466611290;92259
466613598;92276
466616765;92293
466617727;92310
466618216;92327
466660;92344
466667;92359
4667;92382
466736;92394
466773466;92409
466793;92426
466797;92441
466869;92456
46690;92471
467;92484,92529,92573
46709;92609
467155;92623
467165677;92638
467182;92655
46719921;92670
4672;92686
467216;92698
467220;92713
467266;92728
467339;92743
4673961;92758
46741;92774
467461;92788
467502;92803
467506;92818
467522;92833
467579;92848
4676;92863
4676066041;92875
467682;92893
467731;92908
467754713;92923
467766;92940
467792531;92955
467796;92972
46786071;92987
467930;93012
467960;93027
468;93042,93062,93114
468067;93132
46809822;93147
4681;93163
468105505;93182
468115871;93199
468127248;93216
468154331;93233
468160364;93250
46817;93267
4682;93281
468204;93293
468232125;93308
468250;93325
4682b4;93340,93371,93385
468305872;93400
468346;93417
468430;93432
468437;93447
46849521;93462
4685;93479
468584699;93491
468607891;93508
468643;93525
468650738;93540
468655;93557
468669624;93572
468750;93589
468788;93604
46879;93619
468845;93633
468887;93648
468974977;93663
468983300;93680
469;93697,93757,93849
469093;93881
469135523;93896
469170;93913
469222510;93928
469222953;93945
46924109;93962
469265;93978
46933;93993
469419808;94007
469420344;94024
46943;94041
4695;94055
469505942;94068
46953;94085
469534874;94099
469538889;94116
469577211;94133
469587927;94150
469588302;94167
469595;94184
46961140;94199
469613780;94225
469669;94242
469699425;94257
469702065;94274
46974613;94291
4697829187;94324
4698693752;94342
469963;94360
46996527;94375
46ce;94391
46em;94404
46er;94416
46k;94449
46th;94461,94490,94503
46z;94522
47;94534,95913,98010
470;99805,99873,99946
4700;100006,100019
470127;100038
470127763;100053
4701300;100070
470131;100085
470135;100100
47018;100115
470215;100129
470219;100144
470249;100159
470257;100174
470286454;100189
4703565836;100206
470375;100224
470378;100239
470417;100254
47043;100269
470455;100283
470539;100298
470551;100313
4706;100328
470630100;100340
470641128;100357
470641239;100374
470645569;100391
470696705;100408
47071;100425
470894;100439
4708th;100454
4709;100469
470970;100490
471;100505,100605,100655
47107;100723
471081;100737
471203;100752
471225463;100767
471283;100784
471291;100799
471344;100814
471389;100829
471414565;100844
47149020;100861
471523;100877
471545;100892
4715463221;100907
471672482;100925
4717;100942
471716932;100954
471722416;100971
471733;100988
47177;101003
471790;101017
47185045;101032
471859190;101057
471924;101074
471944;101089
472;101104,101172,101248
47204959;101308
47212234;101325
472168;101341
47219;101356
472240;101370
47232;101385
472349708;101399
472361360;101416
472378;101433
4725;101448
47252;101461
472530;101475
472542;101490
4726;101505
472618;101516
47276;101531
472828979;101545
472844271;101563
472965;101580
472984716;101595
472989353;101612
47299;101629
473;101643,101703,101748
4730;101813
473140;101825
473171;101840
473178356;101855
473183457;101872
47323020;101889
47329;101914
473403144;101928
473406403;101945
473503;101962
473516656;101977
473525891;101994
473549;102011
473553;102026
473555668;102041
473557;102058
47358537;102073
473618;102089
473625;102104
473644;102119
473694;102134
4737530947;102149
473789;102167
4738;102182
473820;102195
473831;102210
473906965;102225
473907393;102242
473918;102259
47393;102274
473949;102288
473l;102303
474;102315,102375,102467
4740001;102507
474052;102531
474056;102546
4740689993;102561
474113;102579
4741576314;102594
47416;102612
474209;102626
474304;102641
474316;102656
474342;102671
474541;102686
474571;102701
4746;102716
4746075;102729
47462;102833
47464;102847
474722;102860
474777248;102875
474892;102892
474903;102907
47490615;102922
474916;102947
4749314487;102962
474941;102980
474993689;102995
474993913;103012
474995431;103029
475;103046,103114,103182
475110;103252
475136;103267
475159;103282
475338;103297
47537;103312
4754;103326
475513;103337
475552;103352
475559;103367
475612209;103382
475614622;103399
475618754;103416
475651;103433
47569;103448
475741380;103461
475745585;103478
475746908;103495
475756713;103512
475762807;103529
475766488;103546
475770389;103563
47578669;103580
475787470;103596
475794000;103613
475800;103630
4758032564;103645
47590686;103664
475928220;103680
475929965;103697
475948075;103714
475964;103731
476;103746,103854,103922
476009;103981
476051;103996
4760789;104011
476120;104026
476143969;104041
476264151;104058
476267881;104075
476269287;104092
476270920;104109
476271393;104126
476278915;104143
476300652;104160
476302434;104177
47631955;104194
476323257;104210
476337576;104227
476414;104244
476418;104259
47648;104274
476532;104288
476583;104303
4766;104318,104331
4767;104344
476746;104357
4767839015;104372
47698;104390
477;104404,104464,104532
477004096;104585
477014811;104602
477015697;104619
4771;104636
477139;104649
477161;104664
4773;104679
47731;104692
477318;104706
477350698;104721
477378172;104738
477390;104755
477393666;104770
477399201;104787
477399611;104804
477402799;104821
477406247;104838
477409;104855
47741;104870
477417;104883
477421;104898
477426242;104913
477440183;104930
477440655;104947
477459;104964
477459851;104979
477460973;104996
4775;105013
477505;105027
477509830;105042
477516;105059
477516684;105074
477520345;105091
477522577;105108
477523152;105125
477535;105142
477539;105157
477543;105172
477554;105187
4776;105202
47763;105214
477646;105228
477661;105243
477665;105258
477673;105273
477684;105288
4777;105303
477749;105316
477753;105331
47776;105346
4778;105360
477833;105373
477848;105388
47787179;105403
477921;105420
477987349;105435
478;105452,105512,105593
478058;105653
478065;105668
478073;105683
478098381;105698
478184;105715
478237;105730
478291;105745
478302;105760
478326265;105775
478338170;105792
478339879;105809
478363;105826
478386;105841
478413;105856
478428;105871
478443;105886
478466732;105901
478476600;105918
478477709;105935
478508195;105952
478546;105969
478550;105984
478638;105999
47865;106014
478657;106028
47875483;106043
478802350;106059
478819489;106076
478844;106093
478851;106108
478858006;106123
478860663;106140
478863874;106157
478864267;106174
478901;106191
478909;106206
478912;106221
47895;106236
478958;106250
478973;106265
478996170;106280
4789998;106297
479;106313,106365,106417
479008;106477
479013288;106492
479053;106518
47906184;106533
479080;106549
47909;106564
479139781;106578
479149;106596
4792227;106611
4792230;106627
479237;106643
479309870;106658
479328732;106675
479343;106692
479351;106707
479427;106722
479446;106737
479481;106752
4795780778;106767
4796241;106785
479687;106801
479713;106816
47973;106831
4798;106844
479885;106857
4799;106872
479963351;106884
479965;106901
479965494;106916
479967694;106933
479969;106950
479973831;106965
479976364;106982
47a004ab;106999
47aa;107022
47b;107035
47c;107047
47cf;107059
47k;107071
47th;107083,107136,107157
48;107197,108718,110902
480;112650,112719,112807
4800;112939
480000;112960
48004;112975
480057;112989
480137;113004
480179;113019
480202;113034
480263;113049
48029012;113064
48029326;113080
480308661;113096
480366556;113113
4804;113141
480408;113153
480476;113168
4804934263;113183
48053;113201
480549929;113215
480556;113232
480593818;113246
480606;113263
480648257;113278
480679;113295
480694;113310
480736;113325
480743;113340
480747;113355
480756803;113370
480758624;113387
480759;113404
4807891846;113419
48081790;113437
480915;113454
48096;113469
480980;113483
480th;113498
481;113512,113572,113623
4810;113691
481013001;113703
481064;113720
481079;113735
481113;113750
4811217;113765
481196;113780
481213;113794
481231;113809
481239;113824
481277;113839
481365;113854
481403;113869
481403418;113884
481408406;113901
48143;113918
481445;113931
481480;113946
481491;113961
4815;113976
48151;114077
481514;114091
481533;114106
481569049;114121
481598;114138
4816;114153
481602272;114166
4816303849;114183
481644;114201
481647;114216
481667;114231
48170300;114246
481724;114263
481726745;114278
481728589;114295
481728920;114312
48173;114329
481731;114343
481750;114358
48175374;114373
48176;114390
481815;114404
481873;114419
481915;114434
481937;114449
481941;114464
481956;114479
482;114494,114538,114602
48206;114694
482147;114708
482258;114723
482262;114738
482292;114753
482327;114768
482353;114783
48237861;114798
482494;114814
482517;114829
482574;114844
482605;114859
4827699;114874
482780;114889
482807;114904
482841;114919
482861;114934
482899;114949
48293;114964
483;114978,115022,115074
4830;115120
483013;115132
483025;115147
483051;115162
483056;115177
48313;115192
48317;115206
483200;115220
483215;115235
483276;115250
483333;115265,115280
483345;115295
483376;115310
4834135771;115325
483453864;115343
48349201;115360
483516468;115376
48353658;115393
483574;115410
483582;115425
483638;115440
483665;115455
483685;115470
483686763;115485
483702883;115511
483788;115528
483807;115543
483837;115558
4839687645;115573
483997;115591
483c32;115606,115629
484;115643,115719,115765
484028;115833
484066;115848
4840a0;115863,115910,115933
4841;116009
484100;116022
484127;116037
484131;116052
484161;116067
484180;116082
48419;116097
484253;116111
484287;116126
484337;116141
484352;116156
484360;116171
484375;116186
484390;116201
484394;116216
484399;116231
484525;116246
484528;116260
4845285714;116275
484606;116293
4847;116308
484753;116322
484776;116337
484783;116352
484795;116367
484844;116382
484901;116397
484905;116412
484917;116427
484932;116442
484989;116457
484997;116472
485;116487,116524,116596
485001325;116648
48501;116665
485058;116679
485062;116694
485067339;116709
485085;116726
4851;116741,116754
485168356;116766
485168883;116783
485173711;116800
485191;116817
485241;116832
485259877;116847
485262672;116864
485291;116881
485317;116896
485416;116911
485428;116926
4854550362;116941
485634;116959
485657;116974
485672;116989
4857;117004
485722;117016
48577;117031
485779;117045
485787082;117060
485794;117077
4858;117092
485855;117105
485924;117120
486;117135,117195,117279
486023;117346
486088;117361
486099;117376
486122;117391
486130;117406
4861379266;117421
486164;117439
48617687;117454
486187;117479
486237;117494
486240;117509
486244;117524
486252;117539
486267;117554
486294;117569
486313;117584
486340;117599
48635487;117614
486374;117631
486420;117646
486473;117661
4865;117676
486549;117687
486561;117702
486576;117717
486584;117732
4866;117747
486631403;117758
486634627;117775
486641;117792
486659529;117807
486663392;117824
486678699;117841
486683296;117858
486689135;117875
486792163;117892
4868;117909
486807445;117920
48681;117937
486811135;117951
486815627;117968
486830780;117985
486835;118002
486835065;118017
486837147;118034
486839005;118051
486841718;118068
486849816;118085
486858;118102
486870;118117
486878105;118132
48689;118149
486902018;118163
486906260;118180
486927;118197
48694634;118212
48697;118228
486px;118242
487;118255,118283,118348
48701;118440
487083664;118454
487084325;118471
487085288;118488
487106;118505
487137;118520
48718;118535
48719;118549
4872;118562,118575
487217;118588
487244220;118603
487245706;118620
487312804;118637
487319619;118654
487320432;118671
487323380;118688
487326787;118705
487327823;118722
48733;118739
487338043;118753
487347;118770
487373746;118785
487374594;118802
487418727;118819
4874299;118836
4875;118852
4875053;118864
487528;118879
48754871;118893
4876;118909
487631769;118921
487656;118947
4876993597;118962
48775799;118980
48778;118996
4878302;119010
4878527;119026
487984;119050
48798765;119065
487991;119081
487abf;119096
488;119111,119173,119238
488023;119322
4880318;119337
488060;119353
488061;119368
48824;119383
488250172;119397
488270;119414
4883;119429
4883491993;119441
488398;119459
4884;119474
488421531;119486
488435;119503
488483;119518
488499;119533
488514;119548
48855;119563
488552;119577
488567;119592
48862;119607
488693;119621
488697;119636
488857;119651
488914;119666
488941;119681
488ac7;119696,119719,119743
488ed3;119757
489;119773,119825,119933
489082;120007
4891;120022
489103;120035
48913;120050
489192262;120064
489274472;120081
489299;120098
4893;120113
489334;120126
489365;120141
48942;120156
489456;120170
489491;120185
489522642;120200
489526172;120217
489526391;120234
489534546;120251
489535247;120268
489536307;120285
489536592;120302
489536680;120319
489540;120336
489557933;120351
489581;120368
489634664;120382
489654604;120399
48966;120416
489671007;120430
489769;120447
489880;120462
489922;120477
48994671;120492
489h;120518
48ce;120531
48h;120544,120556
48px;120567
48th;120585,120638,120663
49;120708,121985,123983
490;125630,125682,125742
490196;125801
4902;125816
490211;125829
490246;125844
490299;125859
4903;125874
490311;125886
490314;125901
49037;125916
490437;125930
490459;125945
49051;125960
490543;125974
490555;125989
490570;126004
490578;126019
49061358;126034
490616;126050
490646;126065
490665;126080
490696;126095
490707;126110
490711;126125
490723;126140
490757;126155
490837;126170
490856;126185
490868;126200
490887;126215
4909;126230
490910;126242
490971;126257
491;126272,126332,126440
49106145;126472
491074;126488
491077;126503
491097289;126518
491104;126535
491112;126550
49115;126565
491199;126579
491205937;126594
49131;126611
491426810;126625
491434713;126642
491501;126659
491600;126674
49163;126689
491641443;126703
491798;126720
491806;126735
491875;126750
491890;126765
491905;126780
49190819;126795
492;126811,126865,126949
492004;127002
492035;127017
4921;127032
492165;127046
492188;127061
492195;127076
492233;127091
492237;127106
492245;127121
492290;127136
49232;127151
492335592;127165
492338129;127182
492340;127199
492352;127214
492352371;127229
4924;127246
492400953;127258
492420;127275
492443;127290
492462;127305
492470;127320
49248452;127335
4924848;127359
492527;127383
492543;127398
492547922;127413
492555289;127430
492569;127447
49259;127462
492592;127476
492607;127491
492705264;127506
492707429;127523
492707950;127540
492710;127557
492714;127572
492752;127587
492764;127602
492813;127617
492828;127632
492847;127647
492851;127662
492863;127677
492882;127692
4929;127707
492939;127720
492996;127735
493;127750,127810,127862
493007875;127907
493010023;127924
493011731;127941
493046;127958
493060371;127973
4931;127990,128003
493152554;128016
493160;128034
493178547;128049
493183;128066
493204332;128081
493256358;128098
493257967;128115
493261867;128132
4933;128149
493309;128162
493317;128177
493337460;128192
493350443;128209
493362;128226
493363241;128241
493404;128258
493408;128273
493439;128288
493462;128303
493469;128318
493477;128333
493500;128348
493511;128363
493523;128378
493525058;128393
49356;128410
493580;128424
493591;128439
493626;128454
493629;128469
493637;128484
493652;128499
493668;128514
493694;128529
493732;128544
4937413037;128559
493744;128577
493755;128592
493789712;128607
493809;128625
493858;128640
493874;128655
4939;128670
493900;128683
493980;128698
494;128713,128773,128838
4940;128938
4940109551;128959
494026;128977
49408185;128992
494087;129008
49414408;129023
494167;129040
494179;129055
494228;129070
494244;129085
494251;129100
494293;129115
49429653;129130
4943;129155
494324;129168
494343;129183
49436669;129198
494411;129215
494415;129230
494431;129245
494434;129260
494461;129275
494480;129290
494522;129305
494556;129320
494564;129335
4946;129350
494610;129362
49462173;129377
494633;129394
494640;129409
49465;129424
494667;129437
494678;129452
494720;129467
494736;129482
494760097;129497
494781;129514
494846;129529
49490;129544
494900;129558
494907;129573
494915;129588
494949;129603
494953;129618
494972;129633
49499789;129648
495;129673,129741,129817
495041;129898
495060;129913
495071;129928
49507397;129943
495098;129960
495102;129975
49513;129990
495144;130010
495148;130025
495174183;130040
495182;130057
495201;130072
495213;130087
495243;130102
49525;130117
49527329;130131
495307215;130147
495325926;130164
495335;130181
495392;130196
495399;130211
495441;130226
495457;130241
495480;130256
495500078;130271
495506;130297
4955292046;130312
495567;130330
495571;130345
495613;130360
495651;130375
495655018;130390
495655610;130407
495662309;130424
495674;130441
495708;130456
495728;130471
495773;130486
495804;130501
495848100;130516
495849906;130533
495855161;130550
495855962;130567
495884;130584
495899;130599
495956;130614
49597;130629
496;130642,130702,130778
496002;130838
496010;130853
496029;130868
496053;130883
496113;130906
496120;130921
496170;130936
496223;130951
496277;130966
496281;130981
496289964;130996
49629650;131013
496349;131030
496353;131045
496357;131060
496368;131075
496407;131090
496441;131105
49645;131120
496452;131134
496468;131149
496471;131164
496475;131179
496510;131194
496517;131209
496525;131224
496529;131239
496540;131254
496552;131269
496574599;131284
496597;131301
496605;131316
496624;131331
496628;131346
496636;131361
496655;131376
496658;131391
496681;131406
496685;131421
4967;131436
496708;131539
496735;131554
496769;131569
496773;131584
496834;131599
496849;131614
496857;131629
496880;131644
496895;131659
4969;131674
496955784;131685
496986;131702
496990;131717
496994;131732
496ff;131747
497;131760,131812,131871
497005;131939
497089;131954
497093;131969
497162;131984
497166;131999
497189;132014
497264290;132029
497284;132046
497326;132061
497360;132076
497383;132091
497387;132106
4974;132121
497402;132132
497407917;132147
497498;132164
497543;132179
497559;132194
497589;132209
4975917041;132224
497625866;132242
497627059;132259
497631;132276
4976347;132291
49767;132306
49774;132320
497788;132334
497868;132349
497906;132364
498;132379,132424,132489
498020;132525
498089;132540
498127;132555
4981312156;132570
498180;132588
498207;132603
498219;132618
498227275;132633
498227797;132650
498228092;132667
498264;132684
49829;132699
498348;132713
498360;132728
498371;132743
498382139;132758
498394;132775
498413702;132790
498459;132807
498489;132822
49851155;132837
498631;132853
49870;132868
498711;132882
498734;132897
498775;132912
498817;132927
498817598;132942
498818636;132959
498843036;132976
4989;133002,133015
498909;133027
498955;133042
499;133057,133117,133190
499016;133282
499050;133297
499088;133312
499162682;133327
499195;133344
4992;133359
4992498;133372
499265379;133388
499321;133405
499325;133420
49942;133435
499437119;133449
499444;133466
499486170;133481
499515614;133498
499527;133515
499565;133530
49958162;133545
499630531;133561
499631981;133578
499641651;133595
499647692;133612
499668;133629
499675972;133644
499677150;133661
49968;133678
499718;133692
49974127;133707
499767;133732
499778222;133747
499790;133764
499790573;133779
499894612;133796
4999;133813
499928;133825
499989;133840
499996;133855
49er;133870,133891,133904
49k;133923
49th;133935,134020,134049
49the;134061
49thshelf;134075
49z;134092
4a;134104,134135
4a2f;134162
4a3f3f;134175
4ad;134189,134201
4asa11;134219
4asa12;134234
4asa13;134249
4asa14;134264
4asa15;134279
4asa16;134294
4asa17;134309
4asa18;134324
4asa19;134339
4asa20;134354
4asa21;134369
4asa22;134384
4b;134399,134410
4b0082;134427
4b6;134442
4b62;134454
4b89;134466
4ba2;134479
4bf5;134492
4c;134504,134515,134534
4c0099;134544
4c3366;134558
4c65;134572
4cbb17;134585
4cf3;134600
4cfqrw3;134612
4clt;134628
4corner;134641
4cv;134656
4d;134668,134679
4d1e;134698
4d25;134710
4d6;134722
4d6633;134734
4d6a;134748
4d7;134761
4d7a;134773
4d8;134786
4d9900;134798
4dih;134812
4dii;134825
4e1;134838
4e30;134849
4e562c;134862,134911
4em;134926,134979,135081
4everproxi;135133
4ex;135151
4f;135163
4f4f4f;135214
4f7942;135229
4f80;135242
4fba;135254
4font;135266
4gw;135280
4h;135292,135319
4hana;135329
4i7i;135342
4idaho;135355
4info;135370
4k;135383,135402
4music;135412
4n;135427
4name;135438
4nt;135453
4play;135465
4px;135478,135566,135689
4q;135764
4r;135774,135785,135796
4ref;135806
4s;135819
4s5p;135836
4s6p;135848
4split;135860
4sync;135876
4talk;135889
4th;135902,136484,136857
4to;137214
4unsourc;137225
4wp;137242
4wpc;137253
4x;137266,137277,137288
4x100;137298,137312,137326
4x200;137339
4x4;137353
