20;0,59,94
200;125
2000;150,332,498
2001;711,773,881
2002;974,1155,1249
2003;1350,1483,1592
2004;1735,1868,1957
2005;2122,2439,2561
2006;2614,2747,2912
2007;2973,3074,3177
2008;3286,3427,3565
2009;3682,3815,3883
2010;3976,4573,5126
2011;5619,5896,6012
2012;6465,6702,6921
2013;7062,7507,7902
2014;8347,11064,13169
20140419;15406
20140426;15423
2015;15440,15669,15957
2016;16202,16335,16444
2017;16539,16624,16699
2018;16824,16949,16986
2019;17047,17076,17129
2021;17197
2050;17210
2054;17223
2055;17236
2059;17249
2060;17262
20th;17275,18088,19147
21;20064,20147,20185
210;20276
21st;20288,21101,21828
22;22449,22460,22471
22nd;22481
23;22493,22504,22539
24;22591
25;22608,22619,22630
250;22647
254;22659
2k;22669
2nd;22680,22692,22728
2ne1;22802
