00;0,2813,5128
000;7561,9930,11618
0000;13844,13881,13894
00000;13912
000000;13926,14152,14309
0000000;14542
000000001;14557
000009059;14574
00001607;14591
0000250978;14608
0000257996;14626
000030;14645
000033;14660
0000359;14674
00005d;14689
000060;14704,14719
000066;14733
00007;14747
000070;14769,14785
000080;14801,14840,14887
00008b;14926,14949,14963
00009;14987
000092;15001
000099;15016,15135,15174
0000cc;15329,15352
0000cd;15372
0000ee;15387,15402
0000ff;15417,15480,15526
0001;15575,15588
00012;15600
000160;15613
0002;15628
00025;15649
00026;15663
000260;15677
000286;15691
0003;15706,15719
00031805;15732
000327313;15748
00037116;15766
000381;15783
000388;15798
000397;15901
00041;15916
000427;15930
00043764;15945
000511;15962
0006;15977
000666;15990,16013
000702;16028
000755;16043
000771;16057
000778;16072
000801;16087
0009;16102
000938;16115
000e;16130
000mw;16151
000sqm;16165
000th;16179,16193
000total;16220
000winter;16237
000x;16255
001;16268,16312,16344
0010;16398,16411
001004551;16424
001022;16442
001038;16457
001068529;16472
001083113;16490
001087058;16508
0011;16526
001139133;16539
001162147;16557
0011ff;16575
0012;16590
001289;16603
0013;16618,16631
0014;16644,16657
001427;16670
00144;16685
0015;16699
001534;16720
00155;16735
0016;16749
001717;16762
001755;16777
001761;16792
001770;16807
00183;16822
0019;16836,16849
001933;16862
00195;16876
001963;16890
002;16905,16941,17018
002052;17064
002090;17079
002131;17094
002147;17108
002159;17123
002197;17138
002197538;17153
0021a5;17171
0022;17186,17199
002206;17212
00223;17227
00228;17241
002424359;17255
00246046;17273
002487;17289
0026;17304
002602;17317
00262903;17332
00262986;17349
002640;17366
00265;17381
002654;17395
00266d;17410
00285c;17424
00285d;17439
002868;17454,17509
0029354;17523
002998;17539
002bb8;17554,17697,17745
003;17760,17796,17856
0030;17905
003067;17918
00308f;17933
00321;17947
003212;17961
0032229968;17976
003296;17994
0033;18009
003300;18022
003319;18036
00332747;18050
003333;18067
003366;18081,18096
00339;18110
0033964;18124
003399;18139,18153,18168
0033be;18183
003448;18198
003494;18213
00357;18228
0036;18242
003632;18255
003659;18270
003659485;18285
00372;18302
003761;18316
003830;18331
003893;18346
003899;18361
0038a8;18376,18399
003906;18439
003922;18454
003952;18469
003967;18484
00397825;18499
003b48;18515
003eba;18538,18825,18984
004;19194,19246,19298
0040;19330
004028;19343
004036;19358
004065002;19373
004105;19391
004112;19406
0043;19421
0043235;19434
004372;19458
004441715;19473
0045;19491
004536;19512
004537;19527
004562;19542
0046;19557
004669;19570
0046b8;19585
0047;19601
004730;19613
0047ab;19636,19651
0048;19674
004860;19686
004b70;19701
004c99;19715
004e8f;19729
005;19744,19812,19844
0050;19928
005000;19941,19969,19984
005028;20015
0050801039;20030
00509e;20048
005173;20063
005200949;20078
005226;20096
005439470;20111
005455;20129
005470;20144
005486;20159
005516;20174
0055957;20189
0056;20213
005614614;20226
00563f;20244
005684;20259
00568414;20274
0057;20290
00574863;20302
005806;20318
0058863508;20333
005898;20351
00599466;20366
005daa;20383
006;20398,20530,20611
006125807;20704
0061346163;20722
0061538098;20741
0061987;20759
00622505;20775
006248;20792
0062497628;20807
006271227;20826
006271625;20844
006378;20862
006400;20877,21028,21049
0064679;21088
006516;21112
006528296;21127
006599;21145
006600;21160,21199,21246
006629;21277
006633;21291,21330,21345
006638;21366
006666;21381
0066cc;21395
006776781;21409
0067887558;21427
006822108;21445
00683117;21463
006886355;21479
006958;21497
006966;21512
00697565;21527
006996;21543
006a4e;21558,21574,21589
006b54;21610,21625,21656
006eb3;21670
007;21685,21810,21898
0070;22007
00703e;22020,22035
0070513546;22049
0070ff;22068
0071422943;22083
007217;22110
0072560;22125
0072bc;22141
00733;22156
00735;22178
0074;22192
007629;22213
007645;22228
00773;22243
007736;22256
007774;22271
0077be;22286
007820;22301
007835;22316
007881;22331
0079;22346
0079317093;22358
007935;22376
007ba7;22391
007d69;22406
007fff;22420,22451
008;22465,22510,22546
008000;22577,22664,22767
0080417876;22896
008080;22914,22953,22966
0080a0;22981
0080bd;22994
0081;23009
008142;23030
00817;23045
008171;23058
008186;23073
00822;23088
0082b8;23102
00831;23117
008331;23131
008377;23146
00843024;23161
008504;23177,23200,23215
00853753;23250
00854;23266
008560;23280
008621;23295
00863;23310
008644;23324
0087;23339
008736;23352
008751;23367,23382
0087dc;23396,23411,23426
008827;23440
008889;23455
008b00;23470
008b8b;23485,23516
008be3;23551
009;23574,23618,23678
009000;23762
00918;23777
009186;23790
009216;23805
009247;23820
00925;23835
009483;23849
00955;23864
00959;23878
0095c5;23891
009636;23914
009663;23929
009695;23943
0097;23958
009734096;23971
00981;23988
00983;24002
00986;24016
00988;24030
009900;24044,24171,24210
009903;24365
00992;24380
00993;24394
009933;24408,24431
00994c;24452
009966;24466
00998;24480
009999;24494,24509
0099ff;24530,24546
009a64;24560
009o9;24575
00a;24589
00aeef;24600
00am;24614
00b0e2;24632
00b6ff;24647
00b7eb;24662
00b8e6;24677
00bfff;24693,24716
00c;24738,24750
00ca00;24768,24935,25018
00cc00;25163,25186,25201
00cc66;25215
00cccc;25229
00ccff;25250,25281,25320
00cdff;25401
00d400;25415
00e;25429
00f;25441,25511,25587
00fa9a;25631
00fade;25655
00ff00;25669,25693,25728
00ff7f;25751
00ffff;25765,25780,25795
00fuck;25809
00i;25823
00pm;25834,25887,25927
00ride;25972
01;25986,28668,30780
010;33692,33744,33764
0100;33802
01004;33815
01008;33829
01010143;33843
01015;33860
01022;33874
010239;33888
01029;33903
0103;33917
01030;33930
010300;33944
01035;33959
01044;33973
0104588;33987
010475;34003
0105;34018
01053;34031
0106;34045,34058
010612;34071
01069;34086
01075;34100
010765;34114
0108;34129
010818;34150
01082;34165
01089;34179
0109;34193
010925;34206
01095;34221
01096785;34235
011;34251,34295,34355
01101;34380
011078;34394
011093;34409
0111;34424
01110f;34437,34460
01112;34474
01118;34488
0112;34502,34515
01125;34528
011365;34542
0114;34557
011451;34570
01147;34585
01149;34599
011520;34613
011551;34628
01159954;34643
0116;34659
01162;34672
01167;34686
011681;34700
011757;34715
011803;34730
011810;34745
0118115;34760
011879;34776
0119;34791
011948;34804
012;34819,34895,34939
012047;34985
0122;35000
01220393;35013
01221754;35029
012229992;35046
01229024;35152
012352;35168
01235878;35183
012360;35199
0123736935;35214
012384;35232
012390;35247
0124;35262
0124091571;35275
01241;35293
012497;35307
0125;35322
0126112;35343
01263;35359
012634;35373
0127;35388
012810;35401
012833;35416
0129;35431
013;35452,35480,35532
013003;35550
013100;35565
01314646;35580
013288;35597
0133;35612
013306;35625
013382;35640
013461;35655
01348976;35668
01353526;35685
013557;35702
013611;35717
01367;35732
013779;35746
013786;35761
013855;35776
013974;35791
014;35805,35857,35941
0140213645;35952
014131546;35971
014134;35988
014153;36001
014158;36016
014191;36029
014201;36044
014278;36057
014282;36071
014328;36086
014373;36101
014374;36114
0143848;36129
014481;36145
0145;36160
014511;36173
014519;36188
014657;36203
01473;36216
014763;36230
014771;36245
01478;36260
014801;36274
015;36289,36333,36361
015099;36400
0151;36415
01515698;36428
0151717001;36444
015175;36463
015184;36478
0152057726;36491
015236;36509
015282;36524
0153;36539
015366;36552
01537;36567
01539c;36581
0154;36596
015526;36609
015553;36624
0156;36637
01570;36650
0159;36664
015945;36676
015948;36691
016;36706,36750,36778
0160;36825
016029;36838
016098;36853
016258;36868
016327;36883
016495;36898
016556;36913
016777;36928
016792;36943
016991;36958
017;36971,37007,37051
017029;37090
017052;37105
017128;37118
017220;37133
0174;37148
017478;37161
017481;37174
017509;37187
017644;37202
017647;37217
017731;37232
017822;37247
017876;37262
017926575;37277
01796f;37294
017990;37309
018;37324,37368,37404
018037;37422,37437
018074;37450
0181965195;37463
018219;37481
018293051;37496
018396;37513
018434;37526
018536;37539
018716335;37552
018730;37569
018736;37584
018745;37597
018784;37612
018863;37627
019;37640,37676,37744
0190307777;37782
019167689;37800
01918;37818
019180;37832
0192;37847
019228;37860
01925b;37873
019260;37888
019265;37903
0192979574;37916
019336;37934
019367;37947
019432;37960
019554;37975
019577;37990
019615;38005
019653;38020
019683;38035
0197;38048
019721;38061
01973;38074
019745;38088
019768;38103
019836;38118
019893;38133
019936;38148
019958;38163
0199654376;38178
019974;38197
019976719;38212
019997;38230
01first;38245
01last;38260
01net;38274
01oct;38287
01st;38300
01z;38312
02;38324,41199,43105
020;45947,45983,46008
02000;46044
020042;46058
020050;46073
0200h;46088
020197;46102
020202;46125
020203;46148
020226;46163
0202470087;46178
020264;46196
020287;46211
020355;46226
020386;46241
020454;46256
020592;46271
02062;46286
0207;46300
020706;46313
02073;46327
020752;46341
020833;46356,46371
020882;46385
0209;46400,46413
020923;46425
020987;46438
021;46451,46471,46501
0210;46545
021004;46558
021011;46573
021126;46588
021149;46603
021171925;46618
021172;46635
021183015;46650
021248;46667
02138;46682
021393;46694
0214;46709
02146;46722
0215240717;46736
021530;46754
021553;46769
0216941833;46784
0217;46802
021790;46815
0218;46830
0219;46842
021927;46855
021955;46870
022;46885,46953,46977
022194;47037
0222;47052
022209;47065
022232;47080
022240;47095
022331;47110
022385;47125
022430;47140
022476;47155
02251975;47170
022629;47187
0228;47202
022873;47221
0229;47236
023;47249,47293,47325
0230;47361
023018;47374
0230378250;47389
023048;47408
0230598978;47423
02307;47442
023079;47456
0231507364;47471
0231510667;47489
02318;47507
023193;47521
023209;47536
023262;47551
023361;47566
02337;47581
0233980148;47594
0235;47612
023529;47624
023544;47639
023560;47654
023582;47669
0236;47684
023605;47697
023636;47712
023698;47727
023720;47742
02374;47757
023865;47771
023895;47786
024;47801,47829,47881
024101;47925
0241116902;47940
024112;47958
0241649151;47973
0242;47991
024323;48004
024338;48019
024399;48034
024406;48049
024460;48064
0245;48079
024521;48092
024742;48107
02479098;48122
024811;48139
02483;48154
024918;48168
024925;48183
025;48198,48234,48299
0250;48343
025169;48355
0254;48370,48383
02551;48395
025528;48409
0255564898;48424
025703;48442
025711;48457
025818;48472
025864;48487
025887;48502
026;48517,48561,48592
026016;48668
026024;48683
026085;48698
026138;48713
026154;48728
026176;48743
026299;48758
0263;48773,48786
026398;48797
02646;48812
026489;48826
026527;48841
026677965;48856
026680;48873
026711;48888
026726;48903
026810;48918
026833;48933
026855;48948
026878;48963
027;48978,49046,49100
0270;49168
027000;49180
027016;49195
027039;49210
027069;49225
027092;49240
027122;49255
027130;49270
027161;49285
027260;49300
027275;49315
0273;49330
027306;49343
027336;49358
027359;49373
02736127;49388
027374;49404
027390;49419
0274449;49434
0274517648;49449
027603;49467
027611;49482
027657;49497
027671;49512
027687;49527
0276bf;49542
0276fd;49557
027778;49572
0277971029;49586
027817;49604
0278708935;49619
0279;49637
02791072;49650
027977;49667
028;49682,49718,49744
028020;49780
02813;49795
028175;49809
028221;49824
028252;49839
028320;49854
0283324588;49869
028333;49887
028374;49902
028427;49917
028526;49932
028564;49947
028580;49962
028625;49977
02864;49992
02866;50006
028664;50020
028702;50035
02878177;50050
0288;50066
028915;50087
02893329;50102
029;50118,50154,50205
02900;50249
029015;50263
0291227102;50278
029129;50296
02916;50311
029198;50333
029228;50348
029312;50363
029320;50378
029388;50393
02945068;50408
029473193;50425
02952;50442
0297;50455
02974;50468
029854;50482
02987;50497
0299124347;50511
029919624;50554
0299294649;50572
029961;50591
02a;50606
02am;50618
02b;50631,50642
02e;50654
02fcc;50665
02greatest;50678
02last;50696
02nd;50710
02oct02;50722
02r;50738
02sumula;50750
02t00;50775
02utc;50789
03;50802,53504,55403
030;58036,58096,58156
030052;58200
0301;58215
030258;58228
0303161144;58243
030334;58261
0304;58276
030401;58289
030418;58304
03045;58319
0305018276;58333
0306065753;58351
030670;58369
030690312;58384
030701;58402
030724;58417
030746;58432
0307554100;58447
030768;58474
0307954879;58489
0307954909;58508
030800;58527
03080523;58542
030830;58558
03085;58573
030876;58587
031;58602,58622,58660
031021;58704
0311358;58719
031166;58734
0312009054;58749
031212;58768
031296;58783
0314253569;58798
031506;58816
031540;58839
031647;58854
031693;58869
0317;58884
0317384;58895
03175;58911
031815;58925
031822;58940
031883;58955
031975;58970
031986;58985
032;59000,59044,59083
0321;59135
03210;59148
032272;59162
032307;59177
032310;59192
032333;59207
03239;59222
032497;59236
032501;59251
0326029062;59266
032722;59284
0328501724;59299
033;59317,59377,59414
0330225229;59466
033058;59484
033066;59499
033081;59514
033096;59529
033099175;59544
033119;59561
033127;59576
033195;59591
033226;59606
033234;59621
033279;59636
033318;59651
033333;59666
033638;59689
0337;59704
034;59717,59753,59785
0340;59813
0340752335;59834
0340835966;59853
0342;59872
034302;59885
03431;59900
0343708992;59913
034424;59931
034470;59946
034515;59961
0345347;59976
034767;59992
034843;60007
0349;60022
034912;60035
03496;60050
035;60064,60116,60149
035065;60185
035183;60200
035193;60215
035210;60230
035233;60245
035301;60260
035309;60275
035347;60290
03535;60305,60319
035408;60333
035411;60348
035423;60363
035454;60378
035461;60393
035500;60408
035515;60423
035553;60438
035561;60453
0356;60468
035652;60480
03565836;60495
03573;60511
03578;60525
0358100;60539
035820;60555
035856802;60570
03592372;60587
035927;60603
035965;60618
036;60633,60661,60700
036011;60744
036049;60759
0361;60774
036102;60786
036156;60801
0361571684;60816
036179;60834
036346;60849
0363498144;60864
0364;60882
036446;60903
0365;60918
0366;60939
03660;60952
036652;60966
036659;60981
036667;60996
036743;61011
036ab7;61026
037;61041,61077,61115
037041;61183
037148;61198
03716719;61213
037201;61229
037369;61244
037376;61259
037431;61274
0374711848;61289
037537;61308
037631;61323
037651;61338
03779;61353
037865;61367
037941;61382
037956;61397
037979;61412
038;61427,61471,61509
038002;61553
03806596;61568
038094;61585
0381;61600
038147;61612
038162;61627
0381743908;61642
0382064089;61660
0382350907;61679
038256;61697
038399;61712
0385241984;61727
038551;61754
038612;61769
03863192;61784
03870592;61800
0387788654;61816
0387878676;61835
038788;61854
038803;61869
038811;61884
038841;61899
038933;61914
039;61929,62117,62247
03927;62463
039352;62477
0393615216;62492
0393776894;62510
039383;62528
039421;62543
039498;62558
039688;62573
03976661;62588
0398555696;62604
0399;62622
039993;62635
0399930477;62650
03b;62668,62736,62761
03c;62774
03em;62787
03f;62800
03first;62812
03oct2016;62827
03rd;62844
03z;62856
04;62868,66402,69146
040;71916,71952,71984
0400;72028
0400246046;72040
040138;72058
040161;72073
040276;72088
04041;72103
040451;72117
0405;72132
0405093594;72153
0405280329;72172
0406;72190
040611;72203
0406121;72218
040649;72322
040703;72337
04072010;72352
040726;72368
040733;72383
04078996;72398
040894;72414
040985;72429
041;72444,72496,72535
04101;72595
041054;72609
041183;72624
041206;72639
041222;72654
0412724689;72669
041321;72687
041336;72702
0415513722;72717
0415706599;72736
041634;72755
041649;72770
0416674614;72785
041687;72803
041748;72818
041763;72833
0418;72848
041824;72861
041832;72876
04186;72891
041862;72905
041901;72920
041939;72935
042;72950,72978,73017
042000;73085
042068;73100
042160;73115
042175;73130
0422;73145
042274;73158
042336;73173
042450;73188
042488;73203
0425043665;73218
042587;73236
0426;73251
042610;73264
042664;73279
04267;73294
042786;73308
042793;73323
0428;73338
042908;73351
042931;73366
0429396406;73381
042957785;73399
042969;73416
042995;73431
043;73446,73474,73521
043022;73565
043060;73580
043098;73595
043114;73610
043121;73625
04315;73640
0432013497;73654
043221;73672
043304;73687
043312;73702
043333;73717
0433913954;73732
0434;73750
043419;73769
043457;73784
043663;73799
043785;73814
043800;73829
043823;73844
043869;73859
043877;73874
044;73889,73933,73970
044029;74014
044088;74029
0442;74044
044334;74056
044365;74071
044375;74086
044395;74101
04440658;74116
044441;74133
044456;74148
044495;74163,74178
04455;74193
0446;74207
044647;74220
044685;74235
044693;74250
0447212234;74265
0447590686;74283
0447679758;74301
044815;74319
044853;74334
044952;74349
044975;74364
045;74379,74423,74462
0450;74522
045021;74534
045044;74549
04507;74564
045082;74578
045158;74593
045227;74608
045303;74623
045670;74638
045685;74653
045845;74668
045860;74683
045975;74698
046;74713,74757,74796
0460011082;74832
0460020138;74850
0460020497;74868
046043;74886
046066;74901
046143;74916
046188;74931
046227;74946
046234;74961
046303;74976
046307;74991
046318;75006
046349;75021
046356;75036
046387;75051
046394;75066
046448;75081
046471;75096
046516;75111
046631;75126
04664;75141
046692;75155
046730;75170
046745;75185
046753;75200
04679;75215
046814;75229
0468478203;75244
046883;75262
046898;75277
046921;75292
04695;75307
046959;75321
047;75336,75372,75404
047043;75424
047058;75439
0470687002;75454
047112;75472
04719;75487
0471933538;75499
0473;75518
0473107430;75531
047321;75550
047333;75565
047417;75580
047485;75595
04755282;75610
047554;75626
0476213433;75641
047752;75659
047774;75674
047778;75689
047798;75704
0478150845;75719
047823;75737
047928;75750
047935;75765
047940;75780
048;75795,75815,75854
048062;75922
048134;75935
048157;75950
048174;75965
048193;75978
0482;75992
04824;76005
048302;76019
048332;76034
048370;76049
048436;76064
048462;76077
0485215448;76092
048553;76110
048561;76125
048644;76140
048674;76153
048691;76168
04879;76183
04885;76197
048851;76211
048902;76226
048935;76239
048945;76254
04896;76267
049;76279,76315,76340
049042;76376
049103;76391
04911;76406
049141;76420
04917;76435
04919;76449
049217;76463
049263;76478
049278;76493
049316;76508
049423;76523
049439;76538
049484;76553
0495247319;76568
049548;76586
049562;76599
049568;76612
0495882072;76627
04961;76645
049614;76659
049644;76674
049751;76689
049759;76704
049808;76719
049812;76732,76747
049816;76760
049822;76773
049828;76786
049831;76801
049850;76814
049851;76829
049858;76842
0499126837;76857
049929738;76875
049942;76892
04first;76907
04josephat;76922
04th;76941
04z;76953
05;76965,79528,81402
050;84968,85028,85114
0500;85142,85155
0500073;85167
050018;85183
050026;85198
0500287323;85213
050036;85232
050041;85245
050072;85260
050087;85275
0500951h;85290
050163;85307
050186;85322
050194;85337
05020;85352
050201;85365
050209;85380
050247;85395
050262;85410
050278;85425
050323;85440
050339;85455
050369;85470
050407;85485
050418;85500
050491;85513
050591;85528
050697;85543
050819;85556
050842;85571
050964;85586
0509896576;85601
051;85619,85647,85707
051006;85727
05102;85742
0510790199;85756
051194;85774
0512;85787
051224;85800
051239;85815
0512578;85830
051258;85845
051384;85858
051389;85873
051422;85888
05145;85903
051547;85917
051563;85930
051574;85943
051586;85956
05161019;85969
0516268015;85986
051636;86004
051819;86019
05188;86034
052;86048,86084,86109
0520023765;86137
0520032683;86156
0520050614;86175
05202008;86194
0520225251;86219
0520225252;86238
0520288017;86257
0520299934;86276
05208;86294
0521;86308
0521896979;86321
052193;86340
052216;86355
0522774346;86370
052315;86388
052330;86403
052368;86418
052429;86433
05248;86448
0524871349;86462
0525;86480
052567;86492
052589;86507
0526081324;86522
052620;86540
052650;86555
0526602268;86570
05280329;86588
052834;86604
05288;86619
052895;86633
052902;86648
0529199392;86663
053;86681,86701,86739
0530097373;86799
0532;86817
053375;86830
053543;86845
05358;86860
053741;86874
053940;86889
053947;86904
0539888293;86919
054;86937,86989,87021
054138;87057
054146;87072
054344;87087
054398;87102
054466;87117
0545;87132
054683;87145
0546a0;87160
054710;87176
054817;87191
054855;87206
054893;87221
054993;87236
0549958162;87251
055;87269,87297,87327
05505;87347
055185;87361
0552997812;87376
05535d;87395
055395;87410
0554;87425
055412;87438
05545;87453
055556;87467
055557;87482
055618;87497
05562228;87512
055649;87528
0556964278;87543
05579317;87561
055884;87577
055954;87592
05599;87607
056;87621,87633,87665
056013;87685
056038;87700
0561345816;87715
056137;87733
056165635;87748
0563963018;87765
056465;87783
05651927;87798
056549;87814
056580;87829
056602;87844
0566060133;87859
056717;87877
05672;87892
056839;87905
05694;87920
056984;87934
057;87949,88002,88022
057014;88082
057114;88097
05716e;88112
0572;88126
057205;88138
0573;88153
05736;88166
05743;88180
057487;88194
0575028920;88209
057571;88228
0577;88243
057733475;88256
057846;88273
057848;88288
057974;88303
057999;88318
058;88333,88353,88382
058006;88410
058014;88425
058098;88440
0581;88455
05810237;88468
058113;88484
058136;88499
058189;88514
0582211949;88529
05829;88547
0583;88561
058327;88573
058380;88588
058449;88603
0585;88618
058601;88631
058746;88646
058754;88661
058792;88676
0589223914;88691
058945;88709
05899;88724
058990;88738
059;88753,88785,88805
059052;88825
059189;88840
0592;88855
059395;88867
05940a;88882
05946;88897
059601;88911
059608;88926
059769;88941
05987;88956
059914;88970
059937;88985
059a4d;89000
05em;89015,89028
05last;89040
05may2017;89054
05pm;89071,89085
05t05;89097
05th;89111
06;89123,91566,93188
060;95449,95541,95601
0600;95661
06000005;95674
0600006379;95691
060097;95710
060143;95725
060173;95740
06018;95755
0602081;95768
060371;95792
060486;95807
0605419874;95822
0605525103;95840
060622;95867
060661;95881
0607489981;95896
060822;95914
060875;95929
0609;95944
060997;95956
061;95971,96007,96032
06112;96052
061148;96066
06119;96081
0612;96095
06126;96108
0612634867;96122
061264;96140
061295;96155
0613727942;96170
061586;96188
0615926346;96202
0616;96221
061836;96233
061867;96248
061882;96263
061928;96278
06196c;96293
062;96308,96336,96374
062080;96402
062111;96417
062180;96432
062210;96447
062263;96462
062393;96477
062408;96492
0624370538;96507
062492;96525
062508;96540
062645;96555
062660;96570
062668;96585
06276;96600
062805;96613
062897;96628
063;96643,96679,96725
063110;96769
0631185956;96784
063118595x;96803
063187;96822
063217;96837
063263;96852
063293;96867
0633;96882
063339;96895
06337421;96910
063377;96927
063393;96942
063400;96957
063637;96972
063835;96987
063927;97002
063988;97017
064;97032,97068,97113
064034;97157
0641099215;97172
06413245;97190
06421;97206
064217;97220
064369;97235
064407;97250
0644209236;97265
0646;97283
0646346520;97296
064682;97314
064713;97329
064781;97344
064812;97359
064842;97374
064888;97389
065;97404,97424,97477
0650;97521
065018;97534
06502;97549
06505;97563
0651;97577
065109;97589
065140;97604
065216;97619
065285;97634
065348;97649
065353;97664
065384;97679
065407;97694
0654712021;97709
065475;97727
065491;97742
065521;97757
065529;97772
065536;97787
065598;97802
065674;97817
065679;97832
065704;97847
065956;97862
065964;97877
065994;97892
066;97907,97943,97981
066010;98033
066025;98048
066032;98063
066055;98078
066063;98093
066093;98108
0661;98123
066109;98136
066116;98151
06612432;98166
066132;98182
066246;98197
066269;98212
0663010776;98227
066322;98245
066406;98260
066437;98275
0666;98290
066650;98303
066667;98318
06667;98341
066750;98355
0668050647;98370
066826;98388
066856;98403
0668590665;98418
0668759346;98436
066986;98454
066x;98469
067;98482,98518,98564
0670;98592
067062;98605
067093;98620
0671;98635
0671530778;98648
067169;98667
067207;98682
067238;98697
067276;98712
067383;98727
067390;98742
067413;98757
067490;98772
067497;98787
067520;98802
067589;98817
067612;98832
067628445;98847
0677;98864,98877,98890
067726;98901
067741;98916
0677766;98931
067780;98947
0678588822;98962
06787;98980
06790956;98994
067947;99011
067d06;99026,99065
068;99086,99122,99147
0680;99183
068016;99196
068054;99211
0681;99226
068161;99239
068184;99254
068230;99269
068237;99284
068283;99299
0683097318;99314
068451;99332
068649;99347
068657;99362
0687948465;99377
0689114494;99395
069;99414,99458,99497
069017;99509
0690619946;99524
069099;99542
0691248626;99557
069125;99575
069145;99590
069168;99605
069176;99620
069199;99635
069267;99650
069351;99665
069481;99680
069565;99695
069595;99710
069695;99725
069733;99740
06974;99755
069794;99769
0698;99784
069801;99796
069817;99811
069862;99826
069878;99841
0699;99856
069901;99868
069952497a;99883
069984;99902
06f;99917,99977,100002
06greatest;100015
06may2017;100033
06t00;100050
06th;100064
07;100076,102328,103868
070;106163,106223,106261
0700;106321
070000;106334
070007;106349
070015;106364
070023;106379
070030;106394
0700814053;106409
070145;106427
070160;106442
070183;106457
070206;106472
070251;106487
070259;106502
070267;106517
0703;106532
070305;106545
070328;106560
070412;106575
0704415888;106590
0704708472;106608
0705;106626
070572;106638
070602;106653
070770;106668
07081;106683
070885;106697
070908;106712
07093;106727
070938;106741
070959805;106756
070969;106773
070976;106788
071;106803,106823,106855
07102499;106867
0710609655;106884
0710609876;106903
071091;106922
0711163208;106937
071121;106955
071129;106970
071167;106985
071182;107000
07119;107015
071198;107029
0712;107044
071228;107056
071312;107071
071350;107086
0714;107101
071404;107114
071406;107129
071411;107144
0714867489;107159
0715;107178
071564;107199
071640;107214
071770;107229
071777;107244
071831;107259
071854;107274
071869;107289
0719;107304
0719037351;107317
0719057590;107336
071907;107355
071999;107370
072;107385,107413,107445
072006;107481
072029;107496
072067;107511
072151;107526
072166;107541
072174;107556
072177;107571
072189;107586
072227;107601
072250;107616
072273;107631
072289;107646
07239;107661
07239479;107674
072456;107690
072495;107705
072571;107720
072578;107735
072594;107750
072597265;107765
0726;107782
072655;107794
072656;107809
072723;107824
072731;107839
07274;107854
0728;107868
072830;107879
072855;107894
07292032;107909
072937;107925
0729601532;107940
073;107958,108002,108033
073090;108077
07325;108092
073364;108106
073494;108121
073509;108136
073563;108151
0736;108166
073822;108178
0738577146;108193
07385993;108212
073860;108228
0739598572;108243
074;108261,108289,108328
074173;108396
074219;108411
0742503909;108426
074257;108445
074295;108460
074425;108475
074501;108490
074593;108505
0746;108520
0746310935;108533
074646;108552
0747433901;108567
074799;108585
074844;108600
07489981;108615
074944;108631
075;108646,108691,108723
0750585049;108759
07507;108777
075096;108791
07516;108806
075172;108820
07517c;108835,108866,108897
075180;108939
075264;108954
075325;108969
075356;108984
075424;108999
075455;109014
07551;109029
075546;109043
07556;109058
075592;109072
0756;109087
075623;109100
0756367594;109115
075714;109133
075752;109148
075798;109163
0758;109178
075836;109190
075844;109205
075867;109220
0759117128;109235
07596517;109278
076;109294,109322,109375
07605;109427
076073;109441
076088;109456
0761;109471
076151;109492
076187;109507
076203585;109522
076286;109539
076347;109554
076378;109569
076469;109584
076477;109599
07652;109614
076546;109628
07655;109643
076584;109657
076714;109672
076736;109687
076805;109702
07682;109717
076820;109731
076836;109746
07684493;109761
076927;109777
077;109792,109836,109875
077042;109895
077072;109910
077106750x;109925
0771562681;109944
077194;109962
077309;109977
077332;109992
077362;110007
07739;110022
077408;110036
077415;110051
077423;110066
077438;110081
077457048;110096
077484;110113
077498;110128
077591;110143
077660;110158
077736;110173
07775;110188
077835;110202
077888;110217
077911;110232
0779285729;110247
0779496282;110265
077954;110283
07798;110297
077980;110311
077995;110326
078;110341,110393,110438
078026;110482
078033;110497
0780506;110512
078072;110527
078117;110542
078156;110557
078163;110572
078194;110587
078217;110602
078239;110617
07827;110632
078270;110646
078285;110661
078293;110676
078323;110691
0783772469;110706
078384;110724
07840228;110739
078415;110755
078438;110770
07844;110785
078491;110799
0785;110814
0785154914;110827
0785189152;110846
0785189343;110865
0785190691;110884
0785190721;110903
0785191513;110922
0785191568;110941
0785191698;110960
0785192121;110979
0785197133;110998
07856;111017
07858951;111031
078633785;111048
078644;111065
07868;111080
078766;111094
07881296;111109
078827;111125
078857;111140
07887;111155
07891846;111169
079;111185,111205,111231
0791;111283
079262;111296
079308;111311
07936;111326
079384;111340
0794;111355
07945;111368
079468;111382
079506;111397
079582;111412
07959;111427
0796;111441
079636;111454
079638049;111469
079659;111486
079666;111501
07972;111516
079742;111530
07976;111545
07981;111559
07982;111573
07984;111587
07986;111601
0799;111615
07995;111628
079971;111642
07999;111657
07bargem;111671
07em;111688,111701
07f;111713
07first;111725
07jul2017;111740
07last;111757
07may2017;111771
07t05;111788
07th;111802
07z;111814
08;111826,113948,115516
080;117816,117877,117922
080032;117966
080070;117981
080078;117996
0801707506;118011
080177;118029
080185;118044
080223;118059
0802403476;118074
080276;118093
080282851;118108
080285;118126
0802868879;118141
0802870538;118160
08033;118179
080360;118193
080414;118208
0804752141;118223
080513;118241
08054;118256
080574;118270
08058;118285
080597;118299
08062;118314
08072013;118328
08078;118344
0808002;118358
08084;118374
0809;118388
0809228942;118401
0809387956;118419
08095;118438
080956;118452
08098;118467
081;118481,118517,118535
081010;118579
0810122367;118593
08106;118612
0810856271;118626
08111;118645
0811303854;118659
081146;118677
08116;118692
0812;118706
081245;118719
08125;118734
08131;118748
08133984;118762
0813932811;118778
08149;118797
081551;118811
08156;118826
0815602561;118840
081581;118859
0815k;118874
081650;118888
0816692187;118903
08167;118922
0816984922;118936
0817;118954
08181;118967
081924;118981
0819622651;118996
08198;119014
082;119028,119072,119117
082031;119153
0820467739;119168
0821423721;119275
08223;119294
08228;119308
0824;119322
08241;119335
082420;119349
082497;119364
082504;119379
082527;119394
082588;119409
082630;119424
082642;119439
0826756954;119454
082733;119472
082764;119487
082787;119502
082909;119517
082954;119532
083;119547,119599,119658
083006;119710
083038;119733
0830413029;119748
08308;119766
083160;119780
083199;119795
08322;119810
083229;119824
083267;119839
08333;119854
083333;119868
08339143;119883
083412;119899
083501;119914
083519;119928
083542;119943
0836;119958,119971
0836316;119984
083679;120000
083694;120015
083725;120030
08375;120045
083786;120058
0838325024;120073
0839;120091
083900;120104
083961;120119
0839756651;120134
0839756658;120153
0839756682;120172
0839764812;120191
0839764816;120210
0839770756;120229
0839770758;120248
08398;120267
084;120281,120309,120340
084000;120392
084001;120406
0840425566;120420
084084;120438
084114;120453
0841543823;120468
084201717;120486
0842252672;120504
084229;120522
0842297524;120537
08429;120555
084338747;120569
0844;120586,120599
08443;120612
08447;120626
0845;120640
084500;120653
0845168;120667
08457e;120682
084587;120698
0847;120713
084709165;120726
084846;120743
084938;120758
084961;120773
085;120788,120816,120862
085083;120890
085289;120905
0853688656;120920
085368913x;120938
08543;120956
085472;120970
0855;120985
08554;120998
08559;121012
085602;121026
085632;121041
085648;121056
0857;121071
0857294357;121084
085770;121103
0858165845;121118
085884;121136
085930;121151
085983;121166
086;121181,121209,121255
0860;121299
086052;121312
0860914914;121327
08612;121346
086243;121360
086258;121375
086266;121390
086349;121405
086365;121420
086454035;121435
0864734532;121452
08669;121471
086708;121485
0867158175;121500
086739;121518
086754;121533
086761;121548
086792;121563
08681;121578
08683521;121591
086937;121607
086975;121622
087;121637,121665,121704
0870145261;121740
087051;121758
087082;121773
0870939568;121788
0871;121806
0871132842;121818
087173;121837
087219;121852
0872217789;121867
0872783288;121885
087341;121903
087418;121918
08743913;121933
0875415802;121950
0876;121968
0876401663;121981
087654;121999
08769;122014
0877;122028
0878;122041
087816;122054
0878451080;122069
087860;122088
087868;122103
0879306408;122118
087952;122137
088;122152,122180,122220
08801;122280
088013;122294
088043;122309
088104;122324
088125376;122339
088158;122357
088165;122372
088196;122387
088203;122402
088280;122417
0882893092;122432
088293;122450
088318;122464
088326;122479
088344095;122494
088394;122511
088398;122526
08843;122541
088501;122555
088547;122570
088585;122585
08862;122600
088661;122614
088669;122629
088760;122644
0887738466;122659
08879;122677
0888952613;122691
0889542430;122709
089;122728,122756,122800
089058;122828
089066;122843
089127;122858
089165;122873
08920407;122888
089219095;122904
089264;122921
0892964602;122936
089310;122954
089325;122969
089622;122984
089676;122999
089737;123014,123029
08974;123044
089745;123058
0898;123073
0898221002;123086
0898308754;123105
0898712351;123123
089897;123142
089973;123157
08last;123172
08leak;123186
08oct4;123200
08th;123215
08z;123227
09;123239,125541,127187
090;129383,129403,129428
090012;129456
0901;129471
090103;129484
090153866x;129499
09025365;129518
090347;129535
090401;129550
090423;129565
090424;129579
090530;129594
090584;129609
090614;129624
090729;129639
090759;129654
0908133984;129669
090836;129687
090897;129702
090919;129717
091;129732,129768,129806
09103632;129818
09109;129834
09112006;129848
09114325;129873
091171;129889
091278;129904
091309;129919
091316;129934
091339;129949
091354;129964
09136;129979
09139204;129993
091400;130009
0914512366;130024
091454;130043
09150;130058
091522;130072
091599;130087
091652;130102
0917;130117
091736;130130
091751;130145
09183514;130160
091850;130176
091888;130191
0918e8;130206,130245
091942;130266
09197;130281
092;130295,130339,130371
092270;130399
09228942;130414
092316;130430
0925;130445
092506;130458
092606;130473
092651;130488
0927;130503
092857;130516
092904aaa;130531
093;130557,130609,130669
093040;130746
0931;130761
0931418166;130774
093208;130792
093231;130807
093254;130822
093292;130837
093422;130852
093430;130867
093452;130882
093491;130897
093559;130912
093582;130927
093613;130942
093620;130957
093628;130972
093704;130987
093719;131002
093742;131017
093773;131032
093895;131047
093987;131062
094;131077,131121,131153
094025;131173
094048;131188
094170;131203
0941875055;131218
0942573547;131236
094315;131254
09448;131269
09449;131283
094505;131297
09451;131312
0945506560;131325
094566;131344
094589;131359
094604;131374
094627;131389
0946372322;131404
0947792562;131422
094788;131441
09491;131456
09492;131470
095;131484,131528,131574
095032;131618
0951133594;131633
095306;131651
095322;131666
09535;131681
09538;131695
0953941445;131708
09540261;131727
095406;131744
0955;131759
095558;131772
095650;131787
095657;131802
095703;131817
09571;131832
09572339;131846
095741;131862
095825;131877
095848;131892
0959420207;131907
096;131926,131970,132015
0960981846;132067
096176;132085
096291;132100
096329;132115
0964;132130
096497;132143
096565;132158
0967;132173
09670;132186
096771;132200
096825;132215
0968588591;132230
097;132248,132300,132312
097015;132356
0970224931;132371
0970316554;132390
097046;132408
0971;132423
097122;132435
097130;132450
097145;132465
09726;132480
097420;132494
097473;132509
097496;132524
0975292698;132539
0975461;132557
097549;132572
097610;132587
0976186403;132602
0976470748;132621
097717;132640
0977385044;132655
097748;132673
0977713407;132688
097786;132707
097801;132722
097816;132737
098;132752,132820,132851
098000;132895
0980099951;132910
09805036;132928
0982;132944
0982092246;132957
098251;132975
098434;132990
098511;133005
098763;133020
0987920761;133035
098862;133053
098923;133068
098998934;133083
099;133100,133144,133168
0990;133220
099113;133233
0991189601;133248
099220;133267
0992866009;133282
09935;133300
099472;133314
099487;133329
099495;133344
099663;133359
099693;133374
0997;133389
099770;133402
099792;133417
09apr2017;133432
09bio;133449
09f;133463,133491,133503
09first;133521
09greatest;133536
09law;133554
09th;133592
09z;133604
0a;133616
0a0a2a;133628
0a14;133643
0a4;133656
0ad9ded6;133668
0ane;133685
0awreck;133697
0b0080;133713
0b3861;133728
0b4c90;133742
0ba9cc;133757
0c0f00;133770
0c5fa8;133785
0ca6df;133799
0ca950;133814
0d254c;133829,133844
0d54a2;133858
0d8147;133873
0d92cb;133887
0e0;133902
0e5ca4;133913
0em;133927,134021,134102
0emshould;134212
0end;134229
0ex;134242,134263,134288
0eycibehsj;134325
0f;134444
0f0;134455,134467,134479
0f3;134490
0f52ba;134502
0f5877;134524
0ff;134538,134566,134611
0final;134622,134637
0k;134652
0l;134663
0mp;134673
0n;134685
0nna;134696,134709
0p;134722
0pt;134732,134752
0px;134764,134938,135086
0s;135267
0screen;135277
0semi;135293
0third;135307
0total;135322
0v;135337
0x0077be;135348,135364
