80;0,99,249
800;388,440,486
8000;514,526
800000;539
800001;562,577
80000273;592
80000276;609
80000279;625
80000280;641
80000436;658
80001379;674
800016;690
8000282;705
80003390;721
8006091;737
802;753,773
8025574656;784
8028;803
803;816
804;828
805;839,851
8058;862
807980;874
808;889
808080;909
8080b0;924
809;939,951
8097;962
80px;974
80th;1003
81;1016,1107,1186
810;1253,1265
81000170;1276
8105;1293
81148;1306
812;1320,1404
81231;1422
813;1436
815;1447
8154793110;1459
8174;1478
818e;1491
81st;1503
82;1516,1687,1766
820;1881
82001521;1893
82002145;1910
82003850;1926
82003863;1943
8203438;1960
821;1976
822;1987,1999
8226;2017
82265;2030
823;2043
8250;2054
825486;2067
825862;2082
82718;2097
828;2111
82caff;2122
83;2137,2204,2263
83000548;2394
83001129;2409
83001135;2426
83001269;2442
83002195;2458
83003549;2475
83003854;2491
83003997;2508
83004056;2525
83004057;2541
83004058;2557
83004061;2574
83004063;2591
83004065;2608
83004067;2625
83004069;2642
83004070;2659
83004071;2676
83004072;2693
83004073;2710
83004074;2727
83004162;2744
831;2761,2772
8316;2784
832;2797,2809
833;2821,2833
835;2845
836;2856,2868
837;2880
84;2892,3007,3066
840;3131
84000617;3143
84003575;3160
840333;3176
8409;3191
841;3204
842;3216
843968;3228
84399;3243
8446801;3257
845;3273
8454;3285
846;3298
8480;3310
84th;3323
85;3335,3471,3562
850;3749,3761,3773
8500;3812,3825
85001189;3837
8517;3854
85172;3866
8525;3880
8529;3893
8533;3906
855;3919
8557;3937
8564;3949
857;3962,3973
8575619;3985
858609197;4000
858842122;4017
859;4035
8593;4047
85th;4060,4073
86;4086,4210,4309
860;4373,4385
86002160;4396
86003096;4413
86003100;4429
86003242;4446
86003252;4463
86003254;4480
86003255;4496
86003256;4513
86003304;4529
8601;4546
861;4559
863198532;4571
8634510;4588
864;4603,4615
8652;4626
8659;4638
866;4651
867;4663
868;4675
86b6f2;4687
86th;4701,4714
87;4735,4842,4901
870;4944
87000042;4956
87001366;4971
87001419;4986
87025;5002
871;5016,5028
872;5039
8721;5051
8728;5064
873;5077
8737;5097
8750;5109
87519;5122
876;5136
876980;5148
8779;5163
878;5176,5196,5224
879;5242
87th;5253
88;5266,5453,5561
880;5716
88000646;5728
88005;5745
8801;5759
881;5772
882;5784,5796
882342;5808
883;5822
884b;5834
8852;5846
886;5859,5871
886068;5883
887;5898
89;5909,5993,6092
890;6164,6184
89001916;6196
890909;6213
891;6227
89101;6238
891045;6251
89151;6266
892;6279
89646678;6291
897;6306
898;6317
89th;6329
8a;6342
8b0000;6353
8cb9;6374
8d16dd0a;6386
8h;6402
8l20;6413
8th;6425,6477,6523
8tp;6591
