00;0
00000310;19
0003102;34
0005926;49
0008040;65
000and;80
000eri;95
000rya;110
000tad;124
000ti;139
0011207;153
0011527;169
0012005;185
0013342;201
0013430;217
0013604;232
0013889;247
0014720;263
0014965;279
0016114;295
00183761;311
0019053;327
001ja;342
001jab;356
001mic;371
001rob;386
001tyl;400
0020344;414
0020409;429
0022306;444
0022471;459
0023034;474
0023558;489
0023736;504
0024049;519
0024696;535
0024948;550
0025757;565
0026286;580
0026660;595
0026767;611
0026829;625
0028344;641
0028741;656
0028801;670
0029007;685
0029704;700
0029940;715
0029977;730
0030506;744
0030926;760
0031017;775
0032317;790
0032430;806
0032734;821
0032921;837
0034071;852
0034308;867
0034501;882
0034789;897
0036117;912
0036284;927
0038166;942
0038443;958
0038570;974
0039039;990
0039059;1006
0039599;1022
0041739;1036
0042258;1052
0044467;1068
0045081;1083
0046046;1098
0046697;1114
0047055;1130
0047466;1146
0047870;1162
0047906;1178
0047986;1194
0049905;1210
0050690;1226
0051045;1242
0051797;1258
0053081;1273
0055298;1289
0055517;1305
0056206;1321
0056885;1337
0058496;1352
0059942;1367
0062041;1383
0062518;1398
0062685;1414
0065568;1430
0066036;1445
0066045;1461
0066945;1476
0067526;1491
0067602;1506
0067696;1521
0068206;1536
0068227;1551
0068292;1566
0068415;1581
0069186;1596
0070062;1612
0070221;1627
0070565;1643
0072196;1658
0073406;1673
0074450;1688
0074979;1704
0076068;1720
0076531;1736
0076836;1752
0076884;1768
0077505;1784
0078097;1800
0081689;1815
0082476;1830
0083565;1845
0083640;1861
0084506;1876
0088405;1891
0092590;1907
0096566;1921
0097593;1937
0098311;1952
00h;1968
01;1980
01001149;1990
0100983;2006
0102397;2021
0103675;2036
0103967;2051
0104111;2067
0104884;2083
0105127;2098
0106597;2114
0107428;2129
0109266;2145
0109621;2160
0110071;2176
0111519;2192
0112172;2208
0116240;2223
0119108;2239
0119926;2255
0122385;2271
0126301;2286
0126990;2302
0127284;2317
0128338;2332
0130829;2347
0133153;2363
0134191;2379
0134402;2394
0135635;2409
0135857;2424
0138265;2440
0138650;2455
0139440;2471
0142057;2486
0143012;2501
0143843;2517
0147853;2532
0149674;2548
0154989;2564
0157069;2580
0157882;2595
0163112;2611
0166709;2627
0166741;2642
0168712;2656
0176408;2672
0178757;2688
0178991;2704
0179867;2719
0180974;2735
0182292;2750
0186725;2765
0186849;2781
0187680;2797
0194759;2812
0195063;2828
0196024;2844
0196236;2859
0199905;2875
02;2891,2918
0202154;2929
0202716;2944
0202859;2959
0206317;2974
0208563;2990
0209691;3006
0209692;3022
0210431;3038
0212911;3054
0216683;3070
0218831;3086
0221115;3102
0231878;3118
0232550;3140
0233270;3156
0236506;3172
0237260;3188
0238709;3203
0247729;3219
0248;3243
0250688;3256
0250710;3271
0253761;3287
0254610;3302
0257250;3318
0260408;3333
0260410;3349
0260885;3365
0264812;3381
0268631;3397
0278495;3413
0280727;3428
0289983;3442
0291350;3457
0295281;3473
03;3489
0302680;3499
0303900;3515
0306057;3531
0308842;3547
0315198;3563
0317368;3578
0323766;3594
0327205;3609
0330331;3625
0335394;3640
0347808;3655
0349246;3671
0358676;3686
0359873;3701
0362041;3716
0365975;3731
0372773;3747
0381110;3762
0382804;3778
0383153;3793
0385872;3809
0385978;3825
0393923;3841
04;3857,3868
0406108;3879
0406872;3894
0408735;3910
0425618;3926
0430839;3942
0433595;3956
0439731;3972
0442751;3987
0484385;4002
0491203;4017
0496322;4032
0496528;4048
05;4063,4073
0518352;4084
0525574;4100
0543919;4115
0549337;4130
0566539;4146
0570330;4162
0576494;4176
0581197;4192
0581973;4208
0595543;4223
06;4239
0615597;4256
0632641;4271
0636076;4287
0661651;4303
0664583;4318
0681360;4333
0685156;4349
0685638;4364
0685884;4380
0688762;4395
0690517;4410
0690524;4426
0695409;4441
07;4457,4468
0706740;4485
0711915;4501
0725207;4517
0725347;4533
0725564;4548
0734870;4563
0734958;4579
0743102;4594
0744105;4609
0749431;4624
0759474;4639
0766442;4654
0768893;4670
0769380;4685
0774670;4700
0776762;4716
0785378;4732
0790554;4747
08;4762,4773
0816737;4783
0825923;4799
0832227;4814
0845542;4829
0846626;4844
0872195;4860
0882782;4875
0883904;4891
0885526;4907
0896994;4923
09;4939
0901683;4950
0913188;4966
0916545;4981
0922540;4996
0944220;5012
0950391;5028
0957867;5044
0994245;5059
0fh;5075
