20;0,740,1394
200;2165,2313,2450
2000;2606,2811,2928
20000;3089
200000;3102
200000000;3151
2001;3169,3278,3422
2002;3723,3872,3994
2002sourc;4231
2003;4249,4510,4757
2004;4963,5184,5361
2005;5550,5779,5977
2006;6190,6427,6683
2007;6824,7077,7324
2007214481;7577
2007emblem;7596
2007space;7615
2008;7633,7966,8285
2009;8602,8943,9331
200psi;9656
200px;9671,9909,10139
200x300px;10321
201;10339,10375,10386
2010;10406,10851,11184
2010extra;11669
2011;11687,12412,12808
2011a;13565
2012;13579,14368,15047
20122;15725
20125558;15738
2013;15755,17144,18192
20130530;19517
201314;19534
201314a;19549
2014;19565,22134,24245
201404;26564
20140405;26579
20140728;26596
20140826;26613
2014b;26630
2014efn;26643
2014extra;26667,26685,26703
2014ref;26720
2015;26736,27958,29045
2015extra;30058,30084
2016;30102,30892,31463
2016extra;32229
2017;32246,33019,33558
20170607;34323
2018;34340,35017,35524
20180222;36137
20180612;36154
20180901;36170
20181003;36187
2019;36203,36728,37159
20190120;37740
201st;37757,37771
202;37784,37816,37828
2020;37848
2021;37861
2022;37873
202202;37886
2022613;37901
2025;37917
203;37930,37966
20330;37977
203px;37991
204;38005,38025,38037
204104;38048
2043;38063
2048171;38076
204px;38092
205;38106,38131
2050;38151
2055;38163
205px;38176
206;38189,38201,38212
2065;38224
207;38237,38255,38267
2071;38279
2072;38291
208;38304,38324
208016;38335
209;38350,38370
209827;38381
209x206px;38396
20px;38413,38450,38469
20th;38522,38567,38636
21;38655,39323,39919
210;40682,40710,40722
2100;40733,40746
21000;40758
210021;40772
2101;40785
2108;40797
2108027;40810
210px;40826
2113;40839
2119;40851
212;40864
21216;40876
21230;40890
21237;40903
212416;40916
21250;40930
213;40944,40956
214;40976
215;40987,40999,41019
215753;41037
215px;41051
216;41065,41076
2161;41088
2163;41101
217;41113
218;41149,41169,41181
2180;41192
2181512;41204
219;41219,41231,41243
21919;41254
2198;41267
21mia;41280
21st;41293,41322,41335
22;41353,42013,42644
220;43359,43454,43498
2200;43558
220036;43571
22051;43586
2206;43599
220px;43611,43673,43734
221;43780,43808,43820
22101;43831
22102;43844
22183;43857
22184;43871
22185;43885
2219;43899
222;43911,43923,43935
223;43953,43965
22360;43977
224;43991,44011
225;44022,44058,44083
225335;44103
225px;44117,44147,44194
226;44264
226004;44282
2262;44297
2268;44310
227;44323
2274;44335
2279;44348
228;44361,44373,44385
229;44396,44408
22951;44419
22952;44433
22bobo;44447
22nd;44461,44474,44487
22px;44506,44519
22under22;44540
23;44558,45194,45862
230;46538,46550,46562
2304;46580
2305;46593
230px;46605,46659,46689
231;46702
2311;46713
232;46725
2320;46745
232323;46757
233;46772
2331;46792
2338;46804
233936;46816
234;46831,46849
2343;46861
2345;46874
2345z;46887
235;46901,46913
2350;46938
235091165;46950
235px;46967
236;46981,46993
2369;47011
237;47023,47035,47047
237px;47058
238;47072
2380152;47084
238sfn;47099
239;47113
23969;47133
23a;47147
23b;47159
23px;47171,47192,47218
23rd;47271,47284
24;47329,47949,48492
240;49103,49147,49178
2400;49214
240000;49227
2400746;49241
2403108;49257
240hp;49273
240px;49286,49320,49358
2412;49420,49433
242;49445
243;49456
244;49467,49484,49496
2441;49508
2445;49520
245;49532,49552,49564
245px;49575,49589
246;49602,49622
2462;49633
2468662;49718
247;49734,49746
2475;49757
24797979;49770
248;49786,49798
2484;49818
249;49830
24d;49842
24em;49854
24saaf;49867
24th;49882
24wmf4;49894
24wmf5;49909
24wmf6;49924
24wmf7;49939
25;49954,50694,51229
250;51912,52044,52136
2500;52292,52305
2508;52318
250cc;52331
250px;52345,52663,52924
251;53170
2518;53190
2519400;53203
252;53219
2525;53230
253;53243,53255,53267
2535519;53278
2539972;53294
254;53310,53330,53342
2540;53353
2542060;53366
2543606;53382
2543777;53398
2543820;53414
2543868;53430
2545;53445
2547;53457
255;53469,53489
2550;53500
2551930;53513
2556;53528
2557982;53541
256;53556,53576
256px;53587
257;53609,53637
257013;53648
2575;53662
2577;53674
258;53686
2583;53706
258th;53718
259;53732
2592;53743
25925;53756
25b;53770
25em;53781,53795
25h;53807
25px;53819,53968,53993
25th;54054,54075,54088
26;54107,54719,55303
260;55858
260px;55878,55908
261;55938,55958,55986
2615;55997
2619;56010
262;56023,56048
2629;56068
262x262px;56081
263;56099,56111
264;56122
2646;56133
264944;56146
265;56161,56189
265275;56201
2653;56215
2658;56228
265px;56241,56255
266;56268
267;56280,56300
2672;56312
269;56325
2691;56336
2692;56348
269905;56360
26em;56375
26px;56388
26th;56401,56422,56443
27;56476,57208,57714
270;58301
2700;58321
270px;58334,58389
270pxbasic;58403
2714;58422
271444;58434
272;58449,58469,58487
2720000000;58507
2725;58526
2729;58539
273;58551,58563,58599
274;58610
275;58628,58672,58683
2750;58727
2758;58740
275px;58753,58767
2766;58781
2768;58793
277;58806
277055;58818
277930;58833
277x277px;58848
278;58866
2780;58878
27858;58891
279;58905
27954;58917
27th;58931,58944
28;58970,59694,60238
280;60849,60866,60878
2800;60906
280000000;60935
2807;60952
28078;60965
280px;60979,60993
2812;61039
282;61052,61070
28200;61082
282px;61096
283;61110
283025;61130
284;61144
2843;61164
285;61185,61205
285900;61223
285px;61238
286;61252,61263
286000000;61275
287;61293,61305
2870091289;61317
288;61335
2884;61346
288585;61358
2890000;61373
2894;61387
28em;61400,61413
28offici;61425
28px;61442
28th;61455
28wmf;61476
29;61490,62214,62713
290;63268,63296,63308
2900;63332
290px;63345,63375,63389
291;63402
2919;63414
292;63427
293;63438,63463
29315053;63483
2933;63500
294;63513,63541
295;63553
2950;63573
297;63586,63606
298;63617
298a08;63629
299;63643
2993;63655
29h;63676
29th;63688
2a3883;63701
2aq;63716
2b;63728
2c;63739,63750
2d;63760,63779
2e8b57;63789
2em;63804,63824,63836
2f;63847
2f16;63858
2f4b21;63871
2f4f4f;63886
2f5fd0;63901
2fgx5;63916
2h;63929
2h3;63946
2j7216;63958
2j7519;63973
2j7565;63988
2k;64003
2k15;64014
2nd;64027,64215,64490
2ne1;64606
2r;64619,64646
2suit;64665
2the;64679
2x;64691,64702
