00;0,67,110
000;161,346,494
0003;746
000545569;758
00060;775
0008260;789
000th;803
001;817
00106;828
001172;841
0013;856
00141844;868
00182130;885
002;901,913,925
002052;936
0021;951
003;963
004;975
0041;987
0043234;1000
0048002;1016
005;1031,1043
0053590;1055
0054;1070
0054814;1083
0055;1098
0059;1111
0059049;1124
006;1139
0068;1151
0068495;1164
0072919833;1179
0073;1198
008;1210
0081;1222
009;1235
0090;1247
00975;1260
01;1273,1590,1733
010;2124
01001102;2149
0102;2166
01030;2177
01054;2191
0108;2205
011;2218
01122011;2230
01132014;2247
012;2263
01220;2275
01254;2289
0126;2303
013;2316
013001;2328
0135;2342,2363
01372;2376
01390;2390
014;2404
014308;2432
0148;2447
015;2476,2488
0156445535;2500
0158;2519
016;2532
0173;2544
0176;2556
0182;2569
0185;2581
0189;2594
0191538582;2606
0191624330;2625
0195160932;2643
0199693056;2662
02;2680,3012,3259
02012;3698
022105;3712
0224;3727
0231142649;3740
02393;3758
024;3772
0248;3782
0252014588;3794
0252075269;3813
026004;3832
029;3846
0291;3858
0297;3870
03;3883,4151,4349
0300117302;4798
03012015;4817
03022015;4833
0304;4849
031;4860
03102015;4872
031468;4888
03162;4903
0318253;4917
0320104;4932
03202014;4947
03222014;4963
0333567617;4979
035111;4997
035411;5012
0355046;5027
038;5041
038550;5053
03860423;5068
039;5085,5113,5133
0392;5151
039326;5163
0393303020;5178
0393319768;5196
0395081564;5214
04;5232,5871,6279
04000127;6672
04022013;6688
0410;6704
04101;6717
0415007437;6730
0415029929;6749
0416823602;6767
0420;6785
043702;6797
0438904;6812
044;6827
045397;6839
0455;6854
046;6867
0471120251;6879
0483;6897
048769;6909
05;6924,7401,7564
0500203334;8284
0508;8303
052005;8316
0520958535;8331
0521257913;8350
0521363950;8369
0521558735;8387
0521640474;8406
0521665795;8425
0521877563;8444
0549635874;8462
0573681848;8481
05798;8500
0584;8514
059048;8527
0595;8542
05950;8555
05951;8569
0597093;8583
06;8599,9052,9223
0631;9510
0631217851;9522
066102;9540
0668;9555
0670038628;9568
0670893145;9586
0674005120;9604
0674005139;9622
0674017536;9640
068;9658
06858;9670
07;9684,10032,10246
070;10533
07001353;10543
0709102550;10559
0710308450;10578
0713475315;10597
0714105546;10615
0716;10633
071900926x;10646
0719042569;10664
0726;10682
0742560082;10695
0747803412;10713
0747806136;10731
0748602763;10749
0748602917;10767
0748606416;10785
0754661245;10803
07636;10821
077;10834
0773589899;10846
07843;10864
0786441046;10878
0786481978;10897
0791403624;10915
0793577500;10933
08;10952,12228,12536
080;13207
0801480442;13219
0802069843;13237
0803;13255
0803282389;13268
08042010;13286
08044;13303
0804728453;13316
0804731624;13334
080612220x;13352
080659;13370
0807110698;13385
0807129143;13403
0810844400;13422
0813128188;13441
0813133394;13459
0814755615;13477
082014;13496
0822205823;13511
0822971267;13530
0822975319;13548
0834822512;13566
08398;13585
0849;13598
085;13610
0851153607;13622
0852638744;13640
085583;13658
0859761576;13673
08746;13691
088;13704
088206035x;13716
0890;13735
08905436;13748
089526;13765
09;13780,14040,14214
09012015;14525
0901805157;14542
0903598140;14561
0906602459;14580
091012;14598
092;14613
0934266328;14624
093646;14643
0950979813;14658
09604;14677
0972663584;14690
0a4;14709
