80;0,147,294
800;425,437,455
8000;483,495
80004;508
800162;522
80026;536
800th;550
801;564
8014;576,589
8021;601
8028;613
80332;626
8047;640
8050;652
8053;664
8057;677
806;690,710
8063;735
8069;747
807;760
8078;772
808;793
80847;805
80da;819
80percent;831
81;849,964,1051
8102368;1110
8108;1126,1139
8119;1151
812;1164
8120329902;1176
8128;1195
813;1208
815;1228,1239,1251
816;1263
81622;1281
8166;1295
817;1307
818;1319
8182;1330
8196;1343
81st;1355
82;1367,1442,1485
8203438;1520
821;1536
8211;1548,1593,1606
8216;1639,1660,1673
8217;1685,1714,1727
821745;1739
8220;1762,1783,1795
8221;1808
8225;1829
823;1841
8247;1852
8257;1865
82628573;1877
827;1894
8298130;1906
82h;1922
82nd;1934
83;1946,2021,2087
83001269;2186
83004162;2202
831;2219
8316;2230
833;2243
836;2255
837;2267
838;2279
8392158695;2291
8399450;2310
84;2326,2393,2473
84037;2516
84158;2529
84162;2542
842;2555
84383;2567
846;2581,2593
8460483843;2632
8460495728;2651
8486926890;2670
8487544088;2690
849;2709
8493109797;2721
849772318x;2740
8497725565;2759
85;2778,2845,2922
850;2997,3017
85061;3029
850k;3042
85112;3055
851298;3069
85158;3084
851902;3097
852;3112
85263;3123
854;3136
85414;3148
85425;3162
85437;3176
85466;3189
8559;3203
856;3216,3228
85668;3240,3254,3268
857;3281
8575;3293
859;3306,3318
85967;3329
85973;3343
85976;3356
86;3369,3436,3511
860;3570
86171;3582
865;3595
866;3607
868;3619
869;3630,3642
87;3653,3728,3811
870;3856
8703787;3868
871;3884
874;3896
8744;3908
875;3920
877;3932,3952
87th;3963,3976
88;3995,4038,4111
880;4226
882;4238
88359;4250
8855211;4264
887;4279
88706;4290
88757;4303
888;4317
88857;4328
889;4341
889000424x;4353
88a;4372
89;4392,4459,4558
8913;4596
8921;4609
893;4622
893777;4634
893802;4649
894;4664
89428;4676
89464;4690
895;4704
896;4716
898;4727
89869;4738
89950;4751
8a;4765
8b;4776
8bn;4787
8c;4799
8i;4810
8outof10;4820
8rate;4836
8th;4850,4870,4906
8thaward;4938
