60;0,83,252
600;447,514,558
601;570
60154;582
601984;595
602;610,622
602677;634
603306;648
604;662,674
605;685
60524;697
6058;711
60639;724
607;736
608;746
609;766
609096810;784
6093;802
6093273;815
60px;831
60th;868,881
61;900,959,1034
610;1128,1140
6100;1151
610541671;1164
6108;1182
612;1194,1206
61235;1218
61236541;1231
6130;1248
6131;1261
615417;1274
61720;1289
618;1303
6182;1315
6185;1327
619;1339
6198537;1350
62;1366,1433,1478
620;1521,1533
621;1551
6215;1563
621776;1576
62337;1590
62366;1604
625;1618
6260;1630,1643
627;1655
628;1675
62894;1687
63;1701,1776,1813
630;1920
6300;1945
630000000;1958
631;1976,1988,2000
6317;2011
6317415;2023
632;2039,2067
633;2078
635;2090,2102
636;2113,2125
63665;2137
638;2151,2163
639;2174,2202,2246
639473;2271
6395;2286
6397;2299
64;2312,2403,2469
64000485;2536,2617,2640
64000486;2665,2682,2715
64000774;2745
642;2762
642498;2782
642715;2797
6428;2811
643;2824
64364;2836
644;2850,2862,2873
6440;2893
64500015;2905
6456;2921
647;2934,2946
648;2957
6495ed;2969,2984
65;3023,3122,3229
650;3309,3348,3360
6500;3372
65009978;3385
65067;3402
651379;3416
652;3431
652px;3442
653;3456
65468i;3468
654828;3483
654891;3498
655007;3513
65536;3528
656;3542
65702;3554
65732;3568
65819you;3582
6587727;3599
659;3615,3627
6595;3638
65978;3651
65978the;3665
65em;3682
65k;3704
66;3715,3758,3830
660;3889
66000;3901
66039206;3915
665;3932
666;3944
6666;3955
667;3968
6674de;3980
668;3994
669;4006
66th;4018
67;4031,4075,4125
670;4248,4260
670511;4278
671;4293
673035;4304
673998;4319
674;4334
67432;4346,4360
675;4373
676;4384
6764;4396
676867;4408
677;4423,4435
678;4453
6784;4465
679779;4478
68;4493,4576,4603
680;4648
6800;4660
681;4681,4693,4704
682;4716
682878;4728
685;4742
685256;4754
685865;4769
686;4783,4795
6860;4806
6869;4818
686a;4830
687;4843
688;4855,4867,4879
689;4890,4901
68th;4913
69;4926,5017,5082
690;5141
6900000;5153
691;5169,5181
691153;5192
691334;5206
691757;5221
692;5235,5247
693;5259
694635;5271
69470;5286
695;5300
698;5312
6989;5324
699;5336
6995;5354
69th;5366
6ap1003b;5379
6db6fe;5395
6f00ff;5410
6fa23b;5424
6h;5439
6ix;5449
6jd;5460
6jl;5472
6l;5484
6th;5495,5579,5625
6x4;5701
6x6;5713
6xd;5725
