20;0,5605,10068
200;15336,16487,17545
2000;18705,20602,22165
20000;23904,23926
200000;23939,23962,23977
2000000;24019
20001736;24035
20002;24052
20007;24065
200078;24078
2000kcal;24093
2000n;24110
2000rmb;24122
2000td;24136
2000th;24159
2001;24173,25557,26803
20010861;28081
200111;28097
20012;28112
20014;28125
200165;28138
20019ipcc;28153
2001draft;28170
2002;28188,29390,31047
20021025;32455
200211;32471
20023;32486
20023941;32500
20024501;32516
20024776;32532
20025866;32548
20026346;32564
200278;32580
20029950;32595
2002draft;32611
2002pub;32629
2003;32644,34307,35647
200302450;36896
20030711;36922
20032;36938
2003apr18;36951
2003cinema;36968
2003epigen;36987
2003pub;37005
2004;37020,38758,40128
200403;41598
2004385921;41612
2004draft;41631
2005;41649,43608,45119
200500;46717
20050610;46732
20054;46749
2005a;46763
2005b;46777
2006;46791,48847,50614
20060301;52381
20060329;52397
20060524;52413
200606;52430
20060918;52444
20062699;52460
2006789;52485
200684;52500
2006959;52515
2006color;52530
2006draft;52548
2006feb3;52566
2006host;52582
2007;52599,54785,56638
20070829;58359
20070918;58375
200722;58392
20079;58407
2007a;58421
2007b;58434
2007color;58447
2008;58465,60922,62976
200806;65152
20080905;65167
20081;65183
20081030;65213
200822;65230
2008230000;65245
2008242280;65264
2008319959;65283
200836;65302
2008b;65317
2008color;65431
2008edit;65449
2009;65466,67979,70272
20090105;72596
20090401;72611
20090414;72628
200905;72645
20090518;72660
20090621;72677
20092008;72794
20094;72810
20095;72824
200981;72838
2009a;72853
2009b;72867
200k;72881
200m;72892
200px;72905,73088,73332
200pxdate;73484
200th;73502,73532,73546
200x200px;73559
201;73586,73783,73941
2010;74164,77480,80034
20100;82986
20100142;83000
20100408;83017
20100409;83033
20100514;83049
20100521;83066
201012;83082
20101204;83097
20101209;83113
20101211;83129
20101219;83145
20101227;83161
20105414;83177
201080;83194
201088;83209
201096;83224
2010a;83239
2010b;83253
2010color;83268
2010last;83285
2010r;83302
2011;83315,86631,89288
20110108;92554
201102;92570
20110201;92584
20110202;92600
20110204;92616
20110211;92632
20110311;92648
20110626;92664
20110629;92680
20110701;92697
20110712;92714
20110817;92731
20110901;92748
20111204;92765
201149;92782
201187;92797
201195;92812
2011april;92827
2012;92845,96733,99803
20120218;103121
20120228;103137
201203;103153
20120321;103168
20120322;103185
201203504;103202
201204;103220
20120519;103243
20120703;103259
20120730;103276
20120927;103292
20121008;103308
20121112;103324
20121113;103441
20121115;103548
20121212;103565
201246986;103581
2012a;103598
2012b;103611
2012imag;103624
2012tim;103640
2013;103656,108902,113054
20130124;117449
20130224;117465
20130301;117481
20130404;117506
20130505;117531
20130517;117547
20130520;117563
20130620;117580
20130627;117597
20130703;117614
20130807;117631
20130901;117648
20130911;117665
20130926;117682
20131516;117699
201317;117716
201332;117731
2013375202;117746
20135;117765
201370;117779
20138;117794
2013a;117808
2013b;117822,117836
2013he;117849
2013jump;117864
2013the;117880
2013wayn;117895
2013z;117911
2014;117924,132494,143968
20140128;157346
20140206;157363
20140213;157380
20140214;157397
20140301;157422,157447
20140327;157463,157480
20140425;157497
20140502;157514
20140507;157531
20140624;157548
20140628;157564
20140712;157581
201407189;157598
20140919;157615
20140920;157632
20140977;157649
20141102;157665
20141115;157681
20141127;157698
20141215;157715
20141222;157732
20142015;157749
201423;157774
201454;157789
201492;157804
2014asin;157819
2014b;157835,157849
2014c;157869
2014cours;157882
2014end;157900
2014here;157916
2014th;157933
2015;157948,162229,165837
20150320;169584
20150415;169601
20150515;169618
20150615;169635
201508;169652
20150929;169667
20151008;169684
20151130;169701
20152013;169718
201530;169734
20154094;169749
201546;169766
2015he;169781
2016;169795,173242,176111
20160128;178991
20160721;179008
20160908;179025
20161215;179042
20161220;179059
20161222;179076
201630;179093
201653;179108
201691;179123
201698;179138
2016pna;179153
2016these;179168
2017;179194,181428,183962
20170223;186391
20170303;186408
20170326;186425
20170401;186442
20170406;186459
20170517;186476
201706;186493
20170729;186508
20170915;186525
20170928;186542
20171019;186559
20171107;186576
20171130;186593
201729;186610
20174;186625
201752;186639
201782;186654
2017phelan;186669
2018;186688,189045,191027
2018008232;193211
20180111;193229
20180116;193246
20180122;193263
20180215;193280
20180220;193297
20180222;193314
20180223;193331
20180316;193348
20180419;193365
20180710;193382
20180809;193399
20180928;193416
20181002;193433
20181025;193450
20181109;193467
20181204;193484
201820;193501
2018230011;193516
201859;193535
20187;193550
201877;193563
20189;193578
201891;193592
201897;193613
2018the;193628
2019;193643,195308,196889
20190214;198362
20190305;198379
20190314;198396
20190329;198413
20190452;198430
20190628;198487
20190726;198504
20190802;198521
20190823;198538
20190920;198555
20190924;198572
20191122;198589
201929;198606
20193;198627
201959;198640
201988;198655
201999;198670
201st;198685
202;198715,198935,199134
2020;199394,199511,199628
20200073;199746
20200129;199763
20200130;199780
20200254;199797
20200310;199814
20200348;199831
202008;199848
202013;199863
202015;199878
202049;199893
2021;199908,199938,199978
202148;200023
2022;200038,200067,200088
202216;200114
20221758;200128
202286;200144
2022pt;200159
2023;200174,200187
20231;200199
202324;200213
202362;200228
2024;200243,200264,200277
2024194349;200296
2024345249;200315
202446;200333
202449;200348
20246208;200363
2025;200379,200408,200434
20250;200447
202538;200460
202599;200475
2026;200490,200503,200516
202608;200528
2027;200543
2027189;200556
2028;200571
202827;200584
2029;200599
202902168;200612
202950;200629
202995;200644
20299934;200659
203;200675,200889,201060
2030;201340,201361
2031;201398,201419
203131;201431
2032;201446,201459
20320;201471
203201;201485
20322;201500
20326459;201514
2033;201530,201551
2033821046;201563
2034;201581
20341090;201607
20341480;201633
203423;201650
2034276;201665
2035;201680,201701
20356125;201713
2036;201730,201743
20361;201755
20362;201769
2036271244;201783
2036683;201801
203683852;201816
2037;201834,201860
2037118;201873
2037146;201888
203773;201903,201918
203779;201932
2038;201947
20382;201966
203857;201979
203880;201994
2039;202009,202022,202035
203979;202047
204;202062,202490,202746
2040;202999
20406f;203011
20409;203026
2041;203040
204114;203059
204132;203074
20414171;203089
204147;203105
2042;203120
2043;203132,203145
204325945;203164
204330;203181
204369;203196
2044030428;203211
204422;203229
204456;203244
204499212;203259
2045;203276
20453;203295
204597;203308
2046;203323
20461;203336
204689;203349
20469;203364
2047;203378,203399
20473;203412
204763808;203425
204774418;203443
2048;203461
204813;203474
204865;203488
2048planet;203503
2049;203523,203544
204948;203556
2049480;203571
204978888;203587
205;203605,203810,204039
2050;204259,204280
20502661;204293
205048;204318
205093;204333
2051;204348,204369
205101;204382
205152;204397
20516;204418
2052;204431,204452
205200;204464
2053;204479,204492,204511
2054;204524,204537
205496075;204556
2055;204573,204586
205511;204598
205521;204613
205536;204628
20563;204643
2057;204656
2058;204675
2059;204688,204701,204714
205902;204726
20599;204741
206;204755,205008,205212
2060;205459
20601;205472
206082;205486
2061;205501,205522
206100;205534
206131;205549
206139;205564
206154;205579
20619;205594
2062;205608
206227;205621
2063;205635
206336;205647,205662
2064;205677
206421;205690
2065;205705,205718
2066;205731
2066107;205744
2066367;205759
2066369;205774
206779;205789
2067793;205804
206792;205819
2068;205833
206801;205845
206886;205859
20688692;205874
2069;205890
206th;205902,205916
207;205930,206163,206326
2070;206508
207004;206521,206576,206646
20708;206733
2071;206747,206760
207123;206772
20714;206787
207161;206801
2072;206816
2072057;206828
207222;206844
20722412;206859
20727;206876
2073;206889,206922
2073651701;206935
207383;206953
20739990;206967
207401;206984
207451;207007
207474;207022
2075;207037
2075828;207063
2076;207078
20763;207091
207642;207105
20765;207120
2077;207134,207155
20770529;207167
207718;207192
207802;207207
20785;207222
2078592;207235
207878;207251
207886;207266
2079;207281,207294
207aa;207306
208;207320,207508,207637
2080;207841
208054;207853
208153;207868
208214;207883
20824;207898
2083;207912
208320695;207925
20842;207942
20844;207955
208450;207969
208457554;207984
208488;208002
2085;208017,208030
208504;208042
208557;208057
20856122;208072,208089
2086;208106
208611;208118
20863;208133
2087;208147,208160
208717;208172
208755;208187
2088;208202,208215
2089;208234
208960;208260
209;208275,208537,208686
2090;208890
2091;208903
20911;208915
209122;208929
2092;208944,208957
2093;208969,208982
209343;208994
2094;209009,209022
2095;209041
209515500;209053
209518;209071
2096;209086,209099
20960;209111
20962;209125
209679;209139
2097;209154
2097005248;209166
20973;209184
2098;209198
209853597;209211
20986;209228
209869;209241
2099;209256,209269
209th;209281
20a;209295,209315
20a4;209326
20about;209339
20ad;209354
20ai;209366
20am;209379
20american;209392
20and;209411,209424
20anti;209438
20are;209453
20arriv;209467
20aspect;209482
20b44b;209499
20bi;209514
20c;209527
20cafr;209539
20come;209553
20critiqu;209567
20crue;209585
20cuomo;209600
20d;209615,209627
20data;209639
20dufour;209660
20em;209677,209770,209803
20essay;209840
20exist;209856
20fall;209872
20ff;209887
20figur;209900
20first;209916
20for;209932,209946
20french;209959
20fritz;209976
20from;209992
20h;210007,210019
20igor;210030
20janev;210045
20journal;210062
20juli;210080
20k;210095,210107
20kusel;210119
20larock;210134
20last;210151,210166
20law;210180
20legal;210194
20legend;210210
20let;210227
20lgbt;210240
20life;210254
20louis;210269
20lynn;210285
20materi;210300
20mi;210323
20money;210336
20motley;210351
20mphil;210368
20mt;210384
20music;210397
20name;210412
20nation;210427,210444
20new;210460
20not;210473
20note;210487
20of;210502
20okinawa;210524
20osborn;210541
20out;210558
20parad;210571
20parent;210587
20period;210603
20pizza;210620
20plotarea;210635,210654,210673
20poem;210691
20posit;210706
20post;210722
20px;210736,210848,211010
20region;211139
20report;211155
20safeti;211171
20sewol;211194
20sheet;211211
20should;211233
20stop;211250
20sunken;211264
20switzer;211281
20system;211298
20t12;211315
20t18;211329
20th;211343,211901,212284
20that;212785
20the;212800,212823
20theori;212836
20thesi;212853
20thi;212869
20thth;212882
20to;212897,212909
20top;212922
20unit;212936
20use;212951
20viru;212965
20with;212979
20work;212994
20z;213009
21;213021,218027,222139
210;226367,226595,226828
2100;227185,227225,227254
21000;227275
210030;227305
210052;227320
2100568414;227335
210136;227353
2102;227368
210213;227380
21024;227395
2102836668;227409
2104;227427
2105;227453,227466,227479
2106;227498
210609;227511
2106413245;227526
210656;227544
210657;227558
210663;227572
2107;227586,227599
210747;227611
210869;227626
2109;227641,227655
210907;227667
210n521;227682
210px;227697,227727,227741
211;227768,227988,228167
2110;228374,228387
21101;228400
21115;228414
21118695;228428
2112;228443
211227;228456
211327;228471
21135926;228486
2114;228502
211467059;228514
211469758;228531
211479;228548
21149;228563
21150;228577
21163;228591
211685;228605
2117;228620
211739;228633
211777;228648
211784;228663
21190;228678
21190863;228692
21192193;228709
211th;228725
211x211px;228739
212;228757,228962,229145
2120;229454
21200038;229479
21200039;229496
2120326459;229513
2121;229531,229544
2121911049;229556
21228;229574
21229;229588
2123;229602,229615
212300;229627
212311;229642
212348399;229657
2124;229683
2125;229695
21254028;229716
212570;229760
2126;229775,229788
2127;229800
212761;229812
2128;229827
212830;229840
2128571421;229855
2129;229873
2129663825;229885
213;229903,230107,230291
2130;230496
2131;230517
2131021;230530
2132;230545
213242;230557
213279965;230572
21328;230589
213280;230602
2132937;230617
2133;230633
21330109;230645
21336;230661
2134;230674
213483572;230686
2135;230703
213638;230716
2137;230731
213737;230744
21376597;230759
2138;230775
213821;230788
2139;230803
2139369994;230822
213943;230840
213944;230855
214;230869,231081,231175
2140;231331,231352
2140850;231365
2141;231380
214118;231392
21421e;231407,231421
21429;231436,231450
2144;231464
21441306;231476
214449;231501
21449247;231516
2145;231541
214571;231553
2146;231567
21464;231579
21464857;231593
21467;231618
2147;231632
21474;231645
214783;231659
214910860;231674
215;231691,231839,232028
2150234;232280
2151;232296
21516;232308
2152;232322
215202;232334
2154;232349
215465423;232361
2155;232379
2156;232392,232405
2157;232417
215813;232429
215878;232444
2159;232459,232472
21593592;232484
21597;232501
215984;232515
215px;232529
216;232543,232755,232934
21600;233106
2161;233120
2161706;233132
2162;233147
21622;233166
2163;233179
2164202;233192
216438;233208
21644;233223
2164614;233237
2164815;233253
2164839;233269
2164916;233284
2164985;233299
2165;233314
216537;233326
216644;233341
216667;233356
21667;233379
21668;233393
2166962624;233407
2167;233425
2167407721;233444
216743;233462
2168;233477,233490
216904;233502
2169784009;233517
217;233535,233700,233852
21708;234017
2171;234031
21720044;234043
217262;234060
21730;234075
2173501;234089
2174;234104,234117
21749;234129
2175;234143
217506;234155
217512469;234170
217560;234187
217590;234202
217598;234217
21764;234232
217697;234246
217778;234261
21778;234276
21784;234290
217876792;234304
2179;234321
21794;234334
217941;234348
218;234363,234543,234679
2180;234899
218048;234918
21806692;234933
2181;234958,234971
2182;234983
21823358;235002
218258;235025
218296410;235040
218297068;235058
2183;235076
2184;235089,235102,235115
21845;235127
21848512;235140
2185;235156
2186;235169
218658;235182
21866155;235197
2187;235213
218701;235225
218775;235248
2188;235263
218895;235284
2189;235299
21891834;235318
218945;235343
219;235358,235554,235733
2190;235881
2191;235893
219122103;235906
2192;235932
219292;235944
2193;235959
219345;235971
219360;235986
219366;236001
2194713;236016
219482;236032
2195;236047,236060
219528;236072
21956;236087,236101
219591;236114
2196;236128
21960;236140
2196019;236153
2197;236177
2197418;236189
2198;236203
2198155;236216
219837;236232
21987;236247
21988;236261
2198887;236274
2199;236289,236302
2199641;236314
21a;236329
21aa;236341
21c;236354
21f;236365
21k;236376
21pm;236388
21px;236401
21st;236414,236715,236971
21t11;237256
21t12;237270
21t23;237284
22;237298,241237,246190
220;250519,250812,251080
2200;251550,251571,251584
220000;251610
2200z;251624
2201;251637,251649,251662
22014725;251675
22015355;251692
2201st;251709
220276;251723
2202bde;251738
2202nd;251753
2203;251767
2203976661;251780
2203rd;251798
2204;251812
2205;251824
22050hz;251837
220512;251869
220572;251884
2206;251899
22067;251918
2207;251932,251953
220746;251965
220795;251980
220px;251995,252028,252058
221;252096,252324,252465
2210;252693,252706,252719
22101;252738
22102;252751
221031;252764
22106;252778
22110;252791
2211250;252804
221138;252820
221191;252835
2212;252850,252863
221227690;252875
221336;252892
221497;252907
2215;252922
221504;252934
221649;252949
2217;252964,252977
221725;252989
221779;253004
2218;253019
22183;253031
22184;253045
2219;253059
22193;253071
221939;253085
221970;253100
222;253115,253280,253422
2220;253651,253664
22200;253676
222008;253690
222015;253705
2220221758;253720
2221;253738,253751
222160;253763
222206;253778
222229;253793
222267;253808
22227;253823
222298;253836
2222993;253851
222321;253867
222328;253882
222343;253897
222374;253912
222435;253927
2224498093;253942
222458;253960
2225;253975,253988
22251641;254000
222519;254017
2227;254032
22271;254045
2228;254059
22280;254071
222863;254085
222893;254099
2229;254114,254135
222933;254154
22299;254169
222992;254183
223;254198,254306,254436
2230;254584,254597,254626
223035;254645
223183;254659
223198;254674
223259;254689
2233;254704,254717
2234;254729,254742
2235;254755
2236;254776
22361;254789
2237;254803,254816
22373;254829
2238;254843,254856
223846;254868
2239;254891,254904
224;254916,255040,255157
2240;255321
2240213923;255334
2241;255353
224151656;255374
2242;255391,255412,255425
2242290527;255437
2243;255455
224324;255468
22433341;255482
224396;255498
2244;255513,255526
2245;255539
22466886;255552
2249;255568
225;255581,255854,256043
2250;256303,256316
225000;256345
22508;256360
2251207;256374
22515460;256390
2252;256407
225359;256426
225370;256441
225426;256456
2254371494;256470
2255;256488
2255250663;256500
225534;256518
225569;256532
225572;256546
225576;256560
225578;256574
225580;256588
225587;256602
225590;256616
225591;256630
225602;256644
2256651074;256658
2257;256676,256689
2258;256701,256714
2258056;256726
22586;256742
22589;256756
225898;256770
225px;256784,256806
226;256819,257025,257160
2260;257413,257434
226013;257452
226014;257466
2262;257480
22626;257501
2263;257514
22643;257526
2265;257540
2267952859;257553
2268;257571,257584
22680556;257597
22686;257622
2268636078;257635
2269;257653,257666
22698953;257685
226ff;257711
226th;257725
227;257739,257911,258077
2270659;258257
227080;258272
2271;258287
22717;258299
2272;258312
22724;258331
2273;258345
227319;258358
22733;258373
22742;258387
22745;258400
227467;258414
22754;258429
2277;258443
22774346;258456
2278;258472,258485,258498
2279;258510
228;258529,258760,258890
2280;259142,259155
228000;259167
2280792;259181
2281;259196
228221;259217
22839;259232
2284;259246
2285;259265
2286;259277
22864000;259289
228656;259306
2286957204;259321
2287;259339,259352
22873;259371
2288;259385
228b22;259397,259484,259516
229;259537,259734,259909
2290;260177
22908201;260190
2291;260207
22917402;260226
2292;260251
2293;260264,260277
2294;260289
22941a;260301
2294282913;260316
22942901;260334
2295035;260351
22951;260367
22952;260381
2296;260395
2297898;260407
2298;260423
229817;260435
22995;260449
229b;260463
22aaaa;260474,260489
22abc;260503
22afch;260517
22assang;260532
22bullet;260548
22data;260565
22director;260579
22em;260606,260667,260726
22jan2016;260827
22k;260844
22list;260856
22lr;260872
22m;260885
22nd;260898,261022,261163
22net;261224
22nha;261237
22o;261250
22pm;261262
22px;261275,261296,261310
22relish;261329
22some;261346,261361
22stellar;261375
22top;261393
22truy;261407
22under22;261421
22x;261439
22x20px;261451
22x21;261467
22z;261481
23;261493,265197,270208
230;274476,274640,274829
2300;275066,275095,275128
230061;275149
2301;275164
2302;275176
23027;275189
2303;275202
230305;275214,275238
230310;275252
23033923;275266
23045;275283
2305;275297,275310
2306;275322
23061;275335
2307123;275349
2308;275453
23088;275465
23089671;275479
2309;275495
230px;275508,275522,275544
231;275578,275815,276070
2310;276218,276230
2311;276243
23113197;276256
23116374;276273
2312;276289
231231;276302
2313;276317,276330
23147117;276342
2314729;276359
2315;276375,276388
2316;276400
2316546589;276413
2317;276431,276444
232;276456,276671,276842
2320;276990
23203;277002
232065;277016
2321;277032
2321866155;277044
2322;277062
2322819233;277081
2323;277099
232323;277112
232334;277127
23233747;277142
2324;277158,277171
2325;277183
2326;277195
232638;277207
2327;277222,277235
23277;277247
2328;277260
2329;277279,277292
2329888;277304
233;277319,277494,277652
2330;277800
233104;277813
23315;277828
2332;277842
23337;277854
2334;277868,277881,277900
2335;277913,277926
233562;277938
2336093;277953
23361;277968
233624;277982
23375;277997
2338;278010
233887;278022
2339;278037,278050,278063
233906135;278082
233936;278099
233aa;278114
233d7a;278128
233th;278143
234;278156,278304,278420
2340;278624,278637
234009;278656
234173;278671
234194515;278686
2342236;278703
23424;278719
2343;278732
23433;278744
234363;278757
2344;278771
2344244421;278783
234474;278801
2346;278816
2347;278835
23471474;278847
234786;278863
2348041758;278878
2349;278897
2349774;278910
234px;278926,278964
235;279010,279198,279345
2350;279525,279538
2350725234;279557
235157;279575
23516202;279589
2352;279605,279618
2352052;279631
2352503941;279647
2353195;279664
2354;279679,279692
2355;279704,279725
235512;279737
235517174;279752
2355278879;279769
23559696;279787
2356;279804,279817
2357;279830
235732168;279842
235817;279859
2358653;279874
2359;279889
235px;279901
236;279915,280040,280204
2360;280360
2361;280381
2361181680;280393
2362;280410
23620;280422
2364114;280435
2364284;280459
2364323;280475
23648;280499
23656;280513
23656046;280527
2366917282;280543
2367;280561,280574
2368;280586
2368406206;280597
2369330823;280615
237;280633,280742,280905
2370;281133
23705196;281145
23707;281170
2371;281184
2372;281196
2373;281208,281229
2373617;281241
237415;281256
2375;281271
237501;281284
237520187;281298
237753;281315
23776412;281329
2378;281345
23792928;281357
238;281374,281530,281718
2380;281907,281920
238000;281932
2381;281946
23810;281958
238115;281972
238255;281995
23839879;282010
2384;282026
23856;282038
2386;282052
23869;282064
2387;282078
2388;282090
2388880253;282102
2389;282120
2389721274;282132
239;282150,282348,282548
2390;282730,282743
239070639;282755
2391;282772
2393;282785
23936;282798,282812
2394;282825
2395;282838
239530;282850
239557;282865
2396;282880
2397;282892
23971789;282904
239734456;282920
2398;282938,282951
239890683;282964
2399;282982
239948;282995
23996797;283010
23998;283035
23a;283049
23apr2017;283061
23b;283078
23central;283090
23em;283108,283121,283134
23file;283146,283177,283209
23g17;283244
23h2;283258
23led;283270
23list;283284
23neither;283299
23ombr;283317
23prais;283332
23rd;283348,283497,283578
23roman;283671
23small;283687
23spot;283703
23t20;283718
23templat;283732,283750
23w;283767,283778
23x23px;283790
23z;283805
24;283817,287670,291883
240;295542,295731,295932
2400;296248,296285,296311
240000;296356
24000000;296370
240030;296387
2401;296402
2402;296414
24024;296427
2403;296441
2404;296454
240418;296473
240616;296494
2406293005;296509
2407;296527
240799;296539
240810;296554
2409;296568
24095;296580
240k;296593
240px;296606,296652,296744
241;296774,296890,297018
241035;297158
2411;297173
2413;297186
241360;297198
2414;297213
2414191961;297235
2415;297253
2416;297266,297279
241664;297291
2417;297312,297325
241711;297337
2418;297358
2418012917;297370
241804;297388
241951;297402
242;297417,297558,297721
2420;297926,297939
24203;297951
24221;297965
24227592;297979
242279;297996
2423;298011
24232538;298024
2423993349;298041
24241841;298059
2424bd;298076
2425;298091,298112
242553;298124
24259;298145
24259569;298158
2426;298212
24263203;298225
2428;298242
24284;298254
242859;298268
243;298283,298447,298549
2430;298729
2431;298742
2432;298763
2433;298784,298797,298810
2433946;298822
24345;298837
24345249;298851
243465;298867
24347758;298882
2435251325;298898
24358;298916
243736;298930
243743;298945
243785;298960
2438;298975
243828;298987
243f;299002
244;299014,299138,299239
2440;299371
24401249;299384
244183;299400
24425628;299415,299440
2443;299456
2444;299477
24449;299490
2445;299504
2446;299517
244637;299530
244730;299545
244731;299559
244734;299580
244735;299601
244736;299622
24477305;299643
244789;299660
2448;299675,299688
244839;299700
244848;299721
24498093;299742
24498245;299758
244pp;299783
245;299797,299929,300089
2450;300302
24500;300314
24501600;300328
245110;300345
2451290456;300360
24516;300378
2453615;300392
2455;300407
245640;300420
24569;300435
2457;300449
2458;300461
245841;300473
2458469868;300488
2459;300506,300519
24594;300531
246;300545,300702,300875
2460;300991,301004
246000;301023
24601;301038
246082065;301051
246164;301068
2462;301083
24622983;301095
2464;301112
2465;301124
246560;301143
24665;301158
24666;301172
2469;301186
247;301198,301314,301550
2471;301686,301699
24715965;301711
2472;301736
2473697;301748
24742;301763
2474909127;301777
2475;301795,301814
24756801;301827
2476;301844
24767;301863
2477;301877
2478;301889,301902
2478326;301914
248;301929,302005,302127
24801;302348
248020;302362
248057;302377
2481;302392,302405
2481121719;302417
2482;302435
24821785;302456
2483;302472
24838;302485
2484;302498
2485;302511
2485591471;302524
2486;302542
24860;302554
24874189;302568
248766;302591
2488;302606,302619
2488620281;302645
24889;302663
24897;302677
248970865;302690
248aa;302707
249;302721,302958,303059
2490020;303215
2491505;303231
2492352;303247
2493;303262
2494;303274,303295
2496;303307
24979;303320
2498;303334
2499;303346
249966;303359
24aa;303374
24apr2014;303387
24d;303404
24em;303424,303461,303474
24first;303514
24h;303529,303557
24herb;303582
24hr;303597,303610
24k;303621
24kt;303633
24kz;303646
24last;303659
24one;303673
24px;303687
24th;303716,303889,304009
24wmf2;304094
24wmf3;304109
24wmf4;304124
24x18x2;304139
24z;304155
25;304167,308499,313166
250;317364,317912,318514
2500;318975,319035,319088
25000;319117,319131
250000;319145,319166
2502;319181
25025;319194
25026;319207
2502847314;319220
2503;319238
25039992;319250
25043665;319267
2505;319283
2506;319295
25065081;319308
2507;319325
25074;319337
2507525682;319351
2508;319369,319382
2509;319403
25093;319416
250k;319430
250px;319443,319577,319729
250th;319865,319887
251;319901,320057,320215
251028;320380
251093;320395
2511;320410,320423,320435
2512;320456
2513;320468,320481
2514;320494
2514206171;320506
25146454;320524
2515;320541,320554
25153725;320566
251549;320583
2516;320598
2516808808;320610
2518;320628
251850;320642
251957;320657
25196568;320672
252;320689,320869,321041
2520246208;321237
2521;321255,321268
252144;321279
25228;321294
2524;321308
252609;321319
2527;321334
252722;321346
2528;321361
2528291;321373
252834;321389
25288;321404
2529;321418
2529580593;321429
252px;321447
253;321461,321577,321705
2530;321862
253056;321875,321890
2532;321905
2533;321918
253360722;321930
2535;321948
2535115;321961
253529;321976
25353775;321989
25358;322005
2536;322019
2537;322032
25372322;322061
25379014;322077
253796;322093
2538;322108
2539;322120
254;322133,322297,322461
254005195;322593
25402;322610
2541;322624
25411;322645
25413;322659
2542;322673
2542687;322685
2542897463;322701
2543;322719
2544;322731,322744,322756
2544340;322777
2545780838;322793
2546;322811,322824
254669;322836
254688;322851
2547;322866
254742;322877
254757;322892
254772;322907
254837;322922
254860;322937
2549;322952
2549190819;322964
254925;322982
2549514174;322997
254a29;323015
255;323030,323165,323326
2550;323484,323497,323510
25501;323522
255047;323536
2551;323551
255188;323564
2552;323579
255299;323592
2553;323607
255310;323619
25533018;323634
255383;323651
255450;323666
255542;323681
255577445;323695
255600;323712
255657;323727
2557;323742
2557230;323754
255749;323770
255795;323785
255917;323800
256;323815,323931,324032
2560;324140,324153
2562;324165
25620;324178
25623;324192
2564;324206,324219
256447;324231
2564625442;324246
2566;324264
25661;324276
25666529;324289
2567;324306,324319
25675;324331
256771;324345
25679728;324360
2569;324377,324390
25695;324402,324416
2569820;324430
257;324445,324505,324589
2571;324641
25718;324654
2573845983;324668
2574;324686
2574337;324698
2574831545;324713
2575;324731
2576286;324743
2576634;324758
2576794;324773
2576884;324789
2577214539;324804
2577548;324822
2577608;324838
2578;324852
2579;324871
2579001;324889
258;324905,324989,325098
2580;325196
2581308;325215
2582;325231
2584;325244
2584854;325256
2585;325272,325285,325298
2586;325310,325323
258722;325335
2588750;325349
25897386;325365
258987993;325382
258th;325399
259;325413,325497,325589
2591643;325662
2592;325677
259260351;325690
2593;325708
2593845;325721
2594;325736
25953;325749
2596;325763
259652;325776
2597;325791
2597834;325809
25994871;325825
2599796951;325841
25a;325859
25ap;325870
25apr2014;325882
25em;325899,325952,326012
25first;326105
25h;326120
25ish;326132
25k;326146,326158,326170
25last;326181
25li;326195
25p;326208
25plotarea;326219
25pm;326238
25px;326251,326336,326390
25sexi;326416
25t04;326430
25t08;326450
25t22;326464
25th;326478,326635,326792
25to;326885
25unbox;326898
25z;326914
26;326926,331244,335323
260;338533,338641,338797
2600;338912,338945
26000;338958
260017;338972
26005;338987
2601;339000,339021,339054
260178;339075
2602;339090,339116
2602128;339145
2602129;339160
2602130;339175
2602131;339190
2602132;339205
2603;339220
260311;339233
2604;339248
260402;339267
2605;339282
26057;339302
26059;339315
2606;339329
260670;339341
26067541;339356
2607;339373
26094;339386
260986;339400
260px;339415,339453
261;339486,339594,339702
26100;339768
26102;339782
2610218;339796
2611;339811,339824
2612;339836
2613525689;339848
2614;339866
2614644;339879
2615;339895
261517;339907
2616;339922
261615485;339934
2618;339951
26182461;339970
2619;339986
26191;339998
262;340012,340088,340197
2620;340281
262005;340294
2621;340309
2621640;340321
2622;340336
26221281;340348
262280792;340364
2624757886;340381
2625;340399,340411
26256;340424
2626;340437
2626652;340456
2627;340472,340485,340498
262783;340510
2628;340525
26286;340551
262884;340564
26298;340578
263;340591,340707,340823
26312;340907
2632;340920
2632177472;340932
2633;340950
263430;340963
26352;340977
263743;340991
263783;341006
26379;341021
2638;341035
2638045;341047
263832;341063
263992;341078
264;341093,341177,341277
2640;341349,341361
264076;341374
26408784;341389
2641;341406
2642;341418
264248;341431
264284;341446
26431;341461
264339;341475
2643518;341490
264385160;341504
26439852;341521
2644;341565
264403;341577
2645906;341592
264690;341608
2647;341623
26486592;341636
264872315;341653
26488;341670
265;341683,341775,341902
2650;342018
265050;342039
2650915;342054
2651;342069
265171;342088
265192235;342103
265211;342121
2653;342135
265335;342148
26536470;342163
2654;342179
26544;342191
26547475;342205
26547481;342249
26548;342293
2655;342307,342319
2656;342332,342344
2657;342365
2657371;342377
2658;342493
26584;342506
2659;342520
265909791;342532
26594;342549
26597;342563
266;342577,342743,342819
2660;342906,342919
26625;342938
26629536;342952
2663;342969,342981
266328;342994
266354;343009
2664;343024
266457;343036
2665;343051
26650;343063
2666;343077,343090
266667;343102,343117
2667;343140
2667109;343152
2667314;343167
2667345;343182
2669;343197,343210
267;343229,343354,343448
2672;343524
2672415;343537
26729;343552
2673;343566
2674;343579,343600
2675;343619
267550528;343631
2676;343648
2676582;343661
2677;343677
2677126;343689
2678;343705,343718
2678285;343730
267857383;343746
26798272;343763
267px;343779
268;343793,343853,343926
26807793;344042
268080;344059
2680947;344074
26811443;344090
2682;344106
2683;344118
2685;344130
26858795;344142
2686;344158
26868;344177
2687;344191
26881129;344203
2689;344219
268aa;344232
269;344246,344354,344482
2690;344606
2692;344618
2692000866;344630
2693;344648
26936384;344661
2694;344678,344697
2695;344710
2696;344722
26960;344735
26968042;344749
2697;344772
2699;344784
2699204;344796
269943;344811
26999772;344826
26c3;344842
26cd99d1;344854
26feb10;344870
26last;344894
26m7;344915
26mar2017;344927
26th;344944,345093,345162
26yo;345264
26z;345276
27;345288,349780,353401
270;356897,356989,357114
2700;357214,357227,357264
270000;357276
2701;357291
27013223;357303
27014;357320
27025265;357334
27029;357350
2704;357364
2705;357376
2705195;357389
270571;357404
2706;357418
2707gt;357431
2708;357446,357458
27082693;357471
270855;357487
27087116;357502
2708992559;357518
2709;357535
270954015;357548
270px;357565
270th;357585
271;357599,357683,357755
2710;357847
2710182667;357866
27102013;357884
27118;357900
27129993;357914
2713;357931,357943
2714;357956
271545;357968
2715844;357983
2715cc;357999
2716;358014
271633;358033
27167524;358048
271687;358065
271690;358080
2717;358095
271706;358108
27170840;358123
27173;358148
271744;358162
27174575;358177
271774;358194
271793;358209
27181;358224
271824;358238
271832;358253
2719;358268
271961;358281
272;358296,358397,358464
272007;358532
272022;358547
272087;358562
2721323;358577
2722;358601
2722466886;358620
272350;358638
2724;358653
27244;358665
2725;358679
272549;358691
272560;358706
272567650;358721
272583;358738
272591;358753
2726;358768
27263783;358780
272662;358797
272678;358812
272682;358827
2727;358842,358855
272709;358867
272743;358882
272751;358897
272755;358912
2728;358927
272850;358939
272895;358954
2729;358969,358981
272926;358994
273;359009,359165,359238
2730;359306
273087;359325
2732;359340
2734;359352,359364
273411;359377
2735;359392,359411
2736;359424
2737;359436
273797;359450
2738;359465,359484
2739;359498
2739896178;359510
274;359528,359604,359680
2740;359726
2741;359738
274161;359750
2742;359764
2743;359776,359789
27433547;359801
2744;359817,359836
2745;359849
2746;359861
274632;359873
274639;359888
2746984865;359903
274752;359922
2748;359937
2748415;359956
27488;359972
2749;359986
274925;359998
2749408185;360013
275;360031,360132,360254
2750;360394
2750940025;360406
2751;360424
27511;360436
27528;360450
2753;360464
2754;360476
2754392624;360488
27548844;360506
2755;360523
2756;360542
27560370;360561
275652;360587
2757112384;360602
27572;360620
275730;360634
2758;360649
27583053;360662
2759;360679
27591091;360691
27599;360708
275px;360722,360770,360784
276;360798,360893,360985
2760;361093
2760744095;361105
2761;361123
276180;361142
2762;361157
2763;361169
276389;361181
2764;361195
2765;361208
2766;361227,361240
27661;361252
276682049;361266
2767;361283
276791;361302
2768;361317
27689631;361329
2769;361355,361368
27699;361380
277;361394,361478,361610
2770;361675
2771;361694
277176;361706
2772;361720
277280926;361732
2773;361749,361761
27731;361774
27732134;361788
27745;361804
277478;361818
2775;361832
277580858;361851
2776;361869,361882
2777;361894
277718;361906
2778;361921
27786;361933
2779;361947
277px;361959
278;361972,362041,362142
2780;362260
2780068;362272
2780h;362288
2781;362301
278228;362320
2783;362335,362356
2784;362368
278515;362380
2785388231;362395
278593;362413
278653;362428
2787;362442
2788;362455,362468
2789;362480
279;362492,362544,362652
2790;362788
2790597975;362800
2791;362818
27914015;362837
279224;362854
2793;362869
279343;362881
2794;362896
2795436084;362909
27956;362927
2796;362949,362970
2796369791;362982
2797;363000
2797255516;363012
2798;363030
2799194455;363042
279956311;363060
27a5;363077
27c600;363089
27dean;363103
27em;363118
27h;363131
27heff;363142
27mer;363156
27sullivan;363170
27t02;363189
27th;363203,363288,363317
27x9x2;363392
27z;363407
28;363419,368569,372172
280;375826,375966,376094
2800;376210,376223,376249
280000000;376262
28001;376279
2800147;376293
28003;376309
28012;376323
2802;376337
28025236;376349
28027078;376366
2803;376383
280373;376395
2804;376410
28045;376422
2805;376435,376456
280586;376468
2806;376483
28071002;376495
280720;376512
280799;376527
2808;376542
2808253467;376554
2808946;376572
2809;376588
28092832;376600
280950;376617
280975461;376632
280px;376649,376695,376736
280th;376790
281;376803,376912,377000
2810;377092,377105
281094;377117
2811;377132
2811032;377151
2811238;377166
2812;377181
2812265158;377200
2813;377218
2813305;377231
2813839;377246
2814;377261
2814210;377273
2814530;377288
2814611;377303
2815;377318
28159268;377331
28162;377348
281652;377361
28168;377376
281684;377390
2817;377405
2819;377438
281932;377450
28197;377473
28197110;377486
281981;377503
281987;377518
281994;377532
282;377555,377647,377735
282005;377876
282014;377897,377912
28203;377927
2821151912;377940
28216;377958
2822;377972
2822379;377991
282270;378006
28230097;378021
28236845;378044
2824;378060,378073,378085
28247531;378098
2825107;378114
2825257;378130
282581;378146
2826;378161
282687;378174
28281;378189
282810;378203
28282;378218
2829;378231
283;378243,378319,378419
2831;378472,378485
2833272517;378498
283333;378516,378531
2834;378546
28343;378559
2835;378573
28354;378586
2836;378600
28361;378613
283646;378626
2837;378641
283861004;378653
28398;378670
283rd;378684
284;378698,378806,378872
284077;378972
28426;378987
284260;379000
284279345;379015
2843;379032
284347;379044
2844;379058
2845;379070
28455615;379082
2846719921;379098
2847;379116,379128
2848;379165
285;379177,379269,379370
2850;379478
285000;379499
28501724;379514
28504;379530
28505;379544
285252;379557
28525627;379572
2854;379598
28547;379610
2855077386;379624
28554;379642
285552;379655
285553;379670
285606;379685
28561;379700
2856542034;379714
28582033;379733
28586;379750
2858619;379764
285923;379780
286;379795,379903,380019
2860;380100,380113
286000000;380125
28604;380143
28607713;380157
2861;380174,380187
2861b2;380200,380223
28627;380238
286270;380252
2863;380267
286326;380286
2863945961;380300
286421;380318
2865;380333
286514;380346
2866;380361
2867;380374
2868;380393,380405
286800;380418
286839;380433
287;380447,380539,380655
2872;380715,380736
2874;380748,380761
28757652;380780
2876;380797,380810
287640;380822
28764832;380837
2877540154;380853
287800;380872
287876;380887
2879;380902
287933;380914
288;380929,380998,381090
2880;381143
288029;381164
28804;381179,381193
2880464641;381206
288056;381225
2880834639;381240
2881;381258
288162;381270
2882;381285,381298
2882459;381317
288254;381333
2882637;381348
2883;381364
28839;381376
2884;381390
288429;381409
2885;381424,381437
288585;381456
288677;381471
2887;381486,381499
2888;381511,381524
288872;381536
2889;381551
288972;381570
288p;381584
289;381597,381729,381789
28900;381906
289032;381920
289069909;381935
289092966;381953
2892;381971,381983
28921;381996
289253;382010
2893;382025
2894;382037
289433;382049
2895;382064
289513;382076
28954910;382091
28955633;382108
28956246;382125
2895976;382141
289644;382157
2897;382172
28970;382185
2898;382207
28c3;382219,382232
28ca;382244,382257
28d;382268
28dualdisc;382280
28em;382298
28first;382310
28h;382332
28lagoon;382343
28last;382360
28north;382374
28pt;382390
28px;382403,382424
28result;382436
28scottish;382452
28t06;382471
28t09;382485
28th;382499,382624,382712
28the;382741
28tuintj;382755
28ucb;382772
28world;382794
29;382810,388071,390980
290;394409,394485,394600
2900;394684,394705,394718
2900055;394730
29004;394745
2902;394759,394772
2902168;394784
290234;394799
2903178283;394814
2904;394833
29045873;394846
29047;394863
290504;394877
29058;394892
2906;394906
29072;394919
29076;394933
29086;394947
290865;394961
2909103632;394976
290aa;394994
290px;395008
291;395022,395082,395166
2910;395218
291077;395230
2912;395245,395258,395271
2913;395283
291367;395295
2914;395310
29143;395322
29157420;395336
2916;395353
29162;395365
29162914;395379
29166454;395396
29174;395412
2918;395426
291813;395438
2919;395453,395467
29199392;395480
292;395496,395572,395680
2920;395767
29201;395786
29207;395800
2923;395814
29237193;395833
29237737;395850
29238122;395867
2924;395884
2924744487;395897
2925;395915
292581;395928
292588;395942
2928;395957
2928332686;395976
292973;395994
292992;396009
293;396024,396108,396175
293018;396275
2932;396290
2933;396319,396332
2934;396344
2935;396356
293551685;396369
2936;396386
2936448753;396399
29380;396417
293839;396431
29390;396446
29393382;396459
29396406;396475
294;396491,396583,396635
2940;396707
2940648;396719
294125;396743
29417559;396758
29425;396783
2945;396797
29453;396810
29453372;396832
294563;396848
29461459;396863
29464693;396880
29467;396896
29470522;396910
294903;396934
295;396949,397001,397056
2950660288;397148
2951;397166
29512;397178
29514;397192
2952;397206,397219
2952185571;397238
295338;397256
295414;397271
29548836;397286
29551457;397302
29552;397319
2956138253;397339
29575;397357
295753;397370
29577b;397385
2958;397400,397413
295864;397425
29586893;397440
2959;397456
296;397469,397521,397581
2960;397697,397710
29601;397722
29601532;397736
296120;397752
29619;397767
2962;397780
296268;397792
2963;397807
2964;397826
296424230;397847
2964272;397865
296478;397880
2965289;397895
296546;397910
29663825;397925
296768;397941
2968;397955
29681;397968
2968133986;397982
2969;398000
297;398012,398112,398199
29702;398259
297092;398272
2971;398287,398300
29712569;398312
297127;398329
297145;398344
297291;398359
2973;398374
297381;398395
297474;398409
29752491;398424
29753685;398441
2975911498;398457
2976;398475
2977;398488
297730925;398500
2977322638;398517
297745;398535
29793279;398550
298;398567,398661,398721
298012;398797
2981;398812
298153;398824
2982;398839
298267;398851
2983;398866
298361;398878
298374;398893
2985;398908
2988;398920
2988905609;398933
298933985;398951
299;398968,399060,399176
299004;399235
2991;399250
2991373837;399262
299168;399280
2992680669;399295
2993;399313
299320;399325
2994;399340,399353
299454;399374
2994650602;399389
2995;399407
299557;399428
2998;399443
2998083532;399455
299923;399473
29993014;399488
299px;399505
29first;399519
29hour;399534
29kcal;399549
29t00;399564
29t09;399578
29t15;399592
29t16;399605,399619
29t17;399632
29t18;399645
29t19;399659
29t20;399672
29th;399685,399786,399894
29z;399963
2a;399975,400020,400031
2a00;400106
2a02;400119,400138
2a0f;400159
2a1;400172
2a2a2b;400184
2a2b2a;400198
2a2b2b;400212
2ab2;400226
2all;400238
2ari;400251
2ay;400264
2b;400276,400308,400319
2b04;400378
2b2a2a;400391
2b2a2b;400405
2b2b2a;400419
2b89;400433
2ba43;400446
2ben;400459
2bgthorn;400472
2bmedia;400488
2c;400504,400563,400608
2c2017;400651
2c32;400666
2caco;400678
2cae5;400692
2cello;400707
2ch;400722
2cinc;400734
2col;400747
2cv;400759
2d;400770,400861,400942
2d3891;400985
2d6;401000
2d7;401012
2d8f;401024
2dab;401037
2db0;401049
2e;401062,401073,401090
2e5;401101
2e5894;401113
2e82f4;401128
2ed;401143
2efe;401154
2em;401166,403547,405543
2ex;407501,407521,407539
2f;407568,407587,407646
2f10;407677
2f1031114;407698
2f1060745;407724
2f1272516;407750
2f1290958;407767
2f1526709;407793
2f1562764;407819
2f1718487;407836
2f1963192;407862
2f2014;407888,407919,407951
2f357401;407986
2f49513;408002
2f4f4f;408024,408143,408182
2f5;408297
2face;408309
2fasi;408323
2fb;408345
2fboundari;408358
2fcatalog;408377
2fcd;408401
2fen;408414
2fepjds6;408427
2ffluka;408452
2ffm;408474
2ffmt;408495
2ficn;408509
2file;408522
2final;408536
2fissn;408551
2fj;408565
2fjournal;408585
2fkml;408611
2fmerg;408625
2fmime;408640
2fnation;408654
2foutdmy2;408671
2fpna;408689
2fproduct;408711
2fs10791;408735
2fssrn;408760
2ftcl;408774
2ftja09018;408787
2fvanja;408805
2fwetland;408820
2fwww;408838
2go;408858
2h;408870,408913,408951
2i;408962
2in;408973
2k;408985,408996
2k13;409007
2k14;409020
2k15;409033
2k16;409046
2leg;409059,409088
2li;409100
2me;409112
2million;409124
2n;409140
2na;409151
2name;409162
2nd;409177,411742,413963
2ndari;416017
2ne1;416032,416045
2o;416058
2ot;416069,416089
2p;416128,416139
2p21;416169
2pp;416182,416194
2pt;416206
2px;416242,416455,416714
2q;416895,416906
2qr;416917
2r;416929,416948
2ram;416966
2risk;416979
2s;416992,417003
2s2p;417020
2screen;417032
2split;417048
2sqn;417064
2suit;417077
2third;417091
2unsourc;417106
2v;417123
2v2;417142
2x;417154,417173,417192
2x4;417202,417213
2xcd;417225
2xiyong;417237
2xlp;417253
2y;417266,417277
2yo;417287
2z;417299
