30;0,35,51
300;62
3000;74
3003322;86
30036;102
3005710;116
3005711;131
301;147
301782;159
3018;174
30191;187
3019620;201
3020194;216
3025222;232
3025474;247
3025586;263
3026546;279
3029570;295
3030637;311
3044043;326
3057022;342
30586;358
3059;370
3060860;383
3062880;398
30631;413
30633;427
30634;441
30635;455
30636;469
30637;483
30638;497
30639;511
307;525
307096;537
3077150;551
3083970;567
3084338;583
308533;599
3087752;614
3094;630
3096712;643
30h;659
31070;671
3114621;684
3117202;700
312711;716
3134;728
3145220;741
3152624;757
316065;772
3172;787
31765;800
3179694;814
319067;830
3195056;845
32;860
3204144;871
32049;886
32058;900
320588;914
320786;929
321339;943
32175;958
3218580;971
32210;986
32250;1000
32291;1014
32323;1027
323558;1040
326343;1055
3268216;1070
327006;1086
32753;1098
32832;1111
32903;1125
32949;1138
3310;1152
3311695;1165
331292;1181
3313;1196
33136;1209
33138;1222
3315020;1236
331766;1252
3317942;1267
33200;1283
3322985;1297
3323314;1313
332382;1329
3327;1344
3328192;1357
33631;1371
33674;1384
337099;1398
33712;1412
33713;1426
3373746;1440
33759;1456
33793;1470
338;1484
3381008;1496
338205;1511
33840;1526
338521;1540
338525;1555
34;1570,1581
3400872;1598
3402110;1614
3409;1629
341;1641
34132;1653
3413690;1663
3424535;1679
34256;1695
3441700;1709
3446908;1725
3448450;1741
3453320;1757
3456784;1773
3460152;1789
3460184;1805
3481199;1821
3483194;1836
34847;1851
3488256;1865
3495030;1880
34954;1895
3499120;1909
34997;1925
35;1939
35030;1950
35040;1964
35048;1978
35054;1992
35065;2006
35070;2020
35085;2034
35099;2048
351061;2061
3511194;2076
3511684;2092
3512280;2107
35173;2123
35188;2137
3553756;2151
3555038;2166
3560762;2182
3563782;2198
356448;2214
35647;2228
3569978;2242
3570321;2257
3579644;2272
3580571;2287
3588288;2302
3590937;2318
3594864;2334
36;2350
3600588;2360
3608;2376
3609518;2389
3611976;2405
3614530;2421
3621220;2436
36236;2452
3623929;2466
3626442;2482
3628512;2497
3631430;2513
3634940;2529
3640;2544
3653426;2557
3655522;2573
3660;2588
3675476;2600
367565;2615
3675748;2629
3681526;2645
3682796;2660
3686278;2676
3689584;2691
3697626;2706
3705306;2721
3707110;2737
3707700;2753
3708106;2769
3716142;2785
37194;2801
3728380;2814
37404;2829
3766452;2843
37791;2858
3807092;2872
3840;2887
3847350;2900
3847554;2916
385534;2931
387;2946
3877657;2957
39;2973,2984
3904;2994
39307;3007
39320;3021
39374;3035
39388;3048
395531;3062
3968;3076
3972398;3089
397320;3105
3976366;3120
39951;3135
3dflow;3149
3fh;3164
3rd;3176
3vrta;3187
