50;0,3391,5848
500;8887,9728,10467
5000;11256,11341,11539
50000;11620,11658,11672
500034;11706
500049206;11721
500050;11738
500057;11762
500114;11777
500126;11792
500248;11807
50029518;11822
50030677;11839
500343;11865
50034618;11880
5003592372;11897
50042;11915
500477;11929
500500;11944
5006;11959
50064;11980
500658;11993
500691;12008
500725050;12023
500729;12040
5007292032;12055
50075;12073
500786;12087
500786277;12102
5008;12119
500858;12131
500919;12146
500937849;12161
500954;12178
500973391;12193
500976764;12210
500k;12227
500psig;12246
500px;12262,12308
500th;12321,12367,12389
500word;12409
500yo;12431
501;12445,12513,12614
50100160;12722
50100327;12739
501015;12756
501017243;12771
501022196;12788
501080;12805
50113;12820
501225;12834
501308;12849
501320;12864
501331;12879
50133855;12894
501350;12910
501354;12925
50138;12940
5014;12954
501450;12966
501465;12981
501514;12995
501530;13010
501560;13025
5015631914;13040
501578;13058
501598;13072
5016;13087
5016273856;13106
50163275;13124
501667;13140
501671;13155
50168383;13170
5017;13186
501732;13198
50174;13213
501740;13227
5017542;13242
501785;13257
5018;13272
501801;13284
50181;13299
501835;13313
501888;13328
5019;13343
501923;13356
501961;13371
501c3;13386
502;13399,13483,13533
5020;13593
50200146;13605
50200147;13622
50200148;13639
50200149;13656
50200150;13673
50200151;13690
50200152;13707
50200309;13724
50200326;13741
50200341;13758
5020226645;13775
502163;13794
50223;13809
5023;13823
502304;13835
502361;13850
502369;13865
502445;13880
502514;13895
502619632;13910
50264;13927
502647;13941
502691973;13956
502692336;13973
502701;13990
502796;14005
5028649096;14020
50288625;14039
5029;14062
50291;14075
502979;14097
503;14112,14157,14233
50303113;14293
503052;14309
503143;14324
503147;14339
5031798;14354
5032;14370
50324472;14381
5033;14398
503338;14419
503438514;14434
503440579;14451
503441388;14468
503460864;14485
503468;14502
5035;14517
503501016;14529
503525;14546
5035267472;14561
503536;14579
503543;14594
503578;14608
503668485;14623
503685;14640
503712;14655
50375668;14670
5037861466;14687
503792;14705
503834273;14720
503841;14737
503860;14752
503883;14767
503889;14782
503925;14797
503944;14812
503976341;14827
503982647;14844
503985458;14861
504;14878,14954,15028
5040;15128
50400457;15141
50401306;15158
504051;15174
5041;15189
504131;15201
50415749;15216
504169;15233
504193345;15248
504211;15265
504284;15280
504318;15295
504424100;15310
504472;15327
504498;15342
5045;15357
504532;15370
5047;15385
504700;15397
504761;15412
50477;15427
504789005;15441
504803;15458
504841;15472
5049;15487
504923287;15500
504974;15517
504976251;15532
505;15549,15771,15855
5050;15922
505203;15935
5052086711;15950
505240743;15968
50531205;15985
505318;16010
505409;16025
50546;16040
505581;16053
505646;16068
505657;16083
505665;16098
505688;16113
505741;16128
505750958;16143
505791;16160
505848;16175
50585049;16190
505886;16206
505th;16221
506;16235,16335,16427
5060;16506
506001;16519
50605;16534
506050;16548
506076;16563
506123;16578
506130;16593
506245;16608
506264;16623
5063072;16638
50641;16653
50641026;16667
506435;16684
50645;16699
506461695;16713
5065;16730
506557;16743
50660288;16758
506611;16774
506649;16789
50669606;16804
506744;16821
5068;16836
506803;16857
506847;16871
506882;16886
506920;16901
50697919;16916
50697923;16933
507;16949,17010,17046
50704;17092
507172;17106
50725234;17121
507294;17137
5073;17152
507313;17173
507331;17188
5074;17203
507427;17215
507442;17230
5075;17245
507565;17257
50762;17272
507648;17286
50771;17301
50787;17315
5079622269;17329
507980;17347
50798715;17362
507996;17379
508;17394,17454,17538
508068;17598
508083;17613
5081717968;17628
508228;17646
508333;17661
508372728;17676
50838;17693
508453;17707
508457;17722
508545;17737
508597881;17752
508599999;17769
508601555;17786
508743;17803
508760409;17818
508762;17835
508762013;17850
508763902;17867
508766;17884
508779773;17899
5088;17916
508815772;17928
5088282;17945
508841866;17968
508851596;17985
508853278;18002
50889355;18019
5089;18035
508923843;18046
508932288;18063
508936390;18080
508937564;18097
508942773;18114
508945226;18131
508955810;18148
508958719;18165
508961093;18182
509;18199,18260,18318
509004079;18378
50902;18395
509029;18409
50903;18424
509088302;18438
509097455;18455
509104576;18472
50911;18489
509158304;18503
509159241;18520
509235;18537
509240209;18552
509244898;18569
50926;18586
509278421;18600
50928;18617
509285927;18631
509312;18648
5093337297;18663
509427;18681
5096078515;18696
509819;18714
509850;18729
509926;18744
509949;18759
509969519;18774
509974216;18791
509th;18808,18828
50a;18843
50b;18855
50bi;18867
50cc;18880
50em;18893,18930
50k;18949,18961
50p;18973
50px;18984,19029,19104
50th;19222,19332,19401
50thi;19414
50u;19428
50you;19440
50z;19453
51;19465,20976,22922
510;24726,24786,24830
510003;24883
510010;24898
510040;24913
51004746;24928
51007;24944
5101;24958
51010;24971
510101453;24984
510128;25001
510134978;25016
510136962;25033
510252475;25050
510253580;25067
510258538;25084
510259759;25101
510262567;25118
510270214;25135
510272189;25152
510272759;25169
510300;25186
510342;25201
510349;25216
51041019;25231
510454378;25247
510492346;25264
510507179;25281
510562356;25298
510568184;25315
510583609;25332
510584328;25349
510590;25366
510591932;25381
510598843;25398
510599608;25415
510599736;25432
510601395;25449
5107015371;25466
510735;25484
510735845;25499
510738137;25516
510739283;25533
51074;25550
5107596517;25564
510761;25582
510773;25597
510777;25612
5107917;25627
510799;25642
510818;25657
510883;25672
5109;25687
510979;25700
511;25715,25783,25819
511032;25893
511047;25908
51109;25923
511169;25936
511199260;25951
511201525;25968
511223;25985
511286991;26000
511293476;26017
511295028;26034
511296536;26051
511298899;26068
5113;26085
51133594;26106
511363329;26122
511363955;26139
511364034;26156
511365798;26173
511371524;26190
511404595;26207
511409812;26224
511440;26241
51144028;26256
511452;26272
511486;26287
511547;26302
511597369;26317
5116;26334,26347
511600;26359
511601798;26374
511604859;26391
511606785;26408
51164;26425
511665;26439
511667;26454
511667319;26469
511668419;26486
511669208;26503
511670329;26520
511688433;26537
511692367;26554
511708063;26571
511740800;26588
51177;26605
51177275;26619
51180;26635
511829;26649
51184;26664
51185;26678
511913;26692
511925;26707
511925638;26722
511931421;26739
511982;26756
511f;26771
512;26783,26859,26919
512062;26987
5121;27002
512119;27015
5122;27030
512249;27042
512253;27057
512257;27072
5123116374;27087
51236;27105
512385809;27119
512524;27136
512547;27151
512562;27166
512592;27181
512604;27196
512638;27211
51264;27226
512672;27240
512684;27255
512794;27270
512810;27285
512821;27300
512910493;27315
512911582;27332
512941;27349
512943;27372
512992028;27387
512993;27404
512997521;27419
513;27436,27536,27629
513056;27710
51306;27725
513123;27739
513130;27754
51315;27769
51317;27783
513233;27796
513248;27811
513256;27826
5132592;27841
513306;27856
513333;27871
513357669;27886
513359514;27903
513361354;27920
513376830;27937
513377828;27954
513393;27971
513447;27986
5135;28001
513519061;28014
513531;28031
5135375857;28046
513550;28064
513671057;28079
513683;28096
51370;28111
513733;28125
513737;28140
5137621;28155
5138;28170
51381;28183
513847;28197
513891530;28212
513905;28229
51391089;28244
514;28261,28329,28402
514000;28526
514002964;28541
514005440;28558
514013290;28575
514086675;28592
514107;28609
514162285;28624
514183;28641
514191293;28656
514206861;28673
514210;28690
514229262;28705
514231681;28722
514240;28739
514259;28754
514263;28769
514290;28784
5143;28799
514301;28812
514317896;28827
514322778;28844
514324538;28861
514332;28878
514342268;28893
514385;28910
514406708;28925
514406868;28942
514407882;28959
514416492;28976
514454;28993
514484285;29008
514485547;29025
51450;29042
514503;29056
514515856;29071
514621391;29088
514633740;29105
514641;29122
514672700;29137
514685669;29154
5147;29171,29184
514713897;29196
5147906542;29213
514856076;29231
514866;29248
514894712;29263
514923;29280
514931;29295
514984;29310
514988;29325
514993245;29340
514994897;29357
51499d;29374
515;29389,29441,29533
515014999;29586
51502;29603
515067538;29617
51509052;29634
515127906;29651
515135047;29668
515142133;29685
515142671;29702
51517;29719
515182;29733
515222041;29748
515224663;29765
515226801;29782
515231114;29799
515234454;29816
515263;29833
515345893;29848
515346686;29865
515358;29882
51536680;29897
51537150;29914
515448270;29931
515448779;29948
515456371;29965
515540148;29982
515540660;29999
515540789;30016
515549361;30033
515555227;30050
515555754;30067
515560;30084
5156;30099
515612010;30111
515623806;30128
515628863;30145
515629007;30162
515636722;30179
515637688;30196
515639596;30213
515640895;30230
515643252;30247
515643592;30264
515645208;30281
515647110;30298
515660307;30315
515663730;30332
515666069;30349
515682;30366
515696074;30381
515698062;30398
515701;30415
515703643;30430
515705;30447
515706291;30462
515724;30479
515759;30494
515778;30509
515840500;30524
515841619;30541
515842333;30558
515868497;30575
515870758;30592
515875565;30609
515878559;30626
515882245;30643
5159;30660
515907;30672
515957;30687
5159788;30702
516;30717,30769,30805
516014;30843
516045;30858
516111;30873
516139265;30888
516160240;30905
516162796;30922
516186;30939
516197;30954
516209;30969
516242568;30984
516244223;31001
51635;31018
516464;31032
516487582;31047
516490541;31064
516495779;31081
5165407;31098
516624307;31122
516634996;31139
516663;31156
516667;31171,31186
516678127;31201
516703673;31218
516705930;31235
516754;31252
5168;31267
51681417;31280
516941;31296
516953;31311
517;31326,31378,31422
5170301723;31467
517059;31486
517097;31501
517144;31516
517155;31531
517189;31546
517205018;31561
517207030;31578
517208531;31595
517224025;31612
517246;31629
517342;31644
517361617;31659
51737;31677
51742;31691
51743;31705
51747;31719
517470;31733
51748;31748
517502;31762
517532;31777
517555;31792
517570223;31807
517572565;31824
517574719;31841
51758;31858
517585;31872
51759;31887
517593;31901
5176;31916
517628;31929
51763;31944,31958
517651;31972
51767;31987
51769;32001
51772;32015
517757;32029
51778;32044
51783;32058
517834;32072
51785;32087
51789;32101
5179;32115
517941;32128
518;32143,32235,32271
518036;32296
518089;32311
5181;32326
518116;32339
518125749;32354
518135136;32371
518137216;32388
51814;32405
51821;32419
51825;32433
51827;32447
51828;32461
5183;32475,32488
518314;32501
51836;32516
5184;32530
518405764;32543
518407929;32560
518424885;32577
518486;32594
5184893;32609
518515287;32624
51852;32641
518551;32655
51856;32670
51862;32684
51866;32698
518681762;32712
5187;32729
5188;32742
518894;32753
518913;32768
518951;32783
519;32798,32826,32910
51902;32935
51904;32949
51904094;32963
51908;32979
51910;32993
519123555;33007
51913;33024
51923;33038
519306;33051
51933;33066
519375;33080
5194;33095
51940142;33107
51942;33124
519440;33138
51948;33153
51949676;33167
519497;33183
51950676;33198
5196;33214
519634;33227
51964;33242
51965;33256
51966;33270
519669;33284
519688;33299
51969;33314
519733;33328
519737;33343
519748272;33358
51975;33375
51977;33389
519775;33403
519814;33418
51986;33433
51987;33447
519909;33461
519955527;33476
51b;33493
51d;33505
51h;33517
51n3rg;33529
51st;33543,33596,33617
51vlr;33650
51z;33664
52;33676,35068,37203
520;39018,39078,39162
5200;39228
52000;39240
52003774;39254
52003811;39279
5200422;39304
520046;39328
5200552;39343
520063;39367
520074;39381
5200757;39395
520100608;39419
520103748;39436
5202;39453,39466
52021801;39479
520251266;39495
520256;39512
520257625;39527
520258093;39544
520258676;39561
5203172;39578
520351;39594
52046146;39609
52046222;39634
52049178;39659
5205;39675
52057726;39687
5206;39703
520607;39716
520626;39731
52068;39746
52070578;39759
520711;39775
52072;39790
52073;39804
520782;39818
5208;39833,39846
52083;39858
52083619;39872
520836460;39888
52086711;39905
520926;39921
52093;39935
52099;39949
521;39962,40031,40099
5210;40143
52100994;40164
52102390;40181
52104055;40198
52104298;40215
52105;40232
521118;40246
5211619139;40261
52121;40279
521222026;40293
521271;40310
521275;40325
521278;40340
521294;40355
5213;40370,40384
521301;40397
521336;40412
52134;40427
52137;40441
52139187;40455
521412;40471
521423;40486
521473;40501
521500;40516
521564;40531
52157;40546
52159;40560
521599;40574
521606;40589
521610;40604
52164257;40619
521660;40635
521667;40650
5216754079;40664
521694;40682
521709;40697
521721;40712
52174;40727
521748;40741
521755;40756
521770;40771
521774;40786
521809;40801
52185571;40816
521874096;40832
52197;40849
522;40863,40916,40952
5220;41012
52200102;41024
52203;41041
522079;41055
5221;41070
522121;41083
522160;41098
52216524;41113
522222;41130
52223;41145
52228;41159
52229;41173
522293;41187
52231;41202
522320;41216
52233;41231
522341907;41245
522362;41262
522392;41277
522427;41292
522430;41307
52251;41322
522518;41336
52255;41351
522564;41365
522575;41380
5225855112;41395
522591;41413
522640;41428
522652;41443
5226711631;41458
522678;41476
522682;41491
52269;41506
522690;41520
522701;41535
52271;41550
522743;41564
522823;41579
522888;41594
52289;41609
522949;41623
52297;41638
522995;41652
522c1b;41667
523;41682,41734,41786
52301;41818
52301st;41832
523026;41848
523041;41863
5230429769;41878
523045;41896
523056;41911
523064;41926
5230854154;41941
52308700;41959
5231065;41976
5231292;41991
5231396;42006
523151;42021
523155;42036
523232;42051
523285;42066
5233;42081
523308;42094
523317185;42109
523333;42126
523351772;42140
523365;42157
523403;42172
5234237;42187
52344;42203
52349;42217
5235;42231
523534861;42244
52354;42261
523590;42275
523594798;42290
523595084;42307
523666649;42324
523693;42341
523708623;42356
523724;42373
523731;42388
523746;42403
523754;42418
523788;42433
523811;42448
523861;42463
52392;42478
523928957;42492
523952;42518
524;42533,42610,42687
524021;42737
52406669;42752
52416;42768
52419;42782,42796
52421;42810
52422;42824
524246;42838
524257730;42853
52426;42870
524260400;42884
5242759;42901
524296;42916
524326;42931
52434;42946
524361291;42960
524363611;42977
524364;42994
524366892;43009
524368;43026
524368551;43041
524369943;43058
524443;43075
524453;43089
52447;43104,43118
524596;43145
524624;43160
524639;43175
52466586;43190
52466671;43215
524675930;43240
524677;43257
524679071;43272
524713348;43289
524715847;43306
524717578;43323
524717900;43340
524718222;43357
524718902;43374
524720054;43391
52479;43408
524799;43422
52481;43437
524831;43451
524834;43466
52494;43481
524948;43495
524949;43510
5249726772;43524
525;43542,43594,43687
525040362;43804
525040888;43821
525043789;43838
525055;43855
525178607;43870
525180670;43887
525180906;43904
525181798;43921
525182765;43938
525183487;43955
525185201;43972
525185646;43989
525185816;44006
525208641;44023
525209002;44040
52521;44057
52526;44071
5253;44085
525333;44097
525337;44112
525394;44126
525543;44141
52559;44156
525604;44170
525616641;44185
525616932;44202
525620383;44219
525654;44236
5257;44251
525704735;44264
525726724;44281
52573;44298
525730918;44312
525848;44329
52586;44344
525860;44358
52589;44373
525892985;44387
5259;44404
525906;44417
52591;44432
525936935;44446
525939207;44463
52595;44480
52597;44494
525978;44508
52598;44523
526;44537,44581,44633
52601;44679
526028;44693
526080966;44708
5261;44725
526104;44746
526104346;44761
526192;44778
526215;44793
52622;44808
526241;44822
526264;44837
526272;44852
526314;44867
526340;44882
526352;44897
526421;44912
526463;44927
526482;44942
526497;44957
526505;44972
526524;44987
526527;45002
526533088;45017
526588;45043
526592;45058
5266;45073
526617654;45086
526627;45103
526630079;45118
526661;45135
526710170;45150
526711998;45167
526715891;45184
526719284;45201
526782913;45218
526783070;45235
526783383;45252
526783435;45269
526783671;45286
526783852;45303
526784157;45320
526784259;45337
526785133;45354
526785659;45371
526785780;45388
526785819;45405
526786014;45422
526786361;45439
526786423;45456
526786583;45473
526786625;45490
526786691;45507
526786910;45524
5268;45541
526814;45554
52683;45569
526851466;45583
526851597;45600
526851746;45617
526851916;45634
526852270;45651
526852537;45668
526852566;45685
526853163;45702
526853536;45719
526853675;45736
526853826;45753
526853892;45770
526853999;45787
526854312;45804
526854429;45821
526854586;45838
526854674;45855
526854809;45872
526854951;45889
526855220;45906
526855709;45923
526856295;45940
526856401;45957
526856629;45974
526857351;45991
526857488;46008
526857635;46025
526857833;46042
526857922;46059
526858121;46076
526858316;46093
526859641;46110
526860488;46127
52687;46144
526871;46158
52694;46173
527;46187,46239,46291
527000;46323
527004;46338
527008528;46353
527008708;46370
527009172;46387
52705413;46404
527056;46420
527084;46434
52713;46449
52714;46463
527153;46477
527229;46492
52731;46507
527325;46521
5273342133;46536
527351;46554
527363;46569
527390;46584
527424;46599
52747;46614
52757026;46627
5276;46644,46657
527603;46669
52772;46684
52778;46698
527785021;46712
527786;46729
527788280;46744
527794;46761
527794760;46776
527795721;46793
527802;46810
527851;46825
527855422;46840
527901;46857
527905;46872
527958;46887
528;46902,46978,47038
5280;47084
528004438;47097
528005958;47114
528009592;47131
528049;47148
528082882;47163
528089897;47180
528092168;47197
5281;47214
528130;47225
528135595;47240
528139908;47257
528143361;47274
528145547;47291
528150281;47308
528151749;47325
528152636;47342
528154651;47359
528155613;47376
528160;47393
528183120;47408
528183403;47425
528184855;47442
52819;47459
528193819;47473
5282;47490
528221;47503
528229;47518
528229985;47533
52823;47550
528230242;47564
528297;47581
528382848;47596
528461;47613
528469309;47628
528488;47645
528511;47660
528525712;47675
528553;47692
52856;47707
528610;47721
528656;47736
528706;47751
52892;47766
5289274;47780
529;47795,47855,47920
52903;48012
529128746;48026
529133447;48043
529190394;48060
529191814;48077
529194711;48094
5293;48111
52933;48123
529331;48145
529449;48160
529488;48175
529516670;48190
529517470;48207
52955;48224
529621;48238
529646;48253
52967;48268
529741412;48282
529839;48306
52985609;48321
529865834;48337
5298885107;48354
529907;48372
529942;48387
529949;48402
52b;48417
52bef1;48429
52nd;48445,48498
52px;48519
52z;48532
53;48544,49855,51670
530;53356,53416,53502
5300;53602
53000;53631
530014;53645
530029;53660
530045;53675
530067;53690
5301;53705,53718
53013;53730
530170;53744
530186;53759
530210028;53774
5302206;53791
530228178;53806
530230607;53823
530251;53840
530254;53855
530270;53870
530296;53885
530354;53900
530354459;53915
530356956;53932
530358089;53949
530365152;53966
530376390;53983
530378251;54000
530379133;54017
5304;54034,54047
530437;54060
530484257;54075
530486437;54092
530492016;54109
530497782;54126
530504097;54143
530508577;54160
530518;54177
530530164;54192
530532273;54209
530533;54226
530540;54241
5306;54256
530602791;54268
530611588;54285
530611654;54302
530623368;54319
5307;54336
530763355;54348
5307650;54365
530771488;54380
530781;54397
530876;54412
530908947;54427
530944705;54444
530948118;54461
530979;54478
531;54493,54529,54597
531040;54648
531113;54663
531119345;54678
531147;54695
531166;54710
5311854482;54725
531187521;54743
531246;54760
531250;54775
531268572;54790
531291245;54807
531353061;54824
5313628;54841
531436080;54856
531483;54873
531532978;54888
531538;54905
531567;55008
531627199;55023
531629223;55040
5316392183;55057
531651;55075
531654;55090
531683492;55105
531700;55122
531711677;55137
531713861;55154
531715300;55171
53176;55188
531803;55202
531853;55217
531875191;55232
531879;55249
531898;55264
531918;55279
531944478;55294
531956;55311
531967;55326
53198;55341
531988477;55355
531989685;55372
532;55389,55466,55538
5320;55614
532017;55626
532034079;55641
532059233;55686
532063;55703
532120;55718
53215;55733
53218;55747
532263343;55761
532301;55778
532319516;55793
532406;55819
532444;55834
532447994;55849
532449230;55866
532494;55883
5325;55898
53253;55911
532532;55925
532566;55940
532646;55955
53268421;55970
532688;55986
532757;56001
532772;56016
5328;56031
53280;56052
532928;56066
532982;56081
533;56096,56190,56242
533039299;56310
533047853;56327
533062;56344
533074718;56359
533077335;56376
533192;56393
53324847;56408
533253;56424
533263;56439
5333;56454
533333;56467,56482
533358045;56497
533388486;56514
533389204;56531
533398585;56548
533398871;56565
533400011;56582
533400455;56599
533400775;56616
533402617;56633
533433091;56650
53345;56667
533451647;56681
53346016;56698
533539;56723
53358162;56738
53359;56755
5335949;56769
533684;56784
5337;56799
533706205;56812
533764239;56829
533765422;56846
533787;56863
533794;56878
533810;56893
533848;56908
533858377;56923
533862;56940
533882981;56955
5338996;56972
5339;56987
533906780;57000
533916;57017
533981;57032
533989;57047
533b;57062
534;57074,57142,57201
534016;57253
53403;57268
534050;57282
534065;57297
5341;57312,57325
53415;57338
534184148;57352
534191;57369
534218;57384
534225;57399
53425;57414
534252;57428
534397;57443
534420;57458
534443;57473
53447;57488
534492952;57502
5344946;57519
534496361;57535
534503725;57552
534507681;57569
534519;57586
53453884;57601
534557;57618
534603;57633
5346622467;57648
5347;57666
534790;57679
534801;57694
534954;57709
534966;57724
535;57739,57823,57875
535076855;57967
53508;57984
53508426;57998
535091;58015
535191;58030
535217;58045
53538;58060
53542;58074
535498219;58088
535529770;58105
535540344;58122
535544933;58139
535588342;58156
53563;58173
535648;58187
53569;58202
535701560;58216
535740710;58233
535777169;58250
535778217;58267
535809;58284
535835;58299
535858553;58314
535915;58331
535919;58346
53595;58361
535959822;58375
536;58392,58428,58472
5360;58517
53613;58530
53617;58544
536179;58558
536190;58573
53626;58588
536297;58602
536304;58617
53631;58632
536339;58646
536350;58661
536369;58676
536424464;58691
536427;58708
536453582;58723
536469;58740
536510;58755
5366;58770
53666;58791
536682;58805
536686123;58820
536687401;58837
5366965;58854
53671;58870
5367256;58884
536739;58900
536743;58915
536785;58930
536812;58945
536854;58960
53686;58975
536861;58989
536883;59004
536930;59019
536938;59034
536950616;59049
536957;59066
536968;59081
536999;59096
537;59111,59187,59271
5370016;59345
537035027;59361
537035221;59385
537035358;59409
537036415;59433
537052;59457
5370643;59472
53708;59488
537090764;59502
537098;59519
537113;59534
537142842;59549
537143449;59566
537143720;59583
537144327;59600
537144802;59617
537144997;59634
537256496;59651
5373026;59668
537319;59683
537320886;59698
537321048;59715
537338;59732
537373;59747
5374981761;59762
537510;59780
53752;59795
537533;59809
537563354;59824
537565289;59841
537617;59858
537632;59873
53765;59888
5376822;59902
537708;59917
53774;59932
537781;59946
5378;59961
537807;59974
53782;59989
537830;60003
537918;60018
537926;60033
537937;60048
537d;60063
538;60076,60144,60204
538013;60272
538036;60287
538055;60302
538073;60317
538230;60331
538241745;60345
53824735;60362
538323349;60378
538323703;60395
538325201;60412
538327156;60429
5384325;60446
538498;60461
53855515;60475
538567;60491
538578;60506
538704;60521
538737135;60536
538752;60553
538783468;60567
538921;60591
538950805;60606
53898;60623
538981030;60637
539;60654,60690,60758
539053;60817
5391;60832
539249;60845
539299;60860
539335;60875
539368;60890
539433;60905
539446358;60920
539463;60937
539619;60952
539678100;60967
539696;60984
5397;60999
539721340;61011
539833;61037
539894;61052
539901381;61067
539928;61084
53b;61099
53ce;61111
53k1467002;61124
53rd;61142,61203
53z;61215
54;61227,62552,64544
540;66232,66301,66393
5400;66480
540001;66493
5400031805;66508
540081;66526
5400843024;66541
540164130;66559
540226;66576
540251881;66591
540302;66608
540318;66623
5403863192;66638
54039;66656
54048;66670
5405;66684
540531;66697
54057;66712
540665;66726
54068;66741
54075;66755
540783;66769
540794;66784
540801312;66799
54091;66816
54095;66830
540977;66844
540th;66859
541;66873,66941,67001
541012;67046
541042089;67061
54112;67078
541225;67092
54122918;67107
54131;67132
541312107;67146
541332;67170
541344;67185
541356461;67200
541454;67217
54154;67232
541553391;67246
541554004;67263
541575;67280
541622;67295
541637;67310
541645;67325
5417;67340,67353
5417668819;67365
54178;67383
5418;67397
54187;67410
54188;67432
541882;67446
541887;67461
54189;67476
541962;67490
541988;67505
541992;67520
542;67535,67635,67751
542015;67777
542103;67792
542103785;67807
542128375;67824
542129612;67841
542131278;67858
542149;67875
542164;67890
5422;67905
542220;67917
542271;67932
5423;67947
542397;67959
542431052;67974
542435;67992
542454;68007
54249411;68022
542526;68038
54254;68053
542572;68067
5426;68082
5426562;68095
54266;68111
542690;68125
54276;68140
542786;68154
5428;68169
5428188;68182
5428190;68197
5428198;68212
5428199;68227
5428201;68242
5428202;68257
542824;68272
542839;68287
54285;68302
542850;68316
54286;68331
5428825;68345
5428829;68360
5428833;68375
5428841;68390
5428877;68405
5428880;68420
5428926;68435
5428967;68450
5428979;68465
5428981;68480
5428982;68495
54299;68510
543;68524,68576,68660
5430;68704
543064;68717
543090398;68732
543097880;68749
5431972146;68766
5432;68784
54323;68797
543247;68811
543333;68826
543381;68841
5435;68856
543502258;68869
543526;68886
54353;68901
543534639;68915
5435519218;68932
54365;68950
543671;68963
54368;68978
5437;68991
54371494;69010
543728;69026
5438;69041
5438767076;69054
54388;69072
5439197124;69086
543926;69105
54392624;69120
543930;69136
544;69151,69219,69288
544025;69334
544071;69349
544086;69364
544128;69379
544228;69394
544247;69409
5443;69424
544331;69437
544338;69452
544407;69467
544426;69482
544470763;69497
544476;69515
544502;69530
544542490;69545
544559;69562
544594;69577
544601;69592
544605;69607
54465;69622
544655;69635
54466;69650
544693;69663
544724;69678
54473031;69693
544739;69709
544741;69724
54475x;69739
544774734;69754
544786233;69771
5448;69788
544872;69801
5449;69816
544979;69828
545;69843,69879,69955
545025;69980
5450363755;69995
545052;70013
5450863;70028
5451908;70042
545216;70057
545223;70072
545242;70087
545246;70102
5452497;70117
5452499;70133
545273;70149
545284;70164
545303;70179
545315;70194
545334;70209
545356069;70224
545403;70248
545452;70263
5455;70278,70291
54551;70304
5455174;70318
54555;70334
545551;70348
545582;70363
545616;70378
54566;70393
545673;70407
545708;70422
545738;70437
545750146;70452
54576;70469
545773;70483
545784;70498
545811;70513
545853;70528
545862;70543
545876;70558
545893554;70573
545937;70590
545938399;70605
545940563;70622
54596;70639
546;70653,70681,70741
546021;70806
54606;70821
546070;70835
546116;70850
54620064;70865
546230;70881
546255741;70896
546364;70922
546402;70937
546436;70952
546459;70967
546474;70982
5465;70997
54651439;71010
54652;71026
546543;71040
5465463;71055
546547;71071
5465595;71086
5465609;71102
5465615;71118
546562;71134
546587053;71149
546619823;71175
546667841;71201
546677;71218
546734;71233
546772692;71248
546773675;71265
546774005;71282
546814;71299
54682;71314
54686;71328,71342
546892;71356
5469096;71371
546986;71386
546989;71401
547;71416,71476,71528
54703;71558
54705;71578
54711;71592
54712021;71606
547131;71622
547150;71637
547192;71652
547195;71667
547199;71682
547215;71697
547218;71712
547260;71727
54729;71742
547336;71756
54735;71771
547360;71785
547398;71800
547428;71815
547478;71830
547503876;71845
54753;71862
5476;71876
547615;71889
547634;71904
547649;71919
54765;71934
547661;71948
54771;71963
54778;71977
547791332;71991
547796502;72008
5478;72025
54782;72038
547842678;72052
547846289;72069
54785;72086
547854458;72100
547890;72117
547894;72132
547909;72147
54793;72162
547943;72176
548;72191,72275,72375
54804;72438
548050;72452
54806;72467
548080;72480
5481;72495
548130;72508
548132663;72523
548134095;72540
548135516;72557
548144;72574
54818;72589
548180;72603
54821076;72618
548229;72635
548241;72650
548256;72665
548298;72680
548313319;72695
548321;72712
548409;72727
54841;72742
548420;72756
54845;72771
548490535;72785
54851948;72802
548523;72819
5485381484;72834
548569;72852
548588;72867
548630;72882
548653;72897
548660;72912
5487;72927
5487023592;72946
548717;72964
54875;72979
548750500;72993
548775;73010
548798;73025
548820;73040
5489;73055,73068
548912;73080
548950;73095
549;73110,73162,73238
54901;73277
549038;73291
549072;73306
549090298;73321
549095;73338
549107;73353
549133;73368
549164;73383
549171133;73398
549216289;73415
54925;73432
549255;73446
549274;73461
549318134;73476
54933;73493
549346505;73507
549348325;73524
549380940;73541
549397;73558
549403437;73573
549404;73590
549407719;73605
549438;73622
549507;73637
549576;73652
54958663;73667
54959;73683
549610;73697
549664;73712
549686;73727
549695015;73742
549713580;73759
549782;73785
5498;73800,73813
549809;73825
549831;73840
549839;73855
549848336;73870
549889;73887
549911;73902
549915886;73917
549918730;73934
54992;73951
5499418378;73965
549983178;73983
549983263;74009
54b;74035
54k;74047
54th;74059,74096,74109
54z;74121
55;74133,76811,79034
550;81120,81276,81368
5500;81468,81489
5500000000;81502
55000204;81521
550003;81538
55002;81553
550060;81567
550076012;81582
550076292;81599
550102;81616
55011;81631
55013;81645
550140;81659
550143721;81674
550156;81691
55019;81706
5502;81720
550209;81732
55021;81747
550228;81761
550278;81776
550282;81791
550306263;81806
550312;81823
550377;81838
550392;81853
55046;81868
55050;81882
550510;81896
550530685;81911
55057;81928
550579;81942
55059;81957
550591;81971
5506;81986
55061;81999
550617;82013
550625;82028
550644862;82043
550671;82060
55068;82075
550686;82089
550709;82104
55072;82119
550720243;82133
550755;82150
550770;82165
55077386;82180
550774;82196
550812;82211
550816;82226
550819;82241
550827;82256
550838;82271
550877;82286
550885115;82301
5509;82346
550900;82359
550926;82374
550928699;82389
550930;82415
550934;82430
550953;82445
550964;82460
550972;82475
550976;82490
550th;82505
551;82518,82634,82718
551018;82763
551023767;82778
551025006;82795
55103;82812
551037;82826
551060;82841
551075;82856
551086;82871
551090;82886
551140;82901
551147;82916
551167;82931
551174;82946
551178082;82961
551193;82978
5512;82993,83006
551201;83017
551208;83032
55122;83047
551247;83061
551277;83076
55129;83091
551311;83105
55132;83120
551334;83134
551346;83149
551365;83164
551388;83179
551389;83194
551403;83208
551418376;83223
551437;83241
551449;83256
551476;83271
551487;83286
551510;83301
551517;83316
55151914;83331
551552;83348
551556;83363
551609;83378
551628;83393
551651;83408
551655;83423
551666;83438
551689;83453
5517;83468
551701;83481
551701466;83496
5517174;83513
551727;83528
551746;83543
551750;83558
55176;83573,83587
551762;83601
55179;83616
551792;83630
551796;83645
5518;83660
55194;83672
551952;83686
551987;83701
5519884;83716
551988719;83732
552;83749,83801,83885
5520300;83938
55203128;83953
552044;83969
552071;83984
552086;83999
552097;84014
552109;84029
5521135926;84044
5521254;84062
552132;84078
552135;84093
552142261;84108
552166;84125
5522;84140
55223;84153
552231;84167
552238;84182
5522507429;84197
552261;84215
552288;84230
55229;84245
552296;84258
5523;84273
552322;84286
55233;84301
552334;84315
552340985;84330
552351306;84347
552364;84364
552383;84379
552406;84394
552416226;84409
552419209;84426
552419992;84443
552436419;84460
552480801;84477
552490;84494
55250663;84509
552521;84525
552582;84540
552597;84555
552605;84570
552658;84585
552662;84600
552696;84615
552704285;84630
552705016;84647
552705131;84664
552705803;84681
552705965;84698
552706156;84715
552706299;84732
552706578;84749
552730568;84766
552780;84783
55278879;84798
552792;84814
5528;84829
552803;84842
552809319;84857
552818;84874
552834;84889
552837;84904
552841;84919
552872;84934
552876;84949
552895;84964
55292046;84979
552925;84995
552929;85010
552937;85025
552940;85040
552959;85055
552967;85070
553;85085,85146,85222
5530;85267
553074;85280
553078;85295
553082;85310
553135;85325
553177;85340
553188;85355
553207;85370
553208297;85385
553209937;85402
553211;85419
553211067;85434
553211956;85451
553225764;85468
553226024;85485
553230;85502
553238;85517
553242;85532
553264920;85547
553280;85564
553280646;85579
553284;85596
55329;85611
553299;85625
553303;85640
553322;85655
553337;85670
553339598;85685
553345252;85702
553348497;85719
553349;85745
553360;85760
553364;85775
553366852;85790
553368;85807
553375;85822
553394;85837
553398;85852
5534;85867
553410;85880
553414606;85895
553423618;85912
553429;85929
553452;85944
55346;85959
553463;85973
553468548;85988
553470134;86005
553471253;86022
553474365;86039
553475361;86056
553574;86073
553577;86088
5536;86103
553631;86116
553696;86131
5537;86146
55372;86157
553767361;86171
553799;86188
553829;86203
553833;86218
55384773;86233
55389;86249
553894;86263
553928;86278
553935836;86293
553a26;86310
554;86325,86399,86435
554001;86495
554019637;86510
55402;86527
55403;86541
55408;86555
55409;86569
55414;86583
55419;86597
554199;86611
554203543;86626
55423;86643
55425;86657
55427;86671
554272;86685
554325;86700
55433;86715
554376051;86729
554378587;86746
55443;86763
55445;86777
55449;86791
5544906259;86805
5545;86823
554503;86836
554513751;86851
554514879;86868
554517277;86885
554527;86902
554577;86917
554587177;86932
554592410;86949
554593309;86966
554610048;86983
554644585;87000
554653;87017
554653991;87032
554657918;87049
554658644;87066
554661;87083
554665700;87098
554672;87115
554693222;87130
554695;87147
5547;87162
554799284;87175
554893;87192
5549;87207
55497632;87226
55499;87242
555;87256,87300,87392
555045688;87436
555054;87453
5550658703;87468
555074503;87486
555138;87503
55522;87518
555233;87532
555283;87547
5553;87562
555317;87575
555337665;87590
555356413;87607
555375423;87625
555380831;87643
555492;87660
555508;87675
55551;87690
555517822;87704
555523600;87721
555523731;87738
555526096;87755
555528372;87772
555529967;87790
555530597;87807
555535;87824
555555;87838
555639565;87860
55564898;87877
55566;87893
5557;87907
555717;87920
55577;87935
555794;87949
555866;87964
55588;87979
555958;87993
556;88008,88060,88105
5560393333;88149
556080;88167
556095;88182
556099;88197
55611;88212
556111673;88226
556195435;88244
556196306;88261
556197189;88278
55620739;88295
556343;88311
556438;88326
556477;88341
556488;88356
5565;88371
55652;88382
556553;88412
55666;88427
556671;88441
556698;88456
556705640;88471
556709;88488
55671;88503
556724633;88517
556744;88534
55678;88549
55684221;88563
556863;88579
556904;88594
556923;88609
556927;88624
556934;88639
556949400;88654
556961;88671
556973;88686
557;88701,88729,88767
557003;88827
557018;88842
557026;88857
557045;88872
557076;88887
557087;88902
557091;88917
557190;88932
557205;88947
557247;88962
557274;88977
557278;88992
55730;89007
55732;89020
557339;89034
5574;89049
557438;89062
55750;89077
557525250;89091
557533;89108
557541;89123
557571;89138
557593550;89153
557678;89170
557705;89185
557712746;89200
557716;89217
557724;89232
557751;89247
557754973;89262
557789;89280
5578;89295
557819;89308
557823;89323
557861;89338
557993;89353
558;89368,89396,89472
5580;89510
558018;89523
558047516;89538
558067;89555
5580th;89570
5581;89585
558125;89598
558155;89613
558186;89628
558262;89643
558266;89658
558296659;89673
558365;89690
55845265;89705
558586;89722
5587;89737
558811;89750
558823;89765
55895;89780
558d39;89794
559;89809,89861,89929
559036;89988
55906;90003
55909;90017
559264;90031
559269;90046
559367;90061
559380;90076
5594;90091
559402;90104,90119
559448;90134
559497595;90149
55951;90166
5595411658;90180
559566;90198
559589;90213
559597;90228
559612;90243
559719601;90258
559753;90275
559772;90290
55978;90305
559780;90319
559807;90334
55982;90349
559856470;90363
559929;90380
559949498;90395
559963;90412
559cda;90427
55aae0;90443
55b;90458
55ffff;90470
55px;90483,90496
55th;90509,90570,90591
55vhtt;90602
56;90616,91941,93830
560;95471,95555,95679
56000;95757
560005;95771
56006154;95786
56013;95803
560137;95816
56016;95830
560166211;95844
560169;95862
56018;95877
560223;95891
56024;95906
560246;95920
56025;95935
560253;95949
560314;95964
560322;95979
560371;95994
560379;96009
56041;96024
5604439974;96038
560452;96056
560474;96071
560478;96086
5605;96101
560547;96113
56058;96128
560596;96142
560612;96157
560628326;96172
560696;96189
5607;96204
560719;96217
56072;96232
560745770;96246
560764;96264
56080345;96279
56081;96295
560875;96309
560889416;96324
56089;96341
560912492;96355
560914738;96372
560915098;96389
560916352;96406
560917034;96423
560918254;96440
560932;96457
56098319;96472
56098923;96489
561;96506,96574,96627
56117;96727
561170268;96741
561184410;96767
561184863;96784
561195;96801
561248015;96816
561260;96834
5613;96849
561337;96862
561344;96877
561386;96892
56145;96907
56149554;96920
561523;96936
561565;96951
561661;96966
561667826;96981
561696197;97005
5617;97022
561787;97043
56184316;97058
561874;97074
561939;97089
562;97104,97188,97248
562057;97292
562080;97307
56208707;97322
562130;97339
56214571;97354
562252;97370
5623658299;97385
562366;97403
562395371;97418
562412;97442
562415639;97457
56247;97475
562488278;97489
5625;97507
562500;97520
562522042;97535
562527;97552
562546;97567
562634;97582
562717;97597
56272;97612
562749986;97625
562767;97642
562768955;97657
562769246;97674
562813;97691
562874;97706
562882818;97721
562899195;97747
562977;97764
563;97779,97839,97883
563027534;97908
56304;97932
563065;97945
563088849;97960
5631;97977
563141;97995
563206;98010
56324;98025
563244;98039
56332;98054
563332;98068
56337511;98083
563454;98100
563522;98115
563543341;98130
563545;98147
563572;98162
563585625;98177
563618;98194
563663;98209
56367594;98224
563677243;98240
563678372;98257
563678800;98274
563679499;98291
563724788;98308
563725069;98325
563725303;98342
563725936;98359
563727603;98376
563727901;98393
563729143;98410
563729874;98427
563730639;98444
563731357;98461
563732351;98478
563733407;98495
563735410;98512
56375;98529
563839;98543
563889;98558
5639;98573
563949643;98586
563956969;98603
56396;98621
563981317;98635
563988;98652
564;98667,98719,98779
5640;98839,98852
564068;98864
564095778;98879
564099896;98896
564105656;98913
56414;98930
564140;98944
564215788;98959
564216165;98976
564216334;99021
564217305;99038
564222210;99055
564224146;99072
56432;99089
564346;99103
564350;99118
564374174;99133
564375666;99150
564378081;99167
564426;99184
564436101;99199
564468;99216
564484;99231
56452274;99246
564526;99262
564564;99277
564576164;99292
564580878;99309
5645858;99326
564632;99341
564650734;99356
564681383;99373
564683440;99390
5647;99407
564713;99428
564714454;99443
564725885;99460
5647526;99477
564788293;99493
564789489;99510
564791008;99527
564888;99544
564891509;99559
5649;99576
564930;99589
564938;99604
564991;99619
565;99634,99694,99730
5650;99825,99837
565010;99850
565031496;99865
565033605;99882
565075;99899
565117;99914
565179244;99929
565179425;99946
565181104;99963
565182543;99980
565187778;99997
565194339;100014
565197827;100031
5652;100048
565200167;100061
565201370;100078
565203284;100095
565203848;100112
5652139187;100129
565250231;100147
565250646;100164
565251981;100181
565253278;100198
5653;100215
565318335;100228
565320107;100245
565322050;100262
565323334;100279
565327281;100296
56533432;100313
565339660;100329
565407;100346
565418;100361
56546;100376
565475;100389
565476958;100404
565479;100421
565496584;100436
565502862;100453
565505781;100470
56555;100487
565609670;100501
565621654;100518
565630129;100535
565655;100552
565680656;100567
565729626;100584
565760486;100601
565769;100618
565777;100633
565781;100648
565784;100663
565784984;100678
565785399;100695
565786201;100712
565811;100729
565845;100744
565849;100759
565865;100774
565868;100789
56587124;100804
566;100820,100880,100964
5660;101008
566002;101021
566006;101036
566029;101051
566032;101066
566048;101081
566051;101096
5661;101111
566147;101124
566158;101139
566193;101154
5662423372;101169
566296;101187
566315;101202
566344106;101217
566349;101243
566364;101258
566416612;101273
566448;101290
56648;101305
566609459;101319
566658;101336
566666;101351
566667;101366,101381
566696;101395
5667;101410,101423
566704;101436
566708;101451
56676;101466
5667852163;101480
5668;101498
56684;101511
566840799;101524
566843713;101541
566859203;101558
56687;101575
5669;101589
56691;101602
56694;101616
567;101630,101682,101758
5670;101803
56700;101816
567001;101830
567017;101845
567043;101860
56706;101875
5671;101889
567101869;101902
567131;101919
567139;101934
567177;101949
567245;101964
567249776;101979
567250278;101996
567383;102013
567390;102028
567392991;102043
567419178;102060
567467;102077
567474;102092
56753;102107
567574;102121
567600;102136
56767;102151
567719;102165
56772;102180
567734;102194
5677813292;102209
567820469;102227
567837020;102244
567867;102261
567882068;102276
567886;102293
567921;102308
567945186;102323
568;102340,102432,102485
568039;102553
568058;102568
568185801;102583
5682;102600
56820;102612
568241;102634
568241470;102649
568246036;102666
56826401;102683
56828;102699
5683658719;102713
5684;102731
568412215;102743
568432;102760
5684379935;102775
56849;102793
568495761;102807
568499357;102824
568501100;102841
568531;102858
568536632;102873
568573230;102890
568588;102907
568601499;102922
56865;102946
5687;103048,103061
568729;103074
568752;103089
568760;103104
56881;103119
56884837;103133
568853748;103149
568856874;103166
568863;103183
5689;103198
568913712;103210
568918660;103227
568925541;103244
56894;103261
568974;103275
569;103290,103321,103365
5690;103433
569012;103446
569027;103461
56904;103476
569078730;103498
56908;103515
569115;103529
569123435;103544
569130;103561
5692;103576,103589
56922;103601
569245397;103615
569294;103632
569347;103647
569439;103662
56944;103677
5695;103691
56956;103702
569584;103715
569588;103730
56963;103745
569636582;103759
56964;103776
56964278;103790
569683758;103806
569729;103832
569771;103847
56978;103862
569837396;103876
569837949;103893
569866;103910
56988;103925
569900300;103939
569908;103965
569912;103980
569965;103995
569981279;104010
569992;104027
56a;104042
56a0d3;104053
56b;104068
56px;104080
56th;104093,104130,104143
57;104168,105327,107247
570;108753,108821,108888
5700;108972
57001;108985
570055125;108998
570058219;109015
570072;109032
57014;109047
570181742;109061
57021;109078
570286173;109092
570288540;109109
57029;109126
570320;109140
570328;109155
570423;109170
570457315;109185
57048;109202
570492;109216
570514772;109231
570526328;109248
570532287;109265
570553;109282
570599;109297
5706048;109312
5707;109327
570778;109340
57078;109355
570815062;109369
57083;109386,109400
570847;109413
57086;109428
570889;109442
57093;109457
570937087;109471
57096;109488
570988;109502
570995;109517
571;109532,109576,109641
57102186;109749
57103;109774
571030855;109788
5710368156;109805
571053;109823
571056;109838
571102;109853
57111771;109868
57112197;109893
57112384;109918
57113;109934
571140227;109948
571140322;109965
571140498;109982
571140988;109999
571143054;110016
571267845;110033
5713;110050
571303239;110069
571308;110086
57131;110101
5713230;110115
57137;110130
57137139;110144
571391272;110161
5714;110178
571434786;110191
571435818;110208
571437507;110225
571453;110242
5715;110257
57151;110270
571564;110284
571571999;110299
571652829;110316
57171;110333
571751;110347
571754;110362
571789;110377
571833;110392
5718379708;110407
571865;110426
571899;110441
5719;110456
571925440;110469
57193;110486
571938272;110500
571938391;110517
57195;110534
571975184;110548
571995886;110565
572;110583,110635,110679
57200206;110703
57200214;110720
57202;110737
572063;110751
572102;110766
5722;110781
57225;110794
5723;110808
57234;110829
57243;110843
5725;110857
57252;110870
572659117;110884
572659503;110901
5727;110918
572796;110931
57281;110946
57285;110960
572899;110974
57292;110989
573;111003,111035,111095
57312;111139
57317;111153
57321;111167
5732168;111181
573219;111196
57326;111211
57329;111233
5733;111247
57331;111259
57332;111273
57335;111287
57339;111301
57341;111315
573418339;111329
57342;111346
57346;111360
57347;111374
573479741;111388
57348;111405
573481815;111419
573494;111436
5735;111451
57351;111464
5735214949;111478
573589;111496
573658;111511
57369;111526
5737001896;111540
5738;111558
5738163;111571
57383;111587
5738577247;111609
5739;111627
57390179;111640
57392;111657
57395;111679
573963717;111693
573973522;111710
573974596;111727
574;111744,111812,111851
574024;111879
5741;111894
57413;111907
57414;111921
574154;111935
57415794;111950
574230;111967
57429;111982
57433;112004
574334756;112018
574353688;112035
57438;112053
574392093;112067
5744;112084
57442;112097
57445;112111
574450684;112125
574451041;112142
574468094;112159
574469379;112176
57449;112193
57451;112207
57455;112221
574581;112235
5746;112250
574619;112279
57466;112294
57467;112308
57469;112322
5747;112336
574709972;112348
57471;112365
57475;112379
57476;112393
5748;112407
574800041;112420
57481;112437
574825;112451
57484;112466,112480
57485;112494
57486;112508,112522
574901908;112536
574902027;112553
574944;112570
57494614;112585
574970;112601
57498;112616
574992403;112630
575;112647,112715,112775
575010634;112842
575012039;112859
57502;112876
575050;112890
57506;112905
57511;112919
575142;112933
575150;112948
57517;112963
5752;112985
575226;112998
575243116;113013
575317;113031
575325;113046
575336016;113061
57542;113078
575425;113092
575455;113106
575468335;113121
575478;113147
57550;113162
5755043;113176
575516;113191
57558;113206
575712828;113220
5757588148;113246
575802;113264
575806;113279
575863;113294
57594;113309
5759863163;113323
575993;113341
576;113356,113392,113436
576008;113468
576176;113483
5761781;113498
57625;113514
5763;113528
57643;113541
576436375;113555
576450;113573
576504735;113588
576550;113614
57658;113629
5766;113643,113656
57660079;113669
576649;113685
5766890049;113700
5767;113718
576702;113729
576721;113744
57675;113759
57683;113773
576922441;113787
576922946;113804
576923418;113821
57693;113838
576942;113852
577;113867,113943,114017
5770;114061
577026;114074
577091;114089
577094160;114104
5771;114121
57717838;114133
577209;114150
57722;114165
577229;114179
577232;114194
577316105;114209
577354;114226
577423;114241
5774401426;114256
57745;114274
57749;114288
577515;114302
577534;114317
57763195;114332
57767;114348
577675;114362
5777;114377
57777;114389
5778;114403,114416
577805;114428
577821905;114443
577824;114460
577827810;114475
577829101;114492
577850007;114509
577854;114526
57787;114541
577881;114555
57791;114570
577932285;114584
577984;114602
577991;114617
578;114632,114684,114743
57805;114795
57806;114809
578064;114823
578162655;114838
5782;114855
578217;114868
57822;114883
57832414;114897
578354;114913
578358;114928
578368809;114943
578484;114961
578598922;114976
578609;114993
578644;115008
578678;115023
578703639;115038
57871;115055
578750;115069
578785;115084
578817838;115099
578835;115116
578850;115131
578991;115146
578994792;115161
579;115178,115251,115287
579090;115339
57912;115354
579124;115368
57917233;115383
579179553;115399
579205;115425
579212;115440
579273;115455
579283671;115470
579288;115494
579334;115509
579361995;115524
579365;115548
5793884397;115563
5794125795;115581
579456;115599
579494;115614
579540;115629
579559;115644
57956;115659
579576501;115673
579620;115699
57965;115714
579670;115728
579697;115743
579700;115758
579716;115773
579742;115788
579750;115803
579767972;115818
579814073;115836
579823;115853
579826;115868
579853;115883
579872;115898
579926;115913
579942963;115928
57999;115945
579999325;115959
57a;115976
57a9;115988
57b;116000
57c738;116012,116027
57c8;116048
57db1e;116060,116099
57th;116122,116175,116204
57z;116221
58;116233,117515,119269
580;120895,120939,120985
580020697;121021
580021213;121038
580025879;121055
580027071;121072
580028874;121089
580031376;121106
580032611;121123
580034155;121140
580040694;121157
580043741;121174
580044398;121191
580045246;121208
580046952;121225
580055077;121242
580067;121268
580112;121283
580120;121298
580124;121313
58012462;121328
58015;121344
580185;121358
580187824;121373
580189;121390
580190356;121405
580191142;121422
580192768;121439
580194403;121456
580196411;121473
580197199;121490
580198203;121507
580215;121524
580250;121539
580273;121554
580280;121569
5803;121584
580330;121596
580360;121611
580364;121626
580379;121641
58042;121656
58046;121670
580465035;121684
580465618;121701
580480011;121718
580480304;121735
580506316;121752
580517;121769
580547;121784
580551;121799
5805gt;121814
580620;121829
580642792;121844
580647224;121861
580647587;121878
580678738;121895
580692;121912
580805029;121927
580822;121945
580848714;121960
580849;121977
580952;121992
580959;122007
580e;122022
581;122034,122070,122130
581024;122148
581058131;122163
581059;122180
581059881;122195
581066;122212
581081;122227
581165;122242
581184;122257
581226;122272
581234;122287
581238;122302
581249;122317
58125;122332
581264;122346
581266126;122361
581284;122387
581345;122402
581367;122417
581383;122432
581455;122447
581470;122462
5814732909;122477
581493;122495
581497;122510
581539;122525
581547128;122540
581548858;122557
581596;122574
581600;122589
581619344;122604
581620979;122621
581638;122638
58165845;122653
581676;122669
581700209;122684
58173;122702
581738;122716
581779241;122731
581783;122757
581818;122772
581833980;122787
58191502;122813
581921435;122829
581931323;122853
581940700;122877
581941096;122894
581978;122911
581986727;122926
582;122943,123043,123103
582005;123187
582060921;123202
582062;123219
582066;123234
582072854;123249
582115;123266
5821848512;123281
582218;123299
582233418;123314
582237;123331
582241;123346
582279848;123361
582283;123379
582287;123394
5823;123409
582321;123422
582333;123437
58234;123452
582344;123466
582352;123481
58235908;123496
582363;123512
582371;123527
582375;123542
582386;123557
58240229;123572
582409;123588
582439;123603
582443;123618
582462;123633
582466;123648
582489;123663
582573;123678
5826;123693,123714
582603;123725
582623;123740
582661;123755
582672673;123770
582684;123788
582687;123803
58269;123818
582699;123832
58278;123847
58279;123861
582859;123875
582897;123890
5829;123905
5829100150;123917
582912;123936
582932;123951
5829548836;123966
58297;123984,123998
582981;124011
582d;124026
583;124039,124099,124135
583012;124174
583035;124189
583046;124204
583096;124219
5831;124234,124247,124260
583111;124271
583128122;124286
58314;124312
583179;124326
583183;124341
583202373;124356
583221;124374
583248;124389
583271;124404
583298;124419
583309;124434
583333;124449
58336604;124472
583378;124488
583393;124503
583408;124518
583412;124533
583470416;124548
583561;124565
583565;124580
583572;124595
583587223;124610
5836;124627,124640
583611;124661
58363740;124676
583641;124693
58365;124708
58367;124722
583694;124736
583717;124751
583755;124766
583794;124781
5838286281;124796
583832;124814
583847;124829
583851;124844
583851655;124859
583872368;124876
583893;124902
583931842;124917
583933;124943
583935;124958
583965;124973
58397;124988
584;125002,125054,125098
584034;125142
584054518;125157
584056928;125175
584057;125192
584065905;125207
584099;125225
584106;125240
584126081;125255
584148;125272
5842;125287
584207554;125300
584213;125324
584225663;125339
584295933;125356
584297;125374
584352006;125389
584358;125407
584388788;125422
584389212;125439
5843996;125456
584406102;125480
584408964;125497
584423;125514
5845;125529
584515;125541
584525519;125556
584526;125573
584527015;125588
584528533;125605
584529508;125622
58453;125639
584541588;125653
584559160;125670
584562689;125687
5846;125704
584610;125716
584633;125731
58465;125746
584657;125760
584665996;125776
584667;125800
58469;125815
5847;125829
584709;125842
58478;125857
584782;125871
584835357;125886
58485;125910
584854;125924
584870788;125939
584873;125956
584881;125971
584892;125994
584908;126009
584920464;126024
584920799;126041
58493;126058
584999904;126072
585;126089,126139,126207
5850;126251
58501;126264
585049;126277
585121623;126292
585121854;126309
585154618;126326
585156760;126343
585157855;126360
585161253;126377
585167;126394
585203469;126409
585320;126426
585346;126441
585361718;126456
585362981;126473
585364474;126490
585433001;126516
585499;126534
5855;126549
585503722;126562
585506;126579
5855717659;126594
58559;126612
585602;126626
58562;126641
585644;126655
585678;126670
5856802;126685
585693;126700
585705;126715
585808;126730
585842;126745
58586;126760
58587;126774
58592;126788
585938;126802
585941;126817
5859504;126832
585968;126848
586;126863,126923,126991
586021;127044
586052;127059
58608;127074
586082542;127088
5861;127106
586113;127119
586140;127134
586143;127149
586260145;127164
586261403;127181
586278090;127198
586279273;127215
58629;127232
586300;127246
586345297;127261
586345528;127287
586345658;127313
586346397;127331
586354391;127348
586357135;127374
586413636;127391
586416420;127408
586418311;127425
586419364;127442
586468;127459
586472;127474
586484746;127489
586536;127506
586551744;127521
586563;127538
586574587;127553
5866;127570
58665;127583
586653775;127597
586681;127623
586693;127638
5867;127653
586718588;127666
586735;127683
586761;127698
586784;127713
586788;127728
586792;127743
586796;127758
586803;127773
586807;127788
586811;127803
586829176;127818
586830;127835
586834;127850
586868;127865
586922;127880
586937;127895
5869607329;127910
587;127928,127980,128040
587024665;128099
587040;128116
587059;128131
587101;128146
587132;128161
587135;128176
58718988;128191
587193;128207
587205655;128222
587318;128239
587334;128254
587376;128269
587410795;128284
58746256;128301
5875;128318
58753;128331
587532;128345
587534629;128360
587543;128378
587566846;128393
587593;128419
5876;128434
58762;128447
587620;128461
587635;128476
587670772;128491
587688;128517
587692;128532
587700;128547
58777219;128562
587807;128579
587839622;128594
587887;128620
587910;128635
587921;128650
587982;128665
587985361;128680
587990;128698
587px;128713
588;128726,128778,128814
588062236;128851
588064384;128868
58806458;128885
588086872;128902
588135;128928
588150740;128943
5881600;128961
588173459;128977
588177;129022
5882;129037
588254525;129050
588272904;129076
588292446;129094
588298750;129112
588309560;129130
588330055;129156
588360;129180
588427309;129195
588448383;129213
588450482;129230
588471055;129247
58847361;129264
588485142;129280
588486935;129306
588490;129324
588519156;129339
588547;129356
58855;129371
588585;129385
588631;129400
58863508;129415
588639360;129431
588655106;129457
588660923;129474
588662471;129492
588665;129510
588665148;129525
588683392;129543
588695472;129560
5887;129577
588701272;129590
58877;129607
58878088;129621
588872997;129637
588898;129663
5889;129678
588943;129691
588952582;129706
588982687;129732
588983303;129749
589;129766,129805,129857
589010174;129901
589031;129919
589033463;129934
589038828;129951
589043;129975
589053517;129990
589073134;130096
589073621;130113
589154448;130130
589171216;130147
589172357;130164
589174153;130181
589176034;130198
589203;130215
589222471;130230
589223514;130247
589226;130264
589287408;130279
589288456;130296
589300641;130313
589302;130330
589310240;130345
589310892;130371
589336337;130397
589336448;130414
589424;130431
589426708;130446
589432;130464
589444;130479
589450928;130493
589451;130511
589459215;130526
589460309;130544
589462;130562
589474;130577
589500;130592
589516;130607
589521826;130622
58958;130648
589584;130662
589634;130677
589674605;130692
589674877;130709
589675877;130726
589676549;130743
589678893;130760
589679438;130777
589679682;130794
589681716;130811
589682862;130828
589684701;130845
589685410;130862
589685889;130879
589692351;130896
589729;130913
589764;130928
589783284;130943
58979;130960
589809;130974
589845452;130989
589870;131007
5899;131022
5899056792;131035
589924217;131053
589956726;131070
589962869;131087
589964034;131105
589964446;131123
589964677;131141
58a0b8;131159
58b;131175
58e4;131187
58ljaat;131200
58px;131216
58th;131227,131253,131282
59;131303,132605,134356
590;135948,136032,136106
5900;136182,136195
590000;136208
590015;136222
590051083;136237
590063562;136255
590067569;136281
590106044;136298
590110741;136324
590122;136350
590123163;136365
590169595;136389
590187;136407
590189324;136422
59019;136446
590195;136460
590202;136475
590207723;136490
590222428;136508
590255734;136534
590294;136552
5903;136567
590305;136580
590317;136595
590328;136610
59034;136625
590358760;136639
590370833;136665
590374676;136682
590376839;136699
590439;136716
590489194;136731
590506908;136757
59051;136774
590513814;136788
590518;136805
590525041;136819
590526164;136836
590548838;136853
590569139;136879
590574999;136896
590588;136913
590596492;136928
590603;136945
590609653;136960
59062;136977
590626;136991
590633;137006
590636931;137021
590637629;137039
590637880;137057
590639690;137075
590649;137093
590686841;137108
59074;137134
590741976;137148
590752060;137165
590816056;137191
590816365;137208
590817042;137225
590817557;137242
590818325;137259
590819791;137276
590821864;137293
59084;137310
59085856;137323
590870;137340
590870385;137355
59088;137379
590927;137393
590934183;137408
590934540;137425
590938272;137442
590995995;137468
591;137513,137549,137585
591026;137631
591044117;137646
591046572;137663
591061;137681
591103;137696
591110;137711
591116808;137726
591142299;137743
591183;137760
591200358;137775
591206;137793
59129;137808
591328110;137822
591342419;137839
591355107;137856
591355363;137882
591364596;137908
5914;137925
591424824;137938
59143;137955
591446379;137969
591488;137987
59150267;138002
591505547;138019
591511;138045
591511655;138060
591511661;138077
591514302;138094
591523;138120
59154;138135
591541;138149
59156;138164
591577743;138178
591595359;138195
5916;138219
591610;138231
591629;138246
591637;138261
591656773;138276
591692640;138294
591694;138312
591709;138327
591740;138342
591797391;138357
591815;138383
591835;138398
591835797;138413
591844;138439
59186;138454
591888;138468
591905969;138483
59191;138509
591930;138523
591937852;138538
59195596;138556
591959650;138573
591959953;138591
592;138609,138661,138747
592029849;138775
5920470357;138801
592061452;138819
592068;138836
592112513;138851
592117;138877
592139079;138892
592144;138918
592165099;138933
592165560;138950
592166206;138967
592205499;138984
592224;139002
592232;139017
5922458;139032
592297;139048
592323;139063
592335;139078
592347074;139093
592354623;139119
59237;139136
592377495;139150
592384;139176
59240;139191
592422;139205
592434717;139220
59246232;139238
592487823;139254
592525;139280
592533;139295
592541;139310
592567;139325
592567640;139340
592597675;139357
592609;139375
592612994;139390
59264;139408
5926672816;139422
592701;139440
592724;139455
592745166;139470
592763463;139494
592870641;139518
592871757;139535
5929;139552
592911;139565
592949;139580
592968;139595
592994733;139610
593;139634,139694,139746
593040;139798
593044;139813
593054516;139828
593054712;139845
59307;139862
593079;139876
593083399;139891
593089350;139909
5931;139933
593100094;139946
593133530;139970
593135305;139987
593137694;140004
59318;140021
593185;140035
593194032;140050
593195306;140074
59323;140092
593230629;140106
593230939;140132
593241682;140158
59324777;140176
593257417;140192
593257421;140210
593270411;140228
593277891;140246
593292;140263
5933;140278
593346634;140291
593365;140309
593395;140324
593414;140339
593439552;140354
593475454;140372
593498;140390
593510;140405
593513069;140420
593513925;140437
593514916;140454
593515836;140471
593515930;140488
593529;140505
593544;140520
593571;140535
593580256;140550
593594;140568
593594707;140583
593597441;140600
593598163;140617
5936;140634
593602682;140647
593604750;140664
593605286;140681
593606860;140698
593620;140715
593634620;140730
593651;140756
593655;140771
593666;140786
593674;140801
593716;140816
593720717;140831
593731397;140848
593731983;140865
593734617;140882
593735226;140899
593742;140916
593750;140931
593774254;140946
593799039;140964
593799698;140981
593815;140998
59384;141013
593845;141027
593877646;141042
593877957;141059
593878088;141076
593879653;141093
593922;141110
59393;141125
593931487;141139
59394;141156
593945;141176
59395;141191
593954444;141205
593956;141222
593960;141237
593962393;141252
593962570;141269
593963269;141286
593963604;141303
593963786;141320
593964;141337
593964631;141352
593983;141369
593991404;141384
593996490;141402
594;141420,141440,141479
594021;141539
594026422;141554
594027961;141578
59403;141602
594055;141616
594067;141631
594074;141646
594078;141661
594085019;141676
594090;141702
594094806;141717
594101;141734
594110164;141749
594139;141766
594159613;141781
594186674;141805
594186958;141829
594200;141853
59421;141868
594250;141882
594311;141897
594320894;141912
594333712;141936
594376;141954
594383;141969
594391;141984
594424914;141999
594488073;142017
594507033;142041
59452;142147
59457;142161
594585;142175
594635;142190
59465;142205
594650;142219
594662;142234
594676484;142249
594680126;142266
594681;142283
5946877003;142298
594711;142316
5947147012;142331
594723;142349
594727;142364
594734;142379
594741565;142394
594752261;142412
594758908;142429
594761991;142446
594778569;142463
59481;142481
594841;142495
594845;142510
594967;142525
595;142540,142600,142666
595017473;142734
595023340;142752
595023480;142770
595060748;142788
595070;142805
5951;142820
595104;142833
595125562;142848
595137250;142872
595147456;142889
595149426;142906
595162084;142951
595162322;142977
595162562;143003
595165;143029
595175172;143044
595219;143062
595222;143077
595226;143092
595234;143107
595241320;143122
595249;143140
595276;143155
595288048;143170
595295;143194
5953;143209
59531;143222
595317324;143236
59534633;143253
595375;143269
595379;143284
595424759;143299
595446359;143325
595450898;143342
595454;143359,143390
595459119;143405
595470;143431
595473298;143446
595493;143464
59550;143479
595517801;143493
595525466;143510
595526342;143527
595527204;143544
595592147;143561
595593349;143578
595594884;143595
595604847;143612
595605550;143629
595605991;143646
595623;143663
595657268;143678
595657316;143696
595665;143714
5957;143729,143742
595708;143755
595737;143770
595741;143785
595751266;143800
5957660079;143845
595783;143863
595784859;143878
595786027;143895
595789682;143912
595790522;143929
595790862;143946
595818;143963
595822284;143978
595824356;143995
595831550;144013
595833;144039
59584;144054
595867;144068
595886;144083
5959;144098
59593;144111
59595;144125
59598;144139
596;144153,144189,144256
5960039496;144324
596016;144342
596024;144357
59603;144372
596031;144386
596035;144401
596046;144416
596050651;144431
596066;144457
596073822;144472
596082591;144498
596085906;144524
596094006;144541
596097520;144558
596098612;144575
596100766;144592
596102812;144609
59611;144626
59613;144640
596157;144654
596157281;144669
596184492;144695
596191;144719
59619617;144734
5962;144750
59621;144763
596218;144777
596226;144792
596226622;144807
596227766;144833
596242690;144859
596249069;144876
596249277;144894
596252253;144912
596252707;144936
596252819;144960
596253046;144984
596268;145008
596275;145023
59629;145038
596298;145052
596302;145067
596329;145082
596333;145097
596333768;145112
596347381;145130
596373370;145154
596386;145172
596390;145187
596397;145202
596410735;145217
596412110;145234
596430223;145251
596436163;145268
596437521;145294
59644;145320
596452776;145334
596455;145351
596478439;145366
5965;145383
596506400;145395
596507045;145412
596507503;145429
596507744;145446
596507882;145463
596508464;145480
596509327;145497
596509352;145514
596510173;145531
596512037;145548
596512324;145565
596523582;145582
596527;145608
596561;145623
596565;145638
596573;145653
5965915322;145668
5966048;145686
596629311;145710
59663246;145727
596635373;145744
596646734;145761
596688146;145785
596689212;145802
596697755;145819
596699834;145836
59670;145853
596705340;145867
596706;145884
59672;145899
596748;145913
596758207;145928
596772061;145946
596774134;145963
596776496;145980
596790;145997
596813982;146012
596814672;146038
596835226;146062
596863;146088
596880402;146103
596880828;146127
596889;146151
596916;146166
596924;146181
596931;146196
596951;146211
596954;146226
59695911;146241
596970;146257
596973;146272
597;146287,146331,146383
597046;146422
59705;146437
597061;146451
597069;146466
597118;146481
59716;146496
597174643;146510
597183;146534
597228764;146549
597229;146575
597237;146590
597260;146605
597272359;146620
597328;146646
597336;146661
59734;146676
597347;146690
5973473;146705
597376551;146721
597448757;146739
597466;146757
597477324;146772
59748;146798
597489191;146812
597496;146838
5975;146853
597500;146866
597546;146881
597580871;146896
597581960;146913
597588214;146930
597589432;146947
597590053;146964
597596634;146990
597630;147008
59765;147023
597672808;147037
597679;147063
597692969;147078
597731883;147104
59775;147122
597782;147136
597791852;147151
597794963;147168
597795829;147185
597820610;147202
597821423;147228
597828;147254
597870895;147269
597878105;147286
597912;147312
597942;147327
597965;147342
597988758;147357
597993005;147375
597998868;147401
598;147419,147543,147603
598023389;147648
598027649;147665
598034;147689
598072511;147704
598099;147722
598112641;147737
598141890;147761
598143296;147778
598148308;147804
598151206;147830
598152638;147856
598169;147882
59817;147897
598171;147911
598174682;147926
598179097;147943
598209;147967
598229202;147982
598243312;147999
598245896;148016
598247033;148033
598267;148050
598298297;148065
598335894;148082
598362631;148099
598366318;148117
59837;148135
598379798;148149
598379941;148167
598383298;148185
5984;148203
598404;148216
598412;148231
598419;148246
598429849;148261
598479215;148287
598532902;148313
598540;148331
598565224;148346
598579;148364
598595;148379
598606417;148394
598632659;148411
598655234;148429
598694202;148455
598707237;148472
598743;148490
598750195;148505
598750259;148523
598778;148541
598798649;148556
598802296;148574
598803118;148591
598808648;148608
598829189;148632
598831043;148649
598831944;148666
598832447;148683
598834880;148700
59884205;148717
598864960;148734
598884145;148760
598903345;148778
598939549;148795
598941999;148821
59895359;148839
598965;148856
598996671;148871
599;148897,148949,149007
599045;149043
599087342;149058
599107010;149082
59913084;149100
599145308;149117
599148;149135
599154717;149150
599159;149174
599167;149189
599174;149204
5992;149219
599205;149232
599220;149247
599232;149262
599239;149277
59925;149292
599262;149306
599297;149321
599300;149336
599312507;149351
599316;149375
599319571;149390
59933;149408
599331;149422
599339515;149437
599377303;149461
599392;149478
599413942;149493
599413945;149510
59943;149527
599474349;149541
599523543;149559
59953;149585
599541751;149599
599581176;149625
599598;149643
599603309;149658
599609;149676
599625;149691
599638702;149706
599640;149723
599672267;149738
599682;149762
599697;149777
599709;149792
599754;149807
599762242;149822
599786;149839
599792;149853
59979629;149868
599826854;149885
599834;149902
599874378;149917
599879661;149934
599880614;149951
599883442;149968
599884077;149985
59989;150002
599948551;150016
599957;150034
599964858;150049
599991971;150075
59a;150093
59b;150105
59b8;150117
59k;150130
59th;150142,150195
5a;150220,150231,150258
5a1810;150275
5a5ac5;150290
5a5f5c;150305
5asa01;150320
5asa02;150335
5asa03;150350
5asa04;150365
5asa05;150380
5asa06;150395
5asa07;150410
5asa08;150425
5asa09;150440
5b;150455,150490,150526
5b00;150564
5b01273b;150576
5b1b8f;150592
5banne;150607
5bbackid;150621
5bfossil;150637
5bmotscl;150662
5btheme;150678
5btt;150693,150706
5buid;150718
5by20;150731
5c;150744
5c5c33;150754
5c72;150769
5cf9;150782
5d;150795,150846,150882
5d6;150927
5d7;150939
5d7cba;150951,151206,151349
5d8;151559
5d9c8ec7;151571
5dn;151588
5e7;151600
5em;151611,152081,152404
5ex;153026,153094,153173
5f;153242,153253
5faizan;153304
5fm;153320
5ga;153338
5ghz;153349
5h;153362,153389
5h2o;153406
5hr;153419,153431
5k;153443,153454
5ki11z;153464
5km;153478
5li;153490
5p;153502
5px;153513,153637,153739
5q13;153808
5r;153821
5s;153831
5sbofbu9a;153862
5so;153879
5sq;153891
5tardium;153903
5th;153920,154517,154927
5u;155268
5v;155279
5vkbp2oc5;155290
5wpc;155307
5x;155320,155499,155544
5x5;155659
5x8;155671
5z1jhry0i;155683
