1 0;0,28
1 2;48
1 200;59
1 3;71
1 bp;82
1 jpeg;95
1 jpg;110,123
10 000;145
10;168,243,286
100;313,325,465
1000;581,594,607
100th;633,647
101;667,687
101st;698
102 jpg;712
102;726,746
102nd;757
107;771
108;783
10th;795
11;814,857,886
110;929
1100;961
111;974
1121;986
113th;999,1141,1163
1148;1183
115;1196
119;1208,1220
11th;1230
12;1251,1278,1321
121;1332
1232;1344
125;1357,1369
1256;1381
126;1394
1263d;1414
1286;1427
129;1440
1290;1452
13 2;1465
13 3;1478
13;1491,1542,1561
130;1597
1319;1625
1352;1638
1360;1651
1377;1664
1385;1677
1394;1690
1396;1703
1399;1716
13th;1728,1741
14;1753,1820,1898
1401;1949
1410;1989
1419;2002
1420;2015
1423;2028
1425;2041
1428;2054
1437;2067
144;2080
1442;2091
1443;2104
1446;2117
145 hmw;2130
1456;2154
1460;2167
1491;2180
14th;2192
15;2205,2288,2323
150;2387
1500;2399
1500th;2420
150th;2433
1512;2447
1520am jpg;2460
1544;2479
15th;2492
16;2504,2547
161;2562
1612;2579
1616;2591
1622;2603
1625;2616
163;2629
1651;2641
1652;2653
1653;2665
1654;2677
1670;2689
167th;2701
1684;2715
1689;2728
169;2741
1698;2753
17 jpg;2766
17;2781,2816
1700s jpg;2845
1705;2859
1710;2871
1713;2883
1727;2896
172d;2908
173;2921
174;2933
1742;2944
1743;2957,2970
1748;2982
1752;2995
1754;3008
1758;3037
179;3050
1793;3059
1796;3072
17th;3084,3097
18 jpg;3116
18;3131,3206,3217
1808;3273
1811;3285
1812;3298
1814;3311,3324
182;3343
1824;3354
1831;3367
1832;3386
1836;3398
1839;3419
1840;3431
1842;3443
1843;3456
185;3468
1850;3480
1851;3492
1856;3511
1862;3524
1863;3536
1864;3549,3570
1865;3582,3595
1866;3607,3620
1869;3632,3645
187;3658
1870;3670
1870s jpg;3688
1873;3706
1874;3719
1875;3748
1876;3761
1878;3774
1880;3784
1882;3797
1883;3810,3823,3852
1885 jpg;3864
1885;3881
1885b jpg;3893
1886;3910
1888;3923,3936
1891;3948
1892;3960
1893 jpeg;3973
1893;3990,4003
1895;4016,4029
1896;4042
1898;4063
1899;4076
18th;4089,4134,4147
19 jpg;4159
19;4174,4233,4252
190;4331
1900;4343,4356
1901;4368,4387
1902;4400
1903;4412
1904;4425
1905;4438,4451
1908;4464,4483,4496
1909;4517
1910;4530
1911;4542,4555,4568
1912;4580,4593
1913 jpg;4606
1913;4623
1914;4644
1915 jpg;4657
1915;4673,4694
1917;4707,4728
1918;4747
1919;4768,4805
192;4826
1920;4838,4875
1922;4888,4909,4922
1923;4934
1924;4946
1925;4959
1927 png;4972
1929;4989,5018
1930;5036,5049
1931;5068
1932;5087,5100
1933 jpg;5133
1933;5150,5163
1934;5203,5216
1935;5235,5256,5282
1936;5311,5324
1937;5336,5349
1938;5367
1939;5386,5399
193rd;5417
194;5430
1940;5442,5463
1941;5482,5515
1942;5528
1943;5581
1944 jpg;5593
1944;5609,5630,5643
1945;5676
1946;5695,5714
1947;5727,5740,5769
1948;5795,5808
1949;5841,5870
1950;5889,5902
1951;5923
1952;5942,5955,5968
1953;5980,6001
1954;6013
1955 png;6026
1955;6042,6055
1956;6067,6080
1957;6109,6122,6135
1959  jpg;6147
1959 jpg;6162
1959;6179,6191,6204
1960;6217,6238
1961;6249,6262,6299
1962  jpg;6325
1962;6343,6356
1963;6389,6402,6415
1964;6434,6471,6492
1965 jpg;6531
1965;6547,6584,6597
1966 jpg;6629
1966;6645,6666
1967 ogg;6678
1967;6711
1968;6737,6766
1969 jpg;6785
196th;6801
1970;6815,6828,6849
1971;6861,6874,6887
1972;6920,6933
1973 jpg;6945
1973;6961,6974
1974;6986
1975 jpg;7005
1975;7021,7040
1976;7053,7066,7092
1977 jpg;7105
1977;7122,7141,7154
1978;7175,7188
1979;7214,7227,7253
1980 jpg;7266
1980;7282,7311,7324
1981 jpg;7350
1981;7366,7379,7411
1982;7464,7496
1983;7509,7530,7576
1984;7589,7626,7639
1985;7658,7679,7724
1986;7743,7780,7813
1987;7850,7871,7884
1988;7896,7941,7954
1989;7966,7999,8028
1990;8057,8094,8123
1991;8156,8177
1992;8203,8248,8301
1993;8313,8342,8375
1994;8388,8441,8460
1995 jpg;8473
1995;8490,8519,8540
1996;8558,8579,8608
1997;8626,8655,8708
1998;8719,8764
1999 jpg;8811
1999;8828,8969,9119
19th;9428,9441
1bb;9460
1d;9472
1st;9482,9549,9561
1thek;9613
