3 7;0
3 jpg;11,24
30;46,177,227
300;262,280,292
3000;304,316
301 jpg;329
3010;343
3023;355
3030th;368
304th;383
31 136;403
31;417,428
311;439,451
3110;471
316;484
3186;496
32 mj;509
32;523,539
3275;550
32nd;562
33;575
330;586
3329;598
3362;611
338;624
33rd;636
34;657
3470;667
34th;680,709
35;721
3518;738
352;751
3520;763
3584;775
35th;788
36;801
360;818
362;849
365;861
36th;873
37;886
37th;903
38;916
3826;944
387;957
3979;969
3a;982
3am;992
3b;1003
3c;1013
3d jpg;1023
3d;1038,1057,1068
3db;1092
3dflow;1104
3dh;1119
3el;1131
3now;1143
3ocr;1156
3rd;1169,1189,1225
3x3;1243
