10;0,1324,2547
100;3878,4034,4220
1000;4496,4541,4570
10000;4603
100000;4616,4663,4698
1000000;4729
1001;4745
10016843;4758
10028;4775
1006292028;4789
100a1;4808
100px;4821,4851,4877
100th;4907,4921
101;4934,4971,5010
1010;5046
1012;5059,5072
1015;5084
1015433;5097
101i;5113
101st;5125
102;5139,5175,5242
1020000000;5278
1024;5296
10250;5308
1029;5322
103;5334,5400,5412
1030096;5464
1032;5480
1032900;5493
1034;5509
103px;5521
104;5534,5562,5590
104b;5615
104th;5628
105;5642,5670,5722
1050;5740
10500;5752
10510;5765
1053;5779
10578;5792
105982;5806
105th;5821
106;5834,5880,5908
1067;5968,5980
10695;5993
107;6007,6043,6103
1071;6123
1073;6136
1075;6149
1076;6162
108;6175,6219
10800;6272
1080i;6285,6315,6347
1080p;6393
108741;6407
109;6421,6457,6482
1094;6518
1098;6531
10986;6552
10c;6566,6586
10fp;6597
10h2;6610
10px;6623,6644
10th;6657,6702,6761
10x13x30;6814
11;6831,8147,9160
110;10515,10623,10683
1100;10767
1101;10793
11025;10805
1106;10818,10830
110px;10843
110th;10857
111;10871,10899,10931
11103;10943
11104;10957
1112;10971
1118;10983
112;10995,11031,11070
112233;11106
1125;11121,11133
1126;11146
112639;11158
11267;11173
113;11187,11287,11326
1130;11370
11334;11382,11396
113502;11409
113511;11424
1135375;11439
11374;11455
1139;11469
113th;11482,11560
114;11614,11682,11742
1140;11760
1149;11773
114th;11786
115;11800,11844,11897
11500000;11949
1151;11965
1151196;11977
1153;11993
1154644;12005
115989;12019
116;12034,12062,12090
1160;12122
1163;12135
1165;12148
1168;12161
1169;12174,12187
116cde79;12199
117;12215,12235,12288
117377;12332
11739;12347
11745;12360
118;12374,12441,12461
1184;12489
11864;12502
1187;12515
1188;12528
1188616;12541
1189;12557
118px;12570
119;12583,12603,12615
11910;12639
119215;12652
11a;12667
11n;12678
11th;12690,12723
12;12744,14259,15414
120;16777,16885,16979
1200;17103,17116
12000502;17128
1201645;17145
1202;17161
12039;17174
12053;17187
12057;17200
12059;17213
12060;17227
12063;17241
12064;17254
120px;17267,17281
121;17295,17320,17340
121049;17408
1211;17422
12117;17443
1215;17456
1217;17469
121st;17482
122;17496,17540,17570
122001;17590
12201;17605
12202;17619
122106;17633
1224;17648
123;17661,17706,17726
123035;17770
12327;17784
12328;17806,17820
123401;17834
1235;17849
12369;17862
12370;17884
12373837;17898
124;17914,17967,17988
1240;18032
124103;18045
124142;18059
124146;18073
1243;18096
1247;18108
124c;18121
125;18133,18162,18222
1250;18274,18287
125039;18299
1251;18313
12552;18325
12582;18338
125k;18352
125px;18365,18399,18413
126;18427,18459,18519
1261;18539
1263;18552
1267;18565
1268;18577
126th;18590
127;18604,18640,18652
1270;18663
128;18675,18735,18755
12813;18773
1286;18787
128x160;18800
129;18815,18851,18897
12913;18917
1298;18930,18943
1299;18955
12h;18967
12sfn;18978
12th;18991,19012,19038
13;19059,19768,20376
130;21123,21191,21235
1300;21260,21272
13000891;21285
13005;21301
13008;21314
13017;21327
1302;21341
1304;21354
13080;21367
1309;21381
130950000;21394
130px;21411
131;21433,21451,21479
1312;21507
131259;21520
1314;21535
13149;21548
1314a;21562
13150;21576
1318;21590
132;21603,21648,21668
1320;21679
1321630;21691
13286;21706
132nd;21719
132px;21733,21747
133;21760,21772,21792
1331;21803
133239;21816
133247;21831
1333;21846
133333;21859
1336;21874
13379;21887
134;21901,21913
134779;21941
134d;21956
135;21968,21996
13513;22016
135198;22030
1358;22045
135k;22057
135px;22070
136;22084,22136,22161
1364;22189
137;22202,22214,22226
137024;22237
1371;22252
137228;22264
1375;22279
13796;22292
138;22306,22358,22378
1381;22396
1384;22409
13890;22422
1389718663;22436
139;22454,22482,22502
1390;22520
1392;22533
139210;22546
1393;22560
1394;22573
1398;22586
1399;22599
13c;22612
13h2;22624
13th;22645,22666
14;22699,23470,24070
140;24913,24941,24961
1400;24979
14000022;25008
14000105;25025
14000148;25042
14000149;25056
1401;25072
1403;25084
1404;25097
1408;25110
140px;25122
141;25135,25147,25159
14100000;25177
141000000;25194
1414;25212
1415h;25224
142;25238,25258,25283
1422;25327
1424;25338
142540;25351
1427;25365
143;25386,25398,25409
143076;25469
1433;25484
1434;25497
1435;25510,25523
1439;25556
144;25569,25594,25606
1445;25642
1447;25655
144722;25668
145;25682,25710,25730
1450;25748
1451645613;25761
14545k;25779
1457;25793
145970;25805
145x217px;25820
146000000;25837
146448;25855
1465;25870
1467a;25881
146811;25895
147;25910
1473;25941
148;25954,25974
1480;25986
1482;25999
1486;26011
1489;26024
149;26036,26056,26101
1490;26137
1491;26150
1493;26162
1496;26183
1499;26204
149th;26225
14cd14;26238
14j15h;26252
14px;26267
14th;26280,26325,26357
15;26386,27118,27711
150;28482,28686,28830
1500;28970,28989
1500000;29002
1500sqm;29018
1501;29034
150537582;29047
1508;29065
150px;29078,29164,29259
150x150px;29329,29355
151;29372,29384,29404
151143;29422
1515;29436
152;29457,29469
1523;29487
1524;29499
1525;29512
1526;29525
1527;29538
1528;29551
153;29572,29597,29617
1530;29629
15300;29641
1536;29655
154;29668,29688
1540;29708
1543;29720
1544;29732
155;29745,29765,29783
1552;29803
15540;29816
156;29830,29866,29897
1565852;29933
1568;29949
157;29970,29981,29993
1570;30021
1571;30034
1573;30047
15782;30060
158;30074,30102,30113
1581;30133
1583;30146
1587;30159
158867;30172
159;30187,30207
1591;30219
1592;30232
1593;30245,30258
1594;30270
1594204463;30283
1599;30302
15d;30315
15em;30343
15n;30356
15px;30368
15th;30387,30400,30440
16;30477,31385,32004
160;32759,32779,32818
1600;32854,32867
16000;32893
1600000;32906
160000000;32922
1604;32940
160px;32953
160x160px;32967
161;32985,33005,33028
161102;33040
16122;33054
161223;33067
1616;33082,33095
1619;33107
162;33120,33148
1620;33165,33178
16245;33191
1625;33205
1626;33234
1629;33247
163;33259
1630;33271,33284
164;33296,33313
16415;33333
1645;33347
1646;33368
164650;33380
165;33395,33407,33443
1650;33461,33474,33487
1652;33499
165px;33512,33526
166;33539,33551
1660;33569
1661;33580,33593
166108;33605
1665;33620
1666cb;33633
1667;33648
1668;33661
166efn;33674
167;33688,33700
1670;33712
1673;33724
1674;33737
1675;33750
1676;33763,33848,33893
1677;33933
1678;33954
1679;33975
167970000;33988
168;34005,34017
1680;34035
1682;34048
1683;34060
1685;34073
1688;34086
1689;34107
169;34128,34140,34152
1690;34163,34176
1691;34188,34201,34230
1692;34242,34255
1693;34284
169346;34305
1694;34320
1695;34341
1697;34362
1699;34375
169px;34388
16d;34401,34413,34433
16h;34472
16june2010;34500
16k;34519
16px;34531,34544
16th;34557,34594,34623
16v956;34635
17;34650,35470,36163
170;36814,36850,36918
1700000;36942
170000000;36957
1702;36974
1703;36987
1704;37000,37013
1705;37026,37039
1706;37068
1707;37081
1708;37094
170px;37106,37120
171;37140,37152
1712;37172
1713;37185,37198
1716657;37219
1716734;37235
1717;37251
17198;37264
171e38;37277
172;37292
1724;37330
172442;37343
1725;37358
1726;37371
1727;37384
1728;37397
1729;37410
172d;37423
172nd;37436
173;37450,37462
1730;37490
1731;37511
1732;37540
1734;37553
1735;37565,37578
17350;37590
1736;37604,37617
1739;37630
174;37643,37655
1740000;37666
1743;37682
1746;37695
1748;37707
1749;37720
175;37733,37769,37820
1750;37848
1751;37860
1752;37873
175476;37886
1755;37900,37913
1755688;37925
1757;37941
1758;37953
1759;37966
175px;37978,38000
175x175px;38014
176;38031,38052,38064
1760;38089,38102
176028;38114
1761;38129
17617982;38141
1762;38157
1763;38169
1763923;38182
1764;38197
1765;38216,38241
1766;38254
1767;38266,38279
1768;38292
176801;38305
176882;38320
17698232;38335
177;38351,38371
1770;38383
1773;38395,38408,38429
1775;38441
1776;38462
1778;38475,38488
1779;38499
178;38512,38540
1780;38568,38597,38609
17815;38630
1782;38643,38656
17820;38677
1783;38690
17847;38703
1785;38717
1786;38738,38751
17866;38764
1787;38778
1789;38791,38804,38817
179;38829,38841,38877
1790;38888
1791;38909
1792;38922
1793;38935,38964
1794;38976,38989
1795;39026,39047,39076
1796;39088,39121
1797;39134
1798;39146
17987;39159
17ff17;39173
17th;39188,39225,39278
18;39304,40044,40664
180;41459,41495,41527
1800;41563,41576,41613
18000;41639
1801;41653
1802;41666
1803;41685,41698
1804;41717,41750
1805;41763,41776,41795
1806;41808,41821,41834
1807;41860
1808;41872,41885
1809;41897,41910
18096;41931
180px;41945,41991,42025
180th;42055
181;42069,42090,42118
1810;42133,42146,42167
1811;42200
1812;42212,42225,42238
181281;42250
1813;42265,42278,42291
1814;42303,42316
1815;42327,42364
1816;42383
1817;42408,42429
1818;42442,42455
182;42468,42496,42508
1820;42519,42532,42558
1821;42587,42600
1822;42612,42633
1823;42659,42672,42685
1824;42732
18245970;42761
1825;42777,42790,42803
1826;42815,42836
1827;42853
1828;42865,42878
1829;42896
1829b;42909
183;42923,42951,42971
1830;42982,43003,43024
1831;43036,43062
1832;43107,43120
1833;43132,43145
1834;43166,43187
1835;43212
1836;43225,43246
1837;43258,43271,43296
1838;43333
1839;43345
184;43378,43390
1840;43402,43423,43476
1841;43502,43515
1842;43548
1843;43569,43588
1844;43601
1845;43622,43635,43648
1846;43660,43673
1847;43685,43706,43725
1848;43746,43772
1849;43785,43798
1849392366;43810
185;43829,43857,43889
1850;43925
1851;43937,43958,43987
1852;43999,44010
1853;44023,44044
1854;44063,44076,44105
1855;44117,44146,44178
1857;44191,44223,44236
1858;44249
1859;44268,44281,44293
186;44306,44326
1860;44337,44366,44379
1861;44391,44428,44441
1862;44460,44481,44535
1863;44548,44577,44606
186307;44638
1864;44652,44665,44686
1865;44705,44742,44811
1866;44823,44842
1867;44863,44892
1868;44904,44917,44943
1869;44956,44969
187;44987,45015,45043
1870;45061,45115,45144
1871;45181,45194,45215
1872;45248,45285,45298
1873;45331,45344,45365
1874;45377,45390
1875;45436,45497,45535
1876;45572,45601,45614
1877;45647,45676,45705
1878;45717,45770,45828
1879;45865,45878
188;45897,45909,45929
1880;45940,45953
1881;45978,46015,46066
1882;46079,46104,46117
1883;46138,46183
1884;46195,46216,46237
1885;46270,46291,46328
1886;46361,46374
1887;46387,46424,46453
1888;46465,46504,46541
1889;46562,46575,46596
189;46629,46641,46661
1890;46672,46685,46724
1891;46761,46774
1892;46786,46815
1893;46847,46868,46893
1894;46938,46983
1895;47009,47030,47059
1896;47078,47099,47120
1897;47160,47173,47212
1898;47249,47270
1899;47303,47332,47357
18a;47378
18th;47390,47403
19;47432,48108,48829
190;49576,49604
1900;49624,49824,49845
1900000;49890
19003;49906
1901;49920,49965,50026
1902;50047,50060,50089
190240;50115
1903;50130,50159,50197
1904;50226,50263,50300
1905;50333,50378,50459
1906;50472,50525,50564
1907;50625,50678,50745
1908;50790,50851,50898
1909;50943,50964,51032
191;51045,51057,51069
1910;51080,51147,51200
1911;51245,51298,51352
1912;51397,51426,51479
1913;51540,51601,51694
1914;51741,51788,51833
1915;51886,51926,51971
1916;52016,52045,52138
1917;52185,52238,52285
1917cn;52330
1918;52345,52430,52490
1919;52567,52620,52686
192;52779,52791
1920;52800,52861,52970
1921;53047,53087,53140
19217;53193
19218;53207
1922;53221,53290,53327
192233;53388
1923;53403,53464,53509
1924;53583,53636,53673
1925;53745,53822,53851
1926;53898,53967,54014
1927;54035,54080,54112
1928;54125,54202
1929;54268,54342,54387
193;54448,54460,54471
1930;54483,54552,54613
1931;54680,54725,54779
1932;54816,54898,54959
1933;55012,55065,55105
1934;55134,55171,55200
1935;55247,55308,55395
1936;55456,55485,55538
1937;55599,55644,55721
1938;55774,55811,55886
1939;55923,55968,56028
194;56097,56109,56126
1940;56146,56191,56280
194074;56325
1941;56340,56387,56448
1942;56501,56578,56674
1943;56735,56804,56912
1944;56989,57042,57089
1945;57166,57227,57280
1946;57306,57407,57480
1947;57565,57682,57815
194774;57868
1948;57881,57942,57982
1949;58107,58192,58295
194d00;58380
195;58395,58407,58419
1950;58437,58530,58577
1951;58694,58787,58883
1952;58976,59086,59147
1953;59200,59285,59346
1954;59383,59460,59528
1955;59629,59770,59871
1956;59951,60084,60138
1957;60239,60340,60425
1958;60498,60599,60715
1959;60800,60957,61088
196;61181,61225,61237
1960;61248,61317,61462
1961;61563,61712,61843
1961death;61992
1962;62010,62151,62252
1963;62361,62494,62619
1964;62699,62856,62986
1965;63127,63228,63365
1966;63482,63575,63652
1967;63739,63824,63912
1968;64021,64130,64201
1969;64286,64347,64478
197;64619,64639
1970;64650,64711,64796
1971;64929,65022,65159
1972;65300,65393,65494
1973;65602,65735,65804
1974;65912,66013,66128
1975;66277,66427,66608
1976;66733,66970,67083
1977;67192,67485,67623
1978;67780,67961,68064
1979;68245,68402,68491
198;68632,68644,68655
1980;68667,68784,68948
1981;69057,69190,69353
1982;69454,69555,69692
1983;69825,70078,70317
1984;70562,70759,71004
1985;71185,71390,71546
1986;71775,71988,72206
1987;72339,72512,72685
1988;72898,73087,73244
1989;73351,73550,73763
198993;73944
1989check;73958
199;73976,74004
1990;74014,74267,74486
1991;74643,74888,75065
1992;75254,75587,75738
199234;75919
1993;75934,76203,76403
1994;76656,76949,77197
199463;77370
1995;77385,77566,77776
1996;77917,78066,78247
1997;78396,78545,78723
1998;79024,79125,79252
1999;79409,79550,79735
19ea891l;80060
19th;80076,80113,80174
19yy;80186
1a;80204
1a477;80215
1ab;80229
1c;80241
1c39bb;80251
1d;80266
1d1;80276
1d2951;80288
1da;80303,80315
1dx;80327
1em;80339,80368
1f2f57;80380
1gp8svm;80394
1h;80410
1n;80421
1px;80432,80452
1r;80472,80499
1s;80510,80529
1st;80540,80792,81104
1stborn;81300
1u;81315
