80;0,1363,2528
800;3779,4135,4490
8000;4847,4884,4931
80000;4943
800000;4957,5004,5028
8000000;5049
80000674;5065
800066;5082
800080;5097,5249,5312
800122;5333
800163;5348
800182335;5363
80019;5381
80021;5403
800242696;5425
80027;5443
8002893329;5457
8003;5475
800346;5496
80039275;5511
800430;5527
80044;5542
800485;5556
8005;5571
800735;5584
8008;5599
800835;5620
800850;5635
800890685;5650
800px;5667
800th;5680,5702
801;5715,5759,5811
80101755;5856
801028;5873
801079;5888
801178;5903
801232935;5918
801239;5935
80125;5950
8014;5964,5977
801468;5989
80149;6004,6026
80152066;6040
801559;6056
80158;6071
801620;6085
8017;6100
80176;6113
80177049;6127
80177100;6143
8018;6159
801818;6172
801966665;6187
80199;6204
802;6226,6286,6328
8020;6396,6417
802086;6430
8021;6445
802101;6458
80214957;6473
80219;6489
80222;6503
802307;6517
802353;6532
80238;6547
80239;6561
802399;6575
80241;6590
80246;6604
80259;6618
80262;6632
8026335;6646
8028;6662
8029;6675
80291;6688
80299;6702
803;6716,6744,6783
8031;6803
8031540513;6816
8032;6834
803207;6846
80325;6861
80332;6874
803398;6888
80345;6903
803452;6917
8035;6932
80351;6945
80356;6959
80371;6973
8038;6987
803802;7000
803932;7015
804;7030,7058,7110
8040;7166
80401;7178
80402;7192
804092;7206
8041;7221
8042;7234
80423;7263
80424;7277
80430055;7291
80434;7307
80437;7321
804375;7335
80439;7350
804466;7363
804475;7378
804527;7393
804565;7408
804581;7423
8046;7438,7450
804649;7463
80465;7478
8047;7492,7505
804703;7517
804718;7532
804733;7547
804756;7562
80478;7577
8048;7591
804863;7604
804893;7619
8049;7634
804909;7653
80490923;7668
804955;7684
804970;7699
805;7714,7782,7826
8050;7857
805122;7870
80517;7885
80519;7899
805298;7913
805321;7928
805326;7943
80547;7958
805496;7971
805511;7986
805542;8001
80555;8016
805565;8030
805573;8045
805603;8060
80562401;8075
80564;8091
8056452274;8105
805672;8123
80569;8138
805740;8152
805779;8167
80578;8182
805794;8196
805817;8211
805855;8226
805862;8241
8059;8256
8059487;8269
80599;8285
806;8299,8343,8411
80606;8422
806084;8436
806099;8451
8061;8466,8479
80612;8491
80614;8504
8061466;8518
80615;8533
80616;8546
80617;8559
80618;8572
80619;8585,8599
8062;8612
80620;8625
806213;8639
80622;8654
80625;8668
80626;8682
80629;8696
80630;8710
806458;8724
8065;8739
80655;8752
806580;8766
80663;8781
80665;8795
806656;8809
806664;8824
8067;8839
806703805;8852
80675;8869
806763;8883
8067646623;8898
8068;8916,8929
806862;8958
806953;8973
80697;8988
807;9002,9030,9058
8070;9083,9096
807014;9117
807060;9132
807068;9147
8070742;9162
8071;9178
80715764;9191
80717;9207
807228;9221
807312;9236
807335;9251
807495;9266
8075;9281
807518;9294
807526;9309
807709;9324
807770;9339
807777;9354
8078;9369
807800;9382
807816;9397
807930;9412
80798401;9427
807th;9444
808;9457,9509,9561
808000;9586,9601,9616
808080;9630,9677,9707
808083;9746
8081;9761
808105;9774
808121;9789
80825406;9804
8083;9820,9841
808327;9853
80834639;9868
808395;9884
8085;9899
808502;9912
808540;9927
808556;9942
808578;9957
808594;9972
808723;9987
808800;10002
808823;10017
808868;10032
808891;10047
808c8e;10062
809;10076,10144,10220
80904;10265
8091;10279
809204;10292
80922;10307
809242;10321
809273;10336
8094;10351
809418;10372
809464;10387
809692;10402
809722;10417,10432
8097509742;10446
809784;10464
809814;10479
809891;10494
809898;10509
8099051714;10524
809952;10542
809966;10557
80a0ff;10571
80cc33;10585
80ff00;10599
80k;10613,10633
80px;10645,10819,10881
80th;10961,10998,11017
81;11062,11686,12475
810;13282,13335,13387
8100;13411,13424
810043;13436
81008499;13451
8101;13468
8102;13481
8102359;13494
8102593;13510
81029;13526
8103;13540
810417;13559
810448;13574
8105;13589,13602
8105062;13613
810532;13629
810616;13644
81065;13659
8108;13673
81089151;13686
8109;13703,13716
8109139204;13727
81094;13745
810989;13759
811;13774,13818,13870
811012;13916
81105;13931
8112;13945
81121719;13958
811279;13974
81141;13989
8115;14003
811656835;14015
811676;14032
811737;14047
8118;14062
811913;14081
811951;14096
812;14111,14163,14213
81200039;14257
81200045;14274
812057;14291
812061965;14306
8121714592;14324
8122;14342,14355
812248;14368
8123;14383
8123089671;14396
812454;14414
81246;14429
8125536442;14442
81256;14460
812564015;14474
812675;14491
8129;14506
813;14519,14579,14611
8130;14679
813034;14692
81306;14707
8131;14721
813171;14734
813202;14749
813292861;14764
8133;14781
813316;14802
813482207;14817
813497406;14834
813530756;14851
813532528;14868
813539068;14885
813539161;14902
813667;14919
81369;14934
813881;14948
813919;14963
814;14978,15038,15090
8140;15127
814041;15148
81409;15163
8141;15176
814194;15189
8143;15204
814346;15217
81452;15232
8145487309;15246
814590;15264
814613;15279
814690;15294
8147;15309,15322
81470847;15343
814728;15359
81473;15374
814804;15388
81484;15403
8148694634;15417
81488;15435
814911;15449
814d;15464
815;15476,15512,15586
815048;15662
815163;15677
81519;15692
815201;15706
815231;15721
815239;15736
81528;15751
8153;15765
815323;15778
815331;15793
815349;15808
815376;15823
815384;15838
815392;15853
815414;15868
8155;15883
81552;15904
8156;15918,15930
815666;15943
815674;15958
8157;15973
81570;15986
815704;16000
815773;16015
815804;16030
81581;16045
815819;16059
815826;16074
815887;16089
815918;16104
81593;16119
815948;16133
815964;16148
815994;16163
816;16178,16230,16290
8160;16329
816048;16342
816055;16357
816071;16372
816075;16387
8161;16408
816132;16420
816185;16435
8162;16450
81627;16463
816284;16477
816299;16492
816368;16507
81638;16522
816383;16536
8164;16551
816429;16564
816505;16579
816513;16594
81652745;16609
81652754;16625
816536;16641
816551;16656
8166;16671
816620;16684
816628;16699
81667;16714
8167;16728,16741
8167268;16753
816826;16768
816917;16783
817;16798,16834,16902
8170;16940
81700003;16953
817047;16970
81706;16985
81707;16999
817070;17013
8171269;17028
817139;17043
817177;17058
81717968;17073
817192;17089
81744;17104
817459;17118
8174896;17133
817551;17148
817581;17163
817612;17178
817642;17193
817657;17208
8177;17223
817703;17235
817719;17250
8178;17265
817863;17278
818;17293,17332,17376
818001;17396
818024;17411
818085;17426
818115;17441
818130;17456
81818;17471
818184;17485
8182;17500
818230;17513
818245;17528
81825912;17543
818260;17559
81827;17574
8184;17588,17601
8184230535;17613
8184230634;17632
818428;17651
818469;17666
818504;17680
81855;17695
818604;17709
818695;17724
818703;17739
818733;17754
818794;17769
818817;17784
8188331723;17799
8188582722;17817
818863;17836
818985;17851
819;17866,17894,17932
8190;17952
8190357936;17965
819153;17984
819234;17999
819252;18013
819275;18028
8192826509;18043
819313;18061
819321;18076
819427;18091
819443;18106
819511;18121
819534;18136
819565;18151
819593668;18166
819595;18183
819649;18198
819672;18213
819710;18228
8197111487;18243
819725;18261
819733;18276
819832;18291
819847;18306
819870;18321
819ff7;18336
81aa;18351
81ke;18364
81n;18376
81st;18387,18416
82;18442,19053,19835
820;20546,20574,20606
8200;20682
82001244;20695
8200211169;20712
820045;20730
82009;20745
820091;20759
8201;20774
820122;20787
820152;20802
820274;20817
8203;20832
820389;20845
82047;20860
8204809;20874
8205;20890
820511;20902
820518;20917
820549;20932
820610;20947
820625;20962
820641;20977
820671;20992
820679;21007
820732;21022
820793;21037
820831;21052
82085;21067
820900;21081
82092246;21096
820953;21112
820969;21127
820984;21142
821;21157,21201,21226
821053;21262
821091;21277
821121;21292
8212;21307,21320
821236;21341
821304;21356
821370;21371
821411;21386
821548;21401
821625;21416
821632;21431
821659;21446
821678;21461
821693;21476
821709;21491
821716;21506
821763;21521
8218;21536
821808;21549
821815;21564
821831;21579
821846;21594
821899;21609
821915;21624
822;21639,21699,21758
822029;21818
822090;21833
822105;21848
822113;21863
82211949;21878
822121;21894
822144;21909
822250;21924
822304;21939
82232;21954
8223899;21968
822426;21984
822441;21999
822456;22014
822487;22029
8225;22044
822502;22057
82251;22072
822527;22086
822540;22101
822617;22116
822678;22131
8228;22146
82280;22159
822884;22173
82289;22188
822914;22201
822952;22216
82296;22231
822968;22245
822975;22260
823;22275,22319,22355
823051;22393
823059;22408
823090;22423
823105;22438
823120;22453
82321;22468
8232125;22482
823219;22497
823256;22512
823265;22527
823273;22542
823303;22557
823318;22572
823441;22587
82346;22602
823479;22616
82350907;22631
823555;22647
823557;22662
823563;22677
82361621;22692
82362;22708
823631;22722
823639;22737
823708;22752
823715;22767
823761;22782
8238;22797
823822;22809
823860;22824
823868;22839
82387;22854
823875;22868
82391;22883
823921;22897
823982;22912
824;22927,22951,22987
824051;22999
824059;23014
824066;23029
824089;23044
824120;23059
824127;23074
824165;23089
8242;23104
824219;23116
824242;23131
8242655993;23146
8243;23164
824303;23176
8243414;23191
824394;23207
824471;23222
82455;23237
824600;23251
824640;23266
8247;23281
824738;23294
824768;23309
82477;23324
824837;23338
82486;23353
824936541;23367
825;23384,23396,23464
8250;23481,23494
825005;23505
82502;23520
8250379;23534
82507;23550
8251;23564
825134;23577
82516;23592
825165;23606
825180;23621
8252;23636
825218;23649
8252471;23664
82531;23679
825348;23693
825371;23708
8254;23723
82544;23736
825445574;23750
82547;23767
825485;23781
825500;23796
825539;23811
82555;23826
82556;23840
825600;23854
825638;23869
82568;23884
825691;23898
825706;23913
825737;23928
82577;23943
825790;23957
825867;23972
825905;23987
825920;24002
826;24017,24053,24112
8260;24148
826027;24161
82611;24176
826111;24190
826118;24205
82612;24220
826126;24234
826149;24249
826164;24264
826187;24279
8262;24294
826218;24307
826286;24322
826294;24337
82634;24352
826370;24366
8264;24381
826530;24410
826584;24425
826614;24440
826622;24455
826636;24470
826660;24485
82666349;24500
8267;24516
826729;24529
826797;24544
826866;24559
826874;24574
826897;24589
8269;24604
827;24617,24645,24665
827065;24710
82714224;24725
827156;24742
827171;24757
827286;24772
8273;24787
827301;24800
82732552;24815
827446;24832
82748;24847
827553;24861
8276035786;24876
827621;24894
827705;24909
827736;24924
827751;24939
82785;24954
82795;24968
827988;24982
828;24997,25049,25094
828117;25186
828171;25201
828201;25216
828217;25231
828278;25246
82828;25261
828316;25275
828339;25290
828368;25305
828369;25320
8284;25335
82843;25356
828445;25370
828468;25385
828484;25400
828568;25415
8285728;25430
8285730;25445
828583;25460
8286;25475
828629;25488
828651;25503
8286819;25518
8286826;25533
828804;25548
8288182;25563
828819;25578
82883;25593
828857;25607
828865;25622
828911;25637
82896;25652
829;25666,25678,25706
8290;25737
8291;25750
82913;25763
82923;25777
829239;25791
829247;25806
82926;25821
82927;25835
829285;25849
8293;25864
8293051;25877
829361;25892
829414;25907
829498;25922
8295;25937
829521;25950
829529;25965
82966;25980
829681;25994
829689;26009
829720;26024
82988;26039
8299;26053
829994;26065
82d;26080
82nd;26092,26105,26118
82wg;26137
83;26150,26775,27583
830;28283,28383,28427
8300;28519,28532
830002;28545
83002159;28560
8301;28575
830101;28595
830185;28610
830208;28625
8302353;28640
830261;28655
830269;28670
830292;28685
830300665;28700
830338;28717
83042;28732
8304701;28746
8304708;28761
8305;28776
830505;28789
8305120;28804
8305126;28819
8306112;28834
830635;28850
83066;28865
830719;28879
830780;28894
8308772;28909
8308774;28925
8309572339;28941
831;28959,28995,29020
83100013;29072
831055;29089
831078;29104
831093;29119
831123;29134
831146;29149
831169;29164
83119;29179
8312124014;29193
8313174248;29211
831345;29229
8314240;29244
831482;29260
831497;29275
831596;29290
8317;29305
8317007;29318
831807;29333
8319;29348
832;29361,29381,29412
83200023;29480
83200064;29497
83200112;29514
83200120;29531
83200168;29548
83200210;29565
832069;29582
8322;29597
832222;29610
832397;29625
832489;29640
83253;29655
832611;29669
832672;29684
832893;29699
83291;29714
833;29727,29747,29783
833038;29821
8330851197;29836
833199;29854
83324588;29869
833333;29885,29900,29915
8333626;29929
833412;29945
833427;29960
833435;29975
83348;29990
833519;30003
8336;30018
833763;30031
833778;30046
833801;30061
834;30076,30104,30140
834045;30179
8340927;30194
8340929;30210
8340985;30226
8340986;30242
834129;30258
83413;30273
834145;30287
834152;30302
834190;30317
834194;30332
834221;30347
8342345;30362
8342350;30378
834236;30394
8342390;30409
8342394;30425
834251;30441
83426;30456
834267;30470
834297;30485
834328;30500
834366;30515
834396;30530
834419;30545
834435;30560
834450;30575
8344529;30590
8344531;30606
834480;30622
834488;30637
834503;30652
8345252;30667
8345258;30683
8345445991;30699
83455;30717
834595;30731
834625;30746
83465457;30761
834671;30777
834755;30792
834763;30807
834785;30822
834801;30837
83481312;30852
834839;30868
8349;30883
834923;30896
834th;30911
835;30925,30970,30998
835159;31034
835182;31049
835213;31064
835243;31079
835266;31094
83527;31109
8353;31123
835350;31144
835419;31159
835480;31174
83553;31189
835571;31203
8356;31218
83561;31231
835625;31245
835632;31260
835686;31275
835693;31290
835701;31305
835709;31320
835716;31335
835724;31350
8357590;31365
8357592;31381
83576;31397
835762;31411
83579;31426
835831;31440
83586;31455
83591;31469
835930;31483
8359869;31498
835999;31514
836;31529,31581,31617
836006;31641
8361;31656,31669
836182;31690
836243;31705
836266;31720
836281;31735
836322665;31750
8363229;31767
8363231;31783
8363505;31799
8363507;31815
8364;31831
836464;31844
8366;31859
836678;31872
8366881;31887
836868;31903
836929;31918
836943;31933
836975;31948
837;31963,31999,32051
83703;32076
8371;32090,32103
837112;32124
83716613;32139
837212;32155
837280;32170
8373;32185
837357;32198
83737;32213
837379;32226
8374;32241
837402;32254
837448;32269
837456;32284
837463;32299
837494;32314
837532;32329
837585;32344
83766;32359
837677;32372
837685;32387
837700;32402
837746;32417
837761;32432
8377884626;32447
837791;32465
837807;32480
837883;32495
8379;32510,32523
837906;32536
8379245996;32551
8379499316;32569
837975;32587
837990;32602
838;32617,32669,32705
838036;32729
838081;32744
838104;32759
838112;32774
838120;32789
838135;32804
838142;32819
838181;32834
838196;32849
8382;32864
8383;32885
838333;32898
838341;32913
8383525;32928
838432;32943
8385192253;32958
838539;32977
838562;32992
838608;33007
83863;33022
838745;33036
838753;33051
83877;33066
8388;33080
838806;33093
838829;33108
83883;33123
838852;33137
8389;33152
838a;33165
839;33178,33230,33266
8390;33312
839035;33325
8391307;33340
839167;33355
839294;33370
8393;33385
839317;33398
839363;33413
839394;33428
8394;33443
839424;33456
8394418;33471
8394807;33487
839493;33503
83950126;33518
83954;33534
839661;33548
8397;33563
839790;33576
83981;33591
83984;33605
83985;33619
839890;33633
839943;33648
839989;33663
83rd;33678,33699,33712
84;33730,34333,35099
840;35929,35965,35989
84000;36041
84002195;36055
8400kj;36072
8401;36087
8402;36099
840225;36112
8403;36127
840309;36140
840372;36155
840401;36170
840424;36185
840492;36200
840538;36215
840546;36230
8405756354;36245
840622;36263
840637;36278
840691;36293
84071;36308
840714;36322
840729;36337
840790;36352
840805;36367
840813;36382
84083;36397
840851;36411
840866;36426
840897;36441
8409;36456
840919;36469
84093;36484
841;36498,36518,36578
841034;36596
841087;36611
841103;36626
841111;36641
841125;36656
841156;36671
841225;36686
841270;36701
84135;36716
841389;36730,36745
8414180279;36760
8414196968;36778
84143;36796
841431;36809
84144;36824
841446;36838
84149;36853
841522;36867
84165;36882
841675;36896
84168;36911
841759;36925
841766;36940
8418;36955
841818;36968
841835;36983
841888;36998
84196;37013
842;37027,37055,37107
8420;37145,37158
84200034;37170
84200142;37187
84200150;37204
84200151;37221
84201142;37238
842049;37255
842079;37270
842087;37285
842094;37300
842125;37315
842194;37330
842209;37345
842247;37360
842255;37375
8423;37390
842300;37403
842346;37418
842377;37433
842384;37448
842392;37463
842415;37478
842422;37493
84244628;37508
84248;37525
842484;37539
8425;37554
842514;37567
842522;37582
842598;37597
842690;37612
842720;37627
842758;37642
84277;37657
842781;37671
842819;37686
84283;37701
842865;37715
842873;37730
8429;37745
842942955;37758
842972;37775
842995;37790
843;37805,37841,37901
8430;37925
843063;37937
8431342;37952
843193;37967
843208;37982
84328;37997
8433;38011
843338;38024
84334;38039
843407;38053
84343;38068
843445;38082
843475;38097
843506;38112
84351;38127
843513;38141
843544;38156
843651;38171
84381;38186
843834;38200
843857;38215
843910;38230
843948;38245
844;38260,38288,38320
844002;38364
8440400285;38379
844048;38398
844086;38413
844139;38428
844167;38443
844254;38458
84431;38473
844315;38487
84433;38502
844383;38515
844406;38530
844467;38545
844551;38560
844589;38575
844612;38590
844666;38605
844673;38620
84468;38635
844757;38649
844765;38664
844810;38679
844833;38694
84487;38709
8448786;38723
8448788;38738
844879;38753
844894;38768
8449170;38783
845;38799,38811,38863
8450;38907
845062;38920
845085;38935
84511;38950
845154;38964
84521;38979
845215;38993
84524;39008
845261;39022
84527;39037
845291;39051
845299;39066
845360;39081
845383;39096
845398;39111
8454193473;39126
845467;39144
845505;39159
845543;39174
845566;39189
845581;39204
845612;39219
845627;39234
84564;39249
845650;39263
84571;39278
845711;39292
845764;39307
845802;39322
8459;39337
846;39350,39380,39416
8460415;39476
846046;39492
84615;39507
846184;39522
8462;39537
846207;39558
84628;39573
8463;39587
84633;39600
8463536;39614
846466;39629
846497;39644
8465;39659,39671
84650439;39684
846519;39700
84653;39715
8466;39729
846603;39742
846680;39757
8467908961;39772
8467d7;39791
8468;39805
84684;39818
846840;39832
846916;39847
846992;39862
846th;39877
847;39889,39917,39993
847046;40004
847137;40019
847145;40034
847176;40049
84719;40064
84726042;40078
8473098278;40094
84733;40112
847389;40126
847488;40141
847504;40156
84750998;40171
847610;40187
847641;40202
84767;40217
8477;40231
847733;40244
847748;40259
8478294611;40274
84784;40292
84796;40306
848;40320,40372,40424
848000;40449
848007;40464
848045;40479
848053;40494
848076;40509
8481090034;40524
848129;40543
848137;40558
84825397;40573
84826;40589
8482907414;40603
84832;40621
84834;40635
848351;40649
84836;40664
848373;40678
8484;40693
84844;40706
848465;40720
848482;40735,40750
848484;40764,40787
848541;40801
84861;40816
848610;40830
848618;40845
848648;40860
84867;40875
8487309;40889
848740;40904
848755;40919
8487790;40934
848785;40949
848793;40964
8488041162;40979
848816;40997
8488692;41012
849;41027,41063,41099
8490;41117
849083;41130
8491719365;41145
849190;41163
849250315;41178
8493;41195,41208
849327;41221
8493789;41236
849480;41251
84963;41266
849632;41280
8496549;41295
84976;41311
849854;41325
849915;41340
849930;41355
84th;41370,41415,41444
85;41463,42555,43462
850;44459,44551,44635
8500;44701,44720
85000;44741
850060;44755
850151;44770
850159;44785
850212;44800
850235;44815
85024;44830
850243;44844
85028;44859
85032;44873
850395;44887
850403;44902
85043;44917
85045;44931
850471;44945
8505;44960
850533;44972
8506;44987
850639;45008
850655;45023
850662;45038
85067;45053
850792;45067
850800;45082
850929;45097
85097;45112
8509733;45126
850983;45141
851;45156,45192,45236
851006;45254
8510178924;45269
851028;45287
851082;45302
851143;45317
851173;45332
851196;45347
8512034416;45362
851212;45380
851318;45395
851326;45410
8515767;45425
851585;45441
8516;45456
851662;45469
851677;45484
851692;45499
851837;45514
851944;45529
852;45544,45604,45672
85209;45696
85213473;45710
852158;45727
852188;45742
852257;45757
85229;45772
852310;45786
85233;45801
852348;45815
85235;45830
85241;45844
852470;45857
852478;45872
852493;45887
852501;45902
852509;45917
852531;45932
85255;45947
8525593;45961
85261;45976
852638;45990
85269;46005
8526992202;46019
852781;46037
852783;46052
852852;46067
852867;46082
85287;46097
852905;46111
85296;46126
853;46148,46184,46228
8530;46274
853012;46295
853058;46310
853081;46325
853180;46340
853203;46355
85321;46370
853279;46384
853287;46399
853401;46414
853519;46429
853546;46444
853607;46459
85361733;46474
853653;46491
85367;46506
853691;46520
853836;46535
853844;46550
85388231;46565
853991;46581
854;46596,46642,46670
85404;46730
854050;46744
85409;46759
854095;46773
85415;46788
85427;46802
854279;46816
85428;46831
8543;46845
854325;46858
854538;46873
854660;46888
8547;46903
85475;46916
85488;46930
855;46944,46972,47040
85504;47092
855049;47106
85510;47121
85511;47135
85513;47149
8551574;47162
855246;47178
85535;47193,47207
855370;47220
8554;47235
855431;47248
8554616;47263
85559;47279
855659;47293
85573;47308
855789;47322
8558;47337
85581;47350
855865;47364
855896;47379
85591471;47394
855957;47410
855961;47425
85598;47440
856;47454,47490,47558
8560;47603
856016;47616
856041;47631
85605;47646
856071;47660
856102;47675
85617;47690
8562;47704
856209;47717
85634;47732
8563nc9787;47746
8564;47765
85649;47778
856575;47792
8566363;47807
85665;47823
8566500;47837
85668;47885,47899
8567;47919
85681;47932
856812;47946
856873;47961
857;47976,48052,48120
8570683;48158
85709;48173
8571;48187
857109;48199
857121;48214
85714;48229
857155;48243
857338;48258
8574;48273
857430;48286
857483;48301
857506;48316
85751;48331
85753;48345
857567;48359
85760;48374
857651;48388
857689;48403
857719;48418
85775;48433
857758;48447
85777;48462
8578;48476
85780;48489
857864;48503
857931838;48518
857932730;48535
857971;48552
858;48567,48611,48639
8580;48663
85802;48676
8581;48690,48703
858185;48715
85819;48730
858200;48744
85822;48759
85824;48773
858246;48787
858276;48802
85831;48817
858376;48831
8584;48846
858437;48859
858444;48874
858475;48889
858490;48904
85850;48919
858543;48933
85858;48948
858582;48962
8586;48977,48990
8586006;49002
85864;49018
85873;49032
858742;49046
858772;49061
85882;49076
858826;49089
85885;49104
85886;49118
858887;49132
85892;49147
859;49161,49190,49218
85900;49249
859039;49263
859062;49278
859093;49293
859116;49308
859123;49323
859138;49338
859161;49353
85918;49368
8592;49382
859215;49395
85928;49410
859283;49424
859291;49439
85932;49454
859360;49468
85941;49483
859413;49497
859421;49512
859482;49527
859512;49542
859550;49557
85964;49572
859688;49586
8597406745;49601
859764;49619
8599;49634
859905;49646
85992;49661
85996;49675
859970;49689
859978;49704
85999;49719
85a2dd;49733
85px;49748,49787,49833
85th;49845,49914
86;49927,50512,51281
860;51964,51993,52038
8600;52082
860023;52095
86005;52110
860054;52124
860077;52139
860100;52154
860161;52169
860191;52184
860260;52199
860268;52214
860298;52229
860321;52244
860413;52259
860474;52274
8604797;52289
8605;52305
860535;52318
860542;52333
860596;52348
860619;52363
86062;52378
860626;52392
860641;52407
860680;52422
86078;52437
8608591557;52451
860924;52469
86093;52484
861;52498,52527,52587
861122;52618
861206;52633
861213;52648
861374;52663
8614;52678
86148366;52690
86149;52707
8615;52721
86153;52734
8616;52748
86165836;52761
861702;52778
86176;52793
861847;52807
861870;52822
861929775;52837
86197;52854
862;52868,52912,52943
86200073;52995
86205;53012
8621;53026
862122;53039
8621605635;53054
862228;53072
862244;53087
862556;53102
862648;53117
862663;53132
862717;53147
86272;53162
86274;53176
8628;53190
863;53203,53240,53265
8630290627;53293
863098;53311
863121;53326
8632;53341
86323;53354
86325;53368
8633272648;53381
8635;53399
86355;53412
863625;53425
863701;53440
86373;53455
863731;53469
863785;53484
86380;53499
863815;53513
86383;53528
863831;53542
86386;53557
863869;53571
863892;53586
863914;53601
863930;53616
863960;53631
863983;53646
863e;53661
864;53673,53737,53762
86400;53790,53804
864021;53818
864067;53833
864113;53848
864136;53863
864204;53878
864220;53893
864265;53908
864288;53923
864357;53938
864365;53953
864388;53968
864410;53983
864426;53998
86444;54013
864441;54027
864449;54042
86446;54057
864464;54070
864471;54085
864479;54100
864517;54115
864548;54130
864601;54145
864670;54160
864685;54175
8647;54190
864700;54203
864731;54217
864769;54232
86478;54247
86490;54261
864929;54275
865;54290,54318,54394
86514;54426
86518;54440
86525;54454,54468
865265;54481
86529;54496,54510
86530;54524
865372;54538
865395;54553
8654;54568
865517;54581
865623;54596
86566753;54611
8657;54628
865761;54641
8658;54656
86592;54669
865952;54682
865965;54697
866;54712,54780,54816
866127;54875
86619560;54890
8662;54915
866219;54928
866234;54943
866257;54958
866280;54973
866310;54988
866348;55003
866379;55018
8664;55033,55046
866425;55059
866493;55074
866570;55089
86659253;55104
866600;55120
866667;55135
866684;55150
866745;55165
866821;55180
8668777;55195
866920;55211
866944;55226
866959;55241
867;55256,55292,55336
867043;55375
867119;55390
867149;55405
867241;55420
86725;55435
867325;55449
8673328161;55464
867409;55482
867416;55497
867424;55512
867439;55527
867470;55542
8675;55557
867554;55570
8675758243;55585
867638;55603
867653;55618
867767;55633
867813;55648
867897;55663
867943;55678
868;55693,55761,55789
868073;55807
868088;55822
868118;55837
868164;55852
8681880;55867
868217;55883
868248;55898
868256;55913
868279;55928
868286;55943
86830562;55958
868309;55974
8685;55989
868568;56002
8686;56017
868698;56030
868774;56045
868904;56060
869;56075,56127,56187
869133;56232
869217;56247
86930;56262
869347;56276
86957204;56291
869706;56307
8698;56322
86981;56335
869896;56349
8699;56364
869904;56376
869949;56391
86a;56406
86d;56417
86e;56429
86final;56441
86px;56457
86th;56470,56491,56520
87;56532,57064,57812
870;58671,58707,58775
870079;58862
870109397;58877
87011;58894
870110279;58907
870125;58924
870140;58939
87016;58954
8702082038;58967
87021;58985
87023592;58999
870270;59015
8703;59030
87031;59043
87033;59057
870369;59071
870483;59086
8705;59101
87057;59114
870659;59127
870705;59142
870758;59157
870781;59172
870918;59187
87094;59210
870941;59224
870972;59239
871;59254,59282,59328
8710;59388
871109;59400
87111;59415
8711368442;59429
8711899519;59447
871201;59465
871284;59480
871315;59495
871445;59510
871468;59525
871521;59540
871544;59555
8716;59570
87169;59583
87170;59597
871712;59611
871719;59626
87182;59641
871902;59655
872;59670,59682,59758
8720;59816
87200;59829
87200713;59843
872070;59859
87208;59874
8721169;59888
872284;59910
872337;59925
872337790;59940
872520;59958
872536;59973
872581;59988
8726;60003
872612;60016
872635;60031
872688;60046
872765;60061
8728690147;60076
872871;60094
873;60109,60137,60189
8731;60239
8731175397;60252
873177;60271
873306;60286
873322;60301
873344;60316
873375;60331
87339;60346
873390;60360
8734;60375
873444;60387
873451;60402
87349;60417
873528;60431
873543;60446
873611;60461
873627;60476
873665;60491
873688;60506
873692;60521
87369591;60536
8737;60552
873711;60564
873779;60579
873795;60594
873810;60609
873901;60624
873924;60639
874;60654,60730,60790
874084;60829
874092;60844
874105;60859
874115;60874
874146;60889
874153;60904
874161;60919
87417;60934
874245;60948
874275;60963
874306;60978
8744;60993
874428;61006
874435;61021
874672;61036
8747;61051
874739;61072
874916;61087
874981;61102
875;61117,61161,61199
875084;61243
875214;61258
875299;61273
875305;61288
875328;61303
875343;61318
875351;61333
875381;61348
875389;61363
875404;61378
875420;61393
875450;61408
875465;61423
875481;61438
875488;61453
875504;61468
875534;61483
875557;61498
875580;61513
875641;61528
875656;61543
875671;61558
8757;61573
875755;61585
8758;61600
87584;61613
875885;61627
875931;61642
875938;61657
876;61672,61732,61776
8760;61807
876091;61820
8761627078;61835
876167;61853
8762;61868
876209495;61881
876213;61898
8762512803;61913
876297;61931
8763;61946
876389;61959
876419;61974
876434;61989
876450;62004
876472;62019
876480;62034
876495;62049
876503;62064
876587;62079
876595;62094
876610;62109
876678;62124
876694;62139
876709;62154
876717;62169
876793;62184
876801;62199
876839;62214
876892;62229
876930;62244
876961;62259
876968;62274
876976;62289
877;62304,62332,62384
877022;62402
877045;62417
877159;62432
87717098;62447
877182;62463
8772;62478
877205;62499
877243;62514
877251;62529
87727;62544
877373;62558
87738466;62573
87743;62589
877434;62603
87746926;62618
8775;62635
8775500;62648
8775829673;62670
877617;62688
877640;62703
877701;62718
877731;62733
877747;62748
877762;62763
877777;62778
877815;62793
87796;62808
877960;62822
8779dd;62837,62852,62875
878;62890,62926,62978
878021;63009
878181;63024
878183;63039
878227;63054
878273;63069
878288;63084
878333;63099
878471;63114
878510;63129
87855;63144
878586;63158
878654;63173
8787720203;63188
878807;63206
878891;63221
878899;63236
878929;63251
87893;63266
878944;63280
8789597154;63295
879;63313,63341,63369
879066;63401
879074;63416
879148365;63431
879150;63448
8792;63463
879295;63476
87930;63491
879326;63505
879364;63520
879387;63535
879478;63550
879486;63565
879501;63580
879517;63595
879532;63610
879583;63625
879585;63639
879593;63654
8796;63669
879637301;63682
879684;63699
879700;63714
879784;63729
879799;63744
879807;63759
879815;63774
87995386;63789
879981;63805
87a96b;63820
87ceeb;63834
87d;63849
87dcbb;63861
87fa;63876
87r;63888
87th;63900,63921,63940
88;63961,64436,65194
880;66010,66078,66162
8800;66193
880005;66206
880043;66221
880127;66236
880219;66251
8802458048;66266
880295;66284
88033;66299
880402;66313
880417;66328
88043612;66343
88048;66359
8804920;66373
880573;66430
880592;66445
880600;66460
880692;66475
8807;66490
880943;66503
880c;66518
881;66530,66574,66650
881027;66674
88109;66689
881104;66703
881142;66718
881187;66733
881241;66748
881248;66763
881287;66778
881294;66793
881310;66808
881348;66823
881363;66838
881371;66853
881424;66868
881470;66883
8815;66898,66911
881531;66924
881538;66939
881561;66954
881577;66969
881622;66984
881638;66999
881668;67014
881676;67029
881714;67044
881752;67059
881775;67074
881805;67089
881844;67104
88191761;67119,67136
881943;67153
881958;67168
881966;67183
881973;67198
88199;67213
881c1c;67227
882;67242,67278,67316
8821;67344,67357
882141;67370
882179;67385
882217;67400
882222294;67415
882225;67433
88228;67448
8823;67462
882332;67475
88234;67490
882370;67504
882401;67519
882462;67534
882469;67549
88266;67564
8827;67578
88275;67591
882751;67605
882778;67620
882797;67635
882874;67650
882912;67665
882950;67680
882973;67695
882988;67710
883;67725,67761,67805
883033515;67837
883041;67854
883064;67869
88309;67884
883095;67898
88313;67913
883141;67927
883171;67942
883186;67957
883209;67972
883240;67987
883286;68002
88329;68017
8833;68031
88331723;68052
88333;68068
883331;68082
883354;68097
88338;68112
883453;68126
8835;68141
883514;68154
88352;68169
88354;68183
883575;68197
883591;68212
883621;68227
883629;68242
883659;68257
883675;68272
883705;68287
8837088965;68302
883736;68321
883743;68336
883759;68351
88377;68366
883774;68379
883840;68394
883965;68409
884;68424,68468,68488
884026;68527
884109;68542
884125;68557
88424;68572
884254;68586
884277;68601
884293;68616
884361;68631
884422;68646
884430;68661
884438;68676
884460;68691
88452;68706
884552;68720
884560;68735
884575;68750
884621;68765
884674;68780
884705;68795
88472;68810
884735;68823
884766;68838
884789;68853
8848;68868
884804;68881
88489799;68896
884903;68913
884933;68928
88495;68943
885;68957,68969,69037
885109;69075
885162;69090
885201;69105
8854;69120
885437;69133
885445;69148
885506;69163
885513;69178
8856;69193
8857206455;69206
8857235639;69225
885788;69244
885834;69259
885849;69274
8859;69289
886;69302,69346,69378
886000;69414
886017;69429
8860731844;69444
8862;69462
886238;69475
886314;69490
886322;69505
886337;69520
886368;69535
8863881707;69550
8864130170;69569
886414;69588
8864485025;69603
886475;69621
886581;69636
886612;69651
886699;69666,69697
88692;69719
88692522;69733
886932;69749
886948;69764
886976;69779
887;69793,69829,69854
88706;69898
8872;69912
88721;69924
887275;69937
887772;69951
887794;69966
8878;69981
887825;70002
8879;70017
887901;70030
8879115490;70045
887947;70064
887993;70079
888;70094,70130,70166
88802;70219
888036;70233
888046;70248
888222;70263
888321;70278
888382;70293
888479;70308
888489;70322
8885;70337
888672;70350
888680;70365
888741;70380
888800;70395,70451,70499
88880253;70562
888888;70578,70617,70649
8888aa;70683
888931;70706
889;70721,70749,70801
8890;70847
889000;70860
889053;70875
88905609;70890
889069;70906
8891;70921
88914;70934
88916078;70948
889175;70964
88922;70979
889244;70993
889305;71008
889336;71023
8894;71038
88942313;71051
889450;71067
889473;71082
88952613;71097
889546;71113
889557;71128
889648;71143
889702;71158
88973;71173
88979;71187
8898;71201
889954;71214
889969;71229
889th;71244
88a;71257
88a4c7;71269
88b;71284,71296
88c;71306
88d6;71317
88f;71330,71358
88miso;71389
88px;71412
88th;71425,71454
89;71480,71921,72730
890;73615,73651,73679
890091;73745
890099;73760
89012;73775
890129;73789
89018;73804
89019;73818
890343;73832
890350;73847
89036;73862
890366;73876
890388;73891
890450;73906
890472;73921
890480;73936
890518;73951
890587;73966
890648;73981
890739;73996
8908;74011
890808;74023
890831;74038
890938;74053
890968;74068
890b;74083
891;74096,74156,74200
891029;74225
8911;74240
891278;74252
891289;74266
891389;74281
891518;74296
891617;74311
89168;74326
8917;74340
891771;74353
8918;74368
8918649554;74380
892;74398,74450,74502
892128;74527
892220;74542
89223914;74557
892242;74573
892258;74588
892319;74603
8924609;74618
8925223;74633
892532;74648
892647;74663
892723;74678
892740798;74693
892815;74711
8929818;74726
893;74742,74794,74830
8930;74862
893005;74875
893105;74890
893326;74905
8933306932;74920
89342;74938
893456;74952
893478;74967
8935293;74981
893536;74996
893549335;75011
893566925;75029
893631;75047
893692;75062
8937298059;75077
893802;75095
8938396;75110
893905364;75125
893905749;75143
893967;75161
893f45;75184
894;75199,75227,75279
8941926;75324
8942;75339
89425;75351
89428;75365
8943;75379
894318;75392
894440;75407
894444;75430
894646;75445
8948;75460
89480925;75472
894836;75488
894852;75503
894856;75518
8949;75533
894958;75546
894974;75561
894997;75576
895;75591,75635,75663
8952095509;75709
89521134;75727
895278;75744
895332;75759
895355;75774
895485;75789
895584;75804
8955861;75819
89563747;75834
89566;75851
895790;75865
895882;75880
896;75895,75907,75951
89600;76010
89603;76024
896080;76046
89609;76061
896111;76075
89612;76090
89622998;76104
896233;76120
896278;76135
8963;76150
8964;76163
896683;76175
896790;76190
896851;76205
896858;76220
8969;76235
896904;76247
896912;76262
897;76277,76297,76325
8970;76343
897118;76356
897141;76371
897176;76386
89720;76401
89721274;76415
897247;76431
89727;76446
897285;76459
897308;76474
8974;76489
8975;76502
897560;76515
89757;76530
897591;76544
897598;76559
89760;76574
897652;76587
897980;76602
898;76617,76645,76673
898056;76712
898064;76727
898079;76742
8981;76757
89815;76770
89820;76784
898281;76798
898529;76821
8986443;76836
898666;76852
89870;76867
89874;76881
898941;76895
899;76910,76946,76974
89913;77012
899216;77026
89936745;77041
899529;77057
89963;77072
899697;77086
899773;77100
899788;77115
89978981;77130
899803;77146
899857;77161
8998934;77176
8999;77191
899902;77204
899948;77219
89c;77234
89cff0;77246
89th;77262,77291,77320
8a;77332,77351,77378
8a2be2;77402,77417
8a935201;77433
8a95c9;77449
8ab8e6;77472
8b;77487,77498,77517
8b0000;77527,77542,77558
8b008b;77571,77586
8b0a50;77600,77615
8b3c;77630
8b4513;77642,77657
8bbf;77672
8bit;77684
8c;77697,77708,77732
8c2633;77744
8c67;77759
8cbed6;77771,77794
8d;77808
8d38c9;77818
8d51;77832
8d98;77845
8dp;77858
8e519637;77869
8e8e8;77885
8em;77899,77961,78024
8ex;78063,78075,78107
8f;78191
8f5902;78234,78257
8fbf7b;78271
8h;78286
8hr;78297
8i;78309
8ish;78319
8p;78331
8pt;78341,78393,78413
8px;78444,78536,78567
8s;78654
8th;78673,79133,79469
8unsourc;79746
8v;79763,79774
8vo;79785
8x8;79796
