40;0,299,523
400;687,739,813
4000;873,886,899
40007;911
40032;924
4004;938
400gt;951
401;965,977
402;995,1007,1027
40293;1045
403;1059,1071
404;1091,1111,1123
40417;1140
4043;1154
40478;1166
405;1180,1192
4051;1204
406;1217,1229,1249
407;1260
408;1272,1284
40887;1295
409;1309,1321
4094;1332
4098;1345,1358
40k;1371
40releas;1383
40th;1400,1421,1450
40thbday;1476
40yr;1493
41;1506,1645,1736
410;1809,1821
4100;1841
4107;1854
4108;1867
411;1880
4110;1892
411208;1904
412;1917
4120;1929
4120sum;1942
412214;1958
413;1973,2001
4130;2033
4132;2046
414;2059,2071,2099
4141;2131
41410;2144
4147;2158
415;2171,2199
416;2210
4167;2222
4167sum;2235
41688;2251
417;2265,2277,2297
41748;2308
4175;2322
41794;2335
418;2348
419;2360
41a;2371
41f;2382
41pm;2394
42;2407,2522,2646
420;2732
421;2743,2755
42128;2783
4214;2797,2818
42151;2831
422;2845,2857,2869
423;2880
42302;2900
424;2913
425;2933,2961
4258;2973
426;2986
42623;2997
427;3011,3031,3043
4270;3054
428;3066,3078,3090
4283;3101
429;3114,3126,3138
42nd;3148,3177,3190
43;3202,3269,3355
430;3455,3475,3487
430286;3504
43045;3519
431;3533,3553,3565
43189;3576
432;3590,3618
43252;3629
432864;3642
433;3657,3669
435;3681
4358939;3692
436;3708,3728
43689;3748
437;3762,3798,3818
437311348;3829
437339;3846
437744;3861
438;3875,3895
4386;3906
438955;3919
439;3934,3954
4392;3972
43rd;3985,4014
44;4026,4133,4220
440;4343,4355,4367
4400;4392,4405
44055;4417
440pp;4431
441;4445
442;4456,4468
443;4478
4430;4489
444;4502
44400;4522
4443007;4536
44448210;4552
445;4568,4580
4450;4600
445582;4613
446;4628,4640,4660
447;4671,4699,4727
448;4745,4757
4486;4777
4486sum;4790
4487;4806
4487gop;4819
4487sum;4835
4499;4852
449f;4865
44th;4877,4898
45;4917,5040,5138
450;5358
4507;5386
451;5399,5411
4515;5423
452;5435,5463,5483
45262;5494
453;5508
45348;5525
4539;5538
45412;5551
45448;5565
455;5585
4556;5597
45589;5609
4559;5622
456;5635
45632229;5655
45681;5671
457;5685,5713,5730
458;5742
4589;5762
459;5775
4599;5787
45am;5799
45cat;5812
45world;5832
46;5847,5946,6047
460;6154,6174
461;6185,6197,6225
46146;6236
462;6249,6269
46255;6280,6294
463;6307
464;6319,6339
465;6350,6362
4653;6382
4662;6394
467;6407,6419
467408;6430
467409;6445
467519;6460
467533;6475
467581;6490
4676;6505
467674;6517
467819;6532
467838;6547
467861;6562
467911;6577
467948;6592
468016;6607
468019;6622
468037;6637
468226;6652
468463;6667
468763;6682
468835;6697
468873;6712
468952;6727
469;6742
469007;6754
46th;6769
47;6781,6912,6992
4704;7099
470927;7112
471;7127
4712;7155
472;7167,7179
474;7190,7202,7222
47467;7240
475;7254
47511;7266
476;7280
4760134;7291
4763;7307
477;7320,7348,7372
4772;7384
47730;7397
47731;7411
478;7424,7435
4784209441;7455
47864;7474
479;7487
4799;7499
47new;7512
47th;7534
48;7546,7694,7841
480;7988,8000,8025
481;8053,8089
4833;8107
4835546350;8119
484;8138,8150,8162
485;8180
486;8192,8203
4865;8215
487;8228
48752;8240
488;8254,8266
489;8277,8297
4895;8308
489h;8321
48k;8334
49;8346,8469,8577
490;8691,8719
491;8744,8764,8776
491310;8787
4916;8801
492;8813
49212;8824
493;8837
4931;8849
493826709;8862
494;8880
49416;8892
495;8906,8918
49517;8929
4952;8942
496;8955,8967
49620;8978
49751;8991
498;9004,9024
4980;9035
499;9048,9060
49940;9085
49er;9099
49th;9125
4a;9138
4ad;9149
4b;9160
4d;9171,9190
4d8;9201
4d9sf;9213
4director;9227
4eight;9244
4g;9257
4gamersmax;9268
4glcnac;9287
4k;9302
4music;9313,9328,9342
4th;9357,9441,9529
4x100;9557,9571,9585
4x200;9598
4x50;9612
