30;0,6437,10445
300;14855,15547,16089
3000;16654,16756,16893
30000;17011,17041,17068
300022;17098
3000762463;17121
3000mah;17139
3001;17154
3002;17167
3002645;17186
30031495;17202
3004;17228
300431;17240
30048819;17263
3005;17280,17293
300507;17306
3007;17321
3008;17333
3009;17345
30097373;17358
300k;17374
300m;17387
300px;17400,17566,17723
300th;17881,17911,17925
300x300;17952,17968
301;17983,18043,18116
3010;18184,18217
3011;18230
3011532;18242
3012;18258
301316;18270
3014;18285
3014716506;18298
301491;18316
301560866;18331
3016;18349
30171;18362
301723;18376
3018;18391
302;18403,18495,18595
3020;18679
30200031;18692
30200053;18709
30200111;18726
30200233;18743
302017;18760
30216;18775
302177;18788
30231;18803
302322;18817
30236;18832
3024;18846
30258532;18858
30262995;18875
30264;18892
30265;18907
30266;18921
3027;18934
30271;18946
302895;18960
302ah;18975
303;18989,19057,19145
3030;19237
30302;19249
3030th;19263
3031;19278,19291
30330;19304
3035;19318
303518;19330
30357;19345
3036;19359
303707;19371
30376;19386
3038;19400
30387;19413
3039;19427
303d8e;19440
304;19455,19515,19602
3040;19710
304103;19722
304127;19737
30413029;19752
30415832;19768
304214;19784
30429769;19798
30433200;19814
304340;19839
3044;19854
3045226634;19868
304759;19886
3048;19901,19914
304867;19926
30490306;19941
304928;19958
304th;19973
305;20001,20085,20186
3050;20270,20283
305084;20295
305178;20310
3052;20325
30524387;20338
305290;20354
3053;20369
30531;20382
3054;20396,20409,20422
305542;20434
3056;20449
30564;20462
30594;20475
306;20488,20640,20693
3060;20857
306061;20869
30638337;20884
3064;20900
3065;20913
3067;20925
306705;20937
3068;20952
30681234;20964
3068512082;20981
307;20999,21131,21176
3070;21244
30702;21265
3072;21279
3074;21292
3075;21311,21324
307556;21337
3078;21352
3078153133;21364
30781967;21382
30782;21399
3079;21412
307972;21424
307th;21439
308;21453,21521,21613
3080;21671,21683
3081;21704
30814;21716
308201;21730
30824;21745
3085;21759
30854154;21771
308563;21787
3087;21802
308715;21814
308830;21829
308th;21844
308x308px;21858
309;21874,21958,22050
3091;22082
309131540;22103
3091534376;22120
309169;22138
309334;22153
3095276356;22168
3096;22186
309628;22198
3096785843;22213
3097;22231
309807;22244
309872;22259
3099859;22274
30a;22289
30aa;22307
30am;22320,22341,22354
30c3;22366
30come;22378
30dpc;22392
30em;22406,23931,25273
30flossin;26862
30h;26879,26891
30k;26902
30last;26914
30min;26928
30nc542n;26942
30nvmhcipr;26959
30pm;26978,26997,27010
30px;27039,27156,27211
30t09;27291
30th;27305,27438,27471
30thang4;27532
30x15px;27548
30x30px;27564
30x5;27578
30xfile;27591
30z;27606
31;27618,30911,33242
310;36156,36232,36347
3100;36455,36474
3100867;36487
3102;36502
3103;36515
31030266;36534
3104755282;36550
3105193;36568
310527490;36583
31054;36600
3105579317;36614
310566;36632
3107;36647
31071435;36660
31072589;36676
3108;36692
3108991385;36718
3109;36736
31094;36757
310944;36770
31096962;36785
310px;36802
310th;36817
311;36831,36891,36956
3110;37122
311111;37133
3111311;37148
311291;37164
3113;37179
311327;37192
31136915;37206
31137008;37223
31137035;37240
31138293;37257
3113ian;37274,37290
311412096;37305
311447;37322
31154501;37337
31154517;37354
31156599;37371
31159853;37388
3116;37405,37418
31164553;37430
31164650;37447
31169703;37464
3117;37481,37494
31171771;37506
311783;37523
3117980361;37538
3118460178;37556
31185353;37574
31188;37591
311882;37605
31193;37620
312;37634,37726,37786
312054;37862
312080;37877
31209202;37892
312111615;37909
312150060;37926
312153680;37943
31216;37960
3122;37974,37987
31226;37999
312300;38012
312332;38027
31239;38042
3124;38056,38069
312401;38081
312482;38096
3125;38111,38124,38145
312561;38157
3126;38172
31264112;38184
312660;38201
3126798272;38216
3127;38234
31285274;38247
31290;38263
3129241765;38277
313;38295,38395,38481
3130;38597
3131;38609
313228655;38622
313261428;38639
313266928;38656
3132919967;38673
313362;38691
313376203;38706
313410000;38723
313614;38740
313744;38755
31379;38770
3138;38784
314;38805,38841,38946
314072;39014
314079;39029
314140;39044
314167;39059
31418166;39074
314270;39090
314297;39105
314362;39120
314438;39135
314472;39150
314610;39165
314690;39180
3147176206;39195
314722185;39213
314788;39230
314892;39245
314895980;39260
314934;39277
314949;39292
315;39307,39407,39507
3151;39591,39604
315102060;39623
315106830;39640
315138760;39657
31519;39674
31528;39687
3153;39700
315449;39713
3156;39728
315620;39740
3156569;39755
3157;39771
31572;39783
3158;39796
3159;39808,39821
3159534633;39833
315power;39851
316;39868,39960,40075
3160;40159,40172
3161;40184,40197
316101;40210
3162;40225
3163;40237,40250
316418;40262
3164663315;40277
316538;40295
316563;40310
31658224;40325
31659;40342
3166;40355,40376
316667;40388,40403,40418
3167;40432
316719;40444
316872;40459
316o;40474
316th;40487
317;40501,40594,40663
3171;40747
3173;40759
3176;40772
3176018596;40785
317616;40803
317658227;40818
317665236;40835
317699;40852
317727781;40867
317776;40884
317813951;40899
317815731;40916
317821571;40933
317847194;40950
317849306;40967
317851358;40984
317852554;41001
317855866;41018
317881747;41035
3179;41052
317982;41064
318;41079,41179,41255
3180;41312
318066;41333
318080499;41348
318214;41365
318219634;41380
318257737;41397
31828;41414
3184138;41427
3184683;41451
3185;41466
318504;41479
318521;41494
3185654879;41509
3186;41527
3186502159;41548
3186602592;41566
31874;41584
318741;41598
3187519;41613
31879583;41629
3188;41645
319;41658,41726,41794
319023;41838
31906;41853
319164;41867
31917;41882
31921;41896
31925;41909
319302;41923
3193477988;41938
31935;41956
3194;41969
319415024;41981
319418286;41998
319420;42015
319462;42030
3195;42045
319618456;42057
3197;42074
3198;42086
3199520111;42099
31b;42117
31e;42129
31jan16;42147
31px;42171
31st;42184,42262,42363
31x;42400
31z;42412
32;42424,44690,46657
320;48972,49170,49271
3200;49419,49432,49453
32008;49479
320088291;49493
320090773;49510
320095451;49527
320110;49544
32013497;49559
32016;49575
320191714;49589
320192910;49606
320195985;49623
320196890;49640
320198191;49657
3202;49674
320219474;49686
320263;49703
320272452;49718
320274663;49735
320281108;49752
320383233;49769
320386683;49786
320391299;49803
320392507;49820
3204;49837
320403382;49849
320405435;49866
320405794;49883
320406947;49900
320407820;49917
320437441;49934
320592547;49951
320671148;49968
32068;49985
320682133;49998
320732;50015
320787895;50030
320790178;50047
320856411;50064
320859443;50081
32098;50098
320996355;50112
320px;50129,50143
320si;50240
320th;50254,50267
320x240;50281
321;50297,50413,50494
32105;50586
321072;50600
3211;50615
321205;50627
321232;50642
32125;50657
321257287;50670
321259;50687
321266120;50702
321312;50719
321324;50734
321339;50749
321346;50764
3214;50779
321453;50791
321480;50806
3215;50821
321566077;50834
321569310;50851
32158;50868
321735;50882
321743190;50897
321747331;50914
321766;50931
32177472;50946
321815;50962
321920456;50977
321943894;50994
321944294;51011
321958548;51028
321976;51045
321st;51060
322;51073,51125,51190
322033;51274
32203366;51289
3221;51306
322117;51318
3221223;51333
3222;51349
32229968;51361
322327;51377
322346;51392
322349198;51407
322365;51424
322376;51439
3224;51454
322536;51466
322571;51481
322612;51496
322620;51511
3226579;51526
322685;51542
3227;51557
322705828;51570
322706979;51587
3228764832;51604
322914;51622
322974048;51637
322976746;51654
323;51671,51771,51839
323001538;51877
323074;51894
323080736;51909
3231;51926
323154;51938
3232;51953
323219;51971
323257;51986
323258691;52001
3233065605;52018
323372;52036
323421;52051
323455;52066
3235;52080
323536;52091
323620;52106
323654;52121
3237;52136
32370;52148
323723;52162
3237749338;52177
3238;52195
323841;52224
3238770664;52239
323944;52257
323982;52272
323u66;52287
324;52301,52377,52469
324009;52528
324039;52543
3242;52558
324230;52571
324306;52586
324347351;52601
324357565;52618
324390;52635
3244;52650
324406;52663
324495994;52678
324551;52695
3246101141;52710
324627;52728
324635;52743
32464;52758
324640752;52771
324642;52788
324647878;52803
324651232;52820
324652464;52837
324661;52854
324673326;52869
324685;52886
324707320;52900
324709806;52917
324710859;52934
32473;52951
324760;52965
324802;52988
324th;53003
325;53017,53085,53189
325031;53305
32507;53320
325108;53334
32521;53349
3253;53362
325321;53374
3253558;53389
3254266;53413
3255;53429
3256;53441
325637877;53460
3257164955;53477
3258;53495
3259;53508
326;53520,53597,53706
326198043;53790
3263347;53807
326395;53869
3264;53884
32640;53897
32659709;53911
32659790;53927
326805;53944
326810433;53959
326811302;53976
3268172145;53993
32685;54011
326920001;54025
326920295;54042
327;54059,54159,54219
3270626366;54299
327095;54317
327124176;54332
327217;54349
32729244;54364
3273;54380
32733052;54392
32733884;54409
327339;54426
3274;54441
327423;54454
327486930;54469
327497619;54486
3275;54503
32750;54522
32751;54536
327557;54550
3276;54565
327663;54577
3277;54592,54604
32774;54617
32779;54631
32779241;54653
32782;54669
327865244;54682
328;54699,54842,54958
328053;55147
328083;55162
3281;55177
328123242;55189
328194691;55206
328197490;55223
328199781;55240
328233031;55257
328242839;55274
328274;55291
328396;55306
32846;55321
3284611106;55334
328482608;55352
328490510;55369
3284a5;55386
3285;55401,55414
32860174;55426
32862545;55443
328636856;55460
328638;55477
3286470771;55491
328648;55509
328680541;55524
3289;55541
329;55554,55614,55682
3290;55734
329094;55746
32911302;55761
32919967;55778
32930613;55794
32934;55810
329363;55823
32938617;55838
32952099;55855
329641274;55872
329642515;55889
3297;55906
329756082;55918
329871588;55935
3299;55952
3299436;55965
32994892;55989
32995547;56006
32b9;56023
32cllou;56035
32h;56051
32nd;56063,56140,56173
32px;56186,56199,56212
32x6;56223
33;56236,57973,60167
330;62301,62409,62455
3300;62579,62600,62619
33000;62632
330000;62646,62661,62676
33001a;62690
330033;62704
330036;62718
330046;62733
330048;62758
330063;62773
330066;62788,62804
330112;62818
330139;62833
330238;62848
3303;62863
330334;62875
330360;62890
330433;62905
330452;62920
33047;62935
33065605;62948
33068;62964
3307;62978,62991
3308;63003
330826;63016
3309;63031
330901733;63044
330936;63061
330946914;63076
330gt;63093
330px;63107
331;63121,63197,63249
3310;63307
3310761154;63320
331085;63338
331114813;63353
331120;63370
331165455;63385
331264203;63402
331267774;63419
331268;63436
331318;63451
33136915;63466
33145;63483
3315;63497
331505;63508
33153684;63523
3316;63540
331606873;63553
331655693;63570
331663649;63587
3317;63604
331705136;63617
331722;63634
331900;63649
331dot;63663,63678,63702
332;63716,63776,63828
332176;63894
332197;63909
3322;63924
33221329;63937
3323;63962
332389872;63974
3324;63991
332428;64003
332458;64018
332479447;64033
332481587;64050
332507299;64067
332512126;64084
332514434;64101
332523;64118
332554398;64133
332558064;64150
332572070;64167
332669934;64184
332672597;64201
33272517;64218
332770585;64234
332832;64251
332859954;64266
332860925;64283
3329;64300
332912;64314
332nd;64329
332x498;64343
333;64359,64451,64543
333043194;64657
333044463;64674
333047173;64691
333065967;64708
333066695;64725
333107;64742
3332;64757
333228876;64770
3333;64787
333300;64800,64839,64854
333333;64882,64937,65034
333366;65065
333399;65079
3333cc;65100
3333ff;65114
33340;65128
333420;65142
333520462;65157
333542;65174
333546236;65189
333640787;65206
333650471;65223
333672745;65240
333676232;65257
3336973786;65274
3337;65292
333991224;65305
333x550;65322
334;65338,65390,65514
334058;65567
33407;65582
334095555;65596
3341;65613
33410;65625
334270;65639
334278;65654
334314;65669
33435312;65685
33438;65702
334396;65716
33451;65731
3346;65745
3348270;65757
3349;65773
334c66;65785
335;65799,65875,65959
3350;66017
3350664;66029
335093;66045
3352;66060
3353;66073,66094
335331682;66106
3354453;66123
335487;66139
335567;66154
335587;66169
335636;66184
335790875;66199
335804;66216
335819;66231
335865;66246
335873;66261
335884;66276
335911;66291
335915;66306
335958;66321
335983451;66336
335995;66353
335i;66368
336;66382,66458,66552
3360;66644
336044;66657
336063;66672
336094;66687
33613;66702
3361340761;66716
336163;66734
3362;66749
336212;66762
336243;66777
336319;66792
336372;66807
336389;66822
336403;66836
336445;66851
336452;66866
336456;66881
3365;66896
336510;66909
336529;66924
336600;66939
336633;66953
33664c;66967
336666;66981
336699;66995,67042,67070
3366ff;67093,67116,67131
3367;67152
336720;67164
33677;67179
336776573;67193
336777585;67210
3368;67227
33693;67248
336971;67262
336990;67277
336c39b3;67292
336th;67308
337;67322,67438,67538
337181;67611
337189;67626
337261;67641
33727;67656
3373;67670
337364;67682
33738;67697
337399;67711
337406;67726
337429;67741
337437;67756
337448;67771
337479;67786
337483;67801
3375;67816
337500;67828
33752141;67842
337578;67858
337612;67873
337620;67888
337646;67903
3376606703;67918
337672594;67936
337702037;67953
337769;67970
337803;67985
337895466;68000
337898974;68017
337901670;68034
337903724;68051
337905283;68068
337951;68085
337982;68100
337e;68115
337fcc;68127
338;68141,68209,68302
3380;68362
338090202;68381
338142;68398
338184;68413
3382071;68428
33821046;68444
338233115;68460
338264;68477
338273825;68492
33829450;68509
338406;68525
338461396;68540
338466027;68557
338474;68574
338490;68589
338539;68604
338546764;68619
338547;68636
338549671;68651
338632489;68668
3387;68685
338722;68697
338745;68712
338814;68727
33884108;68742
338842278;68758
338867;68775
3389;68790
338936;68803
338940994;68818
339;68835,68911,69027
339020660;69059
339069;69076
3391;69091
339115;69109
33913954;69124
339165;69140
339170073;69155
3392;69172
339207;69184
33921018;69199
339248906;69215
339252;69232
3392719;69247
339322649;69262
339330440;69279
339340;69296
339359;69311
339360228;69326
339403;69343
339420;69358
3395;69373
339516079;69385
339531;69402
339554;69417
339599110;69432
339633379;69449
33968551;69466
339712851;69483
339806;69500
339811858;69515
339887;69532
339913106;69547
339931;69564
339933;69579
339966;69593
339973;69607
339999;69622
3399ff;69636
33am;69650
33b;69663
33cc33;69674,69697
33cc7f;69711
33cccc;69725
33de;69739
33em;69752,69797,69842
33ff33;69861
33ff99;69875
33ffff;69889
33hour;69903
33rd;69918,70019,70066
34;70079,71816,74138
340;76118,76219,76335
3400;76387,76408
340000;76427
340042;76442
3401;76457
340306579;76469
340307762;76486
340310616;76503
340496;76520
340523;76535
340529;76550
340557;76565
340703355;76580
340713782;76597
340744;76614
34076665;76629
3409;76646
340939;76658
3409727216;76673
340px;76691
340th;76705
341;76719,76787,76881
3411233127;76973
34118635;76991
341198;77008
341438;77023
341473;77038
34149;77053
3416;77067
341690;77079
3417;77094
341717;77107
3417365;77122
3418;77138
3418470;77150
3419;77166
34194495;77179
342;77195,77263,77339
34200135;77391
34206088;77408
3421;77425
342171;77437
342194;77452
342213;77467
3423;77482,77495
342335;77507
34239;77522
3424;77536
342468;77548
342484;77563
3425;77578
342503;77590
342522;77605
3425308466;77620
3426;77638
342651;77650
3427;77665
3429;77678
342937;77691
343;77706,77766,77858
3430;77925
343201;77938
343220;77953
3432642519;77968
3434;77986
343445070;77998
343447590;78015
343456;78032
343479;78047
343513;78062
3436;78077
34360456;78089
343611;78105
343640862;78120
3436464;78137
34367931;78153
34375;78170
343781;78183
34379673;78198
3438;78214
343979;78226
344;78241,78326,78400
3440;78476
344028;78489
344051;78504
344139;78519
344166;78534
344223;78549
344284;78564
344296;78579
34432792;78594
344341;78611
34436799;78626
344391;78643
344398;78658
344402;78672
344425;78687
344437;78702
344479;78717
344482;78732
344494;78747
3445;78762
344501;78775
344547;78790
344555;78805
344585;78820
344597;78835
344688;78850
344783305;78864
344818;78881
344822;78896
3449;78911
344963;78923
345;78938,79006,79090
3450;79220
345074;79239
3451;79254
345100;79267
345165;79282
345264;79297
345325;79312
34534;79327
3453855515;79340
345486;79358
345558;79373
3456;79388
345718;79400
3457763195;79415
3458;79433,79446
345829;79464
34594710;79479
346;79495,79555,79627
346127;79695
346191;79710
346352;79725
346363;79740
346386;79755
3464;79770
346458;79782
3464655768;79797
346470;79816
34652123;79831
3466;79848
3467316;79861
346764;79877
3467806578;79892
3468;79910
346802;79924
34694237;79939
347;79956,80032,80126
347012;80234
34708501;80249
3471;80275,80288
347183;80301
3471852541;80316
3472;80334
347252;80347
347294;80362
347336;80377
34738914;80392
3474;80408
34743042;80420
3474542797;80437
3474fe;80455,80495,80542
347515285;80556
347530;80573
347546;80588
347557;80603
34757;80618
3476;80631,80644,80657
347649;80669
347672;80684
347706;80699
347729;80714
3478;80729
347809;80742
347828;80757
347874;80772
347881;80787
3479;80802
34792024;80815
347997078;80831
348;80848,80940,81016
348002124;81075
34802005;81092
34805141;81108
348064;81125
348072;81140
348091;81155
3481;81170,81183,81196
348110;81208
348122;81223
348148;81238
348174202;81253
348177020;81270
348189506;81287
348259;81304
348335;81319
34834650;81334
34837303;81351
3484;81376
348434;81389
348446;81404
348534;81419
348545;81434
348564;81449
3486;81464
348625;81476
348679;81491
348692535;81506
348705;81523
34872314;81538
348763;81555
348812;81570
348843;81585
348942;81600
3489842;81615
348yjwfo;81631
349;81647,81699,81783
349018;81855
349140;81870
3492;81885
349201;81897
349301305;81912
349309765;81929
349325440;81946
349331;81963
3494042456;81978
349491;81996
349495;82011
349498;82026
34951040;82040
34952537;82057
34953473;82073
34953698;82089
349612379;82105
3497;82122
349705417;82143
349705729;82160
349709;82177
349710532;82192
349808;82209
349906953;82224
349930;82241
34993291;82256
349th;82273
34a;82287
34ah;82299
34b33f;82312
34th;82327,82420,82459
34x;82504
34z;82515
35;82527,84510,87101
350;89310,89514,89703
3500;89995,90008
35000;90020
350000;90034
350014;90048
350018;90063
35002549;90078
350033;90094
350040;90109
350060;90124
3500778;90139
350090;90155
350094;90170
350110265;90185
350182;90202
350183407;90217
350185869;90234
350224;90251
350235;90266
35025148;90281
350287319;90298
350298802;90315
350368;90332
3504;90347
35040275;90359
350409632;90376
3504098356;90393
350456;90411
350491;90425
350502;90440
35050809;90455
350525;90472
350563640;90487
350571231;90504
350575595;90521
350590;90538
3506349;90553
350658;90568
350670;90583
350677166;90598
350680949;90615
3507;90632
350712;90644
350780;90659
350785925;90674
35079916;90691
3508;90708
350845;90721
35085;90736
35086;90750
350889747;90764
350895;90781
3509102;90796
350952;90821
35098748;90836
350994;90861
35099486;90876
350px;90901,90923
350th;90964
350x350px;90978
351;90996,91056,91093
35100529;91161
351040;91186
351073807;91201
351079002;91218
351109;91235
351120;91250
351124;91265
351147;91280
351181;91295
35118126;91310
3512;91327
35126196;91340
351273;91357
3513;91372
351322;91385
351360;91400
35137332;91415
35142705;91432
351528;91449
351578;91464
3516;91479
351673;91492
35167544;91507
3517;91532
351810;91544
351891;91559
351894;91574
351944;91589
351959;91604
351971;91619
351974;91634
351986;91649
35199290;91664
351994;91680
352;91695,91787,91874
3520;91934
352020;91966
352036;91981
352043;91996
352062;92011
352085;92026
352119;92041
352122;92056
352131;92071
352135;92086
352161;92101
352169;92116
352173;92131
352226;92146
352257;92161
352275;92176
352283;92191
3523;92206
352314;92218
352333;92233
352371;92248
352448;92263
352474;92278
352482;92293
352497;92308
352505;92323
352509;92338
352516;92353
352524;92368
352531;92383
352547;92398
352570;92413
352592;92428
352651;92443
352657;92458
352673;92473
35269;92488
352692;92502
352699;92517
352734;92532
352737;92547
35275027;92562
3528055456;92588
352855;92607
352859;92622
352863;92637
352867;92652
352890;92667
352982;92682
353;92697,92743,92787
353001;92855
353016;92870
353043;92885
353048883;92900
353050;92917
353054463;92932
353077;92949
35316281;92964
353168;92980
353184;92995
353249;93010
3532659709;93025
353275;93043
353283;93058
3532930613;93073
353328970;93091
353338460;93108
353355;93125
353401;93140
353436;93155
353438617;93170
353443;93187
353455;93202
353466;93217
353474;93232
353485;93247
35353094;93262
353535;93279
353630;93293
353664;93308
353718;93323
353733;93338
35375857;93353
353767;93369
353791020;93384
353794;93401
353795995;93416
353848;93433
353870;93448
353878;93463
3539;93478
353901;93490
353920;93505
353954;93520
353989502;93535
353rd;93552
354;93566,93643,93682
354050;93726
354115;93741
354122;93756
354130;93771
354164;93786
354214;93801
354221;93816
354248;93831
354252;93846
354259;93861
354267;93876
3543026;93891
354340;93906
354439;93921
354465;93936
354473;93951
3545;93966
35450210;93979
354504;93995
354553;94010
354626;94025
35469784;94040
3547;94056
35472;94068
35472286;94081
354797;94097
354809147;94112
354848757;94129
354853366;94146
354871745;94163
354874;94180
354877;94195
354893091;94210
3549280;94227
354934250;94242
354938270;94259
3549468517;94276
354958;94294
354984;94309
354996;94324
354c5e;94339
355;94355,94407,94475
355026;94567
355038;94582
355040583;94597
355042054;94614
355076;94631
355083;94646
3550th;94661
3551;94676
355103;94689
355110;94704
35511988;94719
355136253;94736
355137;94753
355160;94768
355164;94783
35519218;94798
3552;94814
355213;94827
355224569;94842
355224771;94859
355227285;94876
355267;94893
355282;94908
355301;94923
355328;94938
355332049;94953
355335;94970
3553rd;94985
3554;95000
355415;95012
355423;95027
355431;95042
355499;95057
3555;95072
355560;95085
355564;95100
3556;95115
3556123972;95128
355721;95146
355736;95161
355762;95176
35577893;95191
355789;95208
355858;95223
355907;95238
355949;95253
355980;95268
355px;95283
356;95297,95374,95482
35600148;95526
356045;95542
356083;95557
356155;95572
356190;95587
3562;95602
3562232;95615
35624542;95639
356293;95656
356297;95671
3563;95686
356358;95707
356361;95722
356396;95737
3564;95752
356426;95765
356488416;95780
356506;95797
356510;95812
356525;95827
356560;95842
356602952;95857
356644;95874
356762;95889
356789;95904
3569;95919
356907;95931
3569995463;95946
357;95964,96040,96116
357021;96167
357037;96182
35707849;96197
357086;96223
357101;96238
357151;96253
357170;96268
357171;96283
357193;96298
3572;96313
357243;96325
3573;96340
357402;96352
357468;96366
3575;96381
35750;96394
357563;96408
357597;96423
357597753;96438
3576;96455
3576th;96468
357754;96483
3577578962;96498
3578;96516
357857;96528
357883;96543
3579;96558
357994;96571
358;96586,96654,96770
35809;96816
358093;96829
3581;96844
35828;96857
358318;96870
358341;96885
35835;96900
358364;96914
358398;96929
3584;96944,96957
35841269;96970
3584455;96985
358456;97007
358475;97022
358509;97037
358517;97052
358536;97067
358562;97082
358569;97097
35866;97112
358685;97126
3587;97141
3588;97153
359;97165,97225,97286
359039;97333
359100;97348
359119;97363
35913;97378
359155417;97392
359169;97409
3592;97424
359207;97437
359222;97452
359238;97467
359261515;97482
359262705;97499
359337897;97516
35935;97533
3594307899;97547
359440771;97565
359445967;97582
359474;97599
3594768047;97614
359517725;97632
359524448;97649
359528;97666
359532032;97681
359535666;97698
359543842;97715
359598571;97732
359609202;97749
359616515;97766
359618870;97783
359631960;97800
359640;97817
3597;97831
3597187698;97843
359741;97861
35978;97876
359793;97890
3598117752;97904
3598117756;97923
359842182;97942
359844088x;97959
359851734;97978
3599;97995
359928;98008
35a;98023,98035
35e;98047
35em;98059,98096,98150
35ex;98171,98240,98261
35f15;98327
35pm;98341,98354
35px;98366,98395,98408
35th;98434,98567,98628
35z;98665
36;98677,100797,102354
360;104429,104601,104757
3600;104938,104951
36000;104970
360004;104983
360123;104998
360153;105013
3602;105028
3602299392;105040
360249;105058
360428;105073
360486461;105088
3605;105105
360519700;105117
360523299;105134
360538;105151
360607;105166
360622;105181
36065663;105196
3606619835;105221
360731078;105239
3608;105256
360804366;105269
360807218;105286
3608598;105303
3609;105318
360909;105330
360981045;105345
360deg;105362
360j;105376
360th;105489
361;105503,105571,105623
3610;105683
361038;105695
361099;105710
361166941;105725
361169593;105742
361173258;105759
3612;105776
3612357;105788
36134270;105812
361360142;105828
361361854;105845
361362568;105862
361408;105879
3615;105894
361534;105907
361571742;105922
361573829;105939
361575017;105956
3616;105973
3617;105986
3617095649;105999
361813;106017
36187;106032
3619;106046
361978403;106058
361979096;106075
361981068;106092
3619893;106109
361aa;106157
361st;106171
362;106185,106213,106305
3620;106378
362034;106390
362166675;106405
362168460;106422
362170392;106439
362332696;106456
3624;106473
362507;106486
362572;106501
362576;106516
362598;106531
36271244;106546
36273;106562
36275;106575
362864;106589
362877;106604
3629;106619
362941;106631
362953;106645
363;106660,106712,106796
363117;106882
363140;106897
3631452454;106912
363194;106931
36324531;106946
363354;106962
36338;106977
363441;106991
36347308;107006
363575;107031
3635939;107046
3636;107062
363731;107075
363792;107090
363800;107105
36391737;107120
36397;107137
364;107151,107227,107305
3640;107415
364033;107428
3641;107443
364162;107462
364288085;107477
3643;107494
3643200099;107506
3644214;107524
36454f;107540,107573,107604
36457;107625
364597;107639
364670;107654
364679;107669
3647;107684
364716;107697
364727;107712
364748823;107727
364749781;107744
3648;107761
364853286;107774
364854157;107791
364854520;107808
364856859;107825
364857;107842
3649;107857
364927501;107869
364929627;107886
364937;107903
364966;107918
365;107933,108018,108126
365099727;108199
365170;108216
36532;108231
365324502;108244
365337;108261
365349;108276
3654;108291
365437;108303
365532;108318
365578;108333
3657;108348
365707;108361
36573;108376
365757;108390
365788;108405
365887;108420
365916470;108435
365940;108452
365941;108467
365978;108481
365against;108496
365day;108515
365f91;108530
366;108558,108602,108646
3660;108698
366043;108710
366085;108725
366099095;108740
366101008;108757
366123;108774
36614b;108789
366261;108805
36632;108820
366360;108834
366417;108849
366450571;108864
366451768;108881
36648b;108898
366508;108913
3666;108928
366601;108941
366634;108956
366654493;108971
366657614;108988
366660483;109005
366665;109022
366667;109037,109060
366673025;109075
3667;109092
366710665;109105
3668;109122
366884928;109134
366888174;109151
367;109168,109252,109297
3670291305;109373
367043;109391
36705017;109406
367073;109422
3671217561;109436
3672;109454
367248508;109466
3673;109483
367301154;109496
367307;109513
367307741;109527
367329;109544
36735731;109559
367401;109576
367405901;109591
367409;109608
367610204;109623
367611;109640
367623;109655
367710;109670
367764;109685
367774327;109700
36779;109717
367828;109731
36784;109746
367859590;109760
367864169;109777
36788;109794
3679;109807
3679408431;109820
367943;109838
368;109853,109954,110042
3680117;110094
36805181;110110
368235;110127
3683;110142
368427;110155
368490243;110170
368497661;110187
368538;110204
36855152;110219
368691323;110235
368744;110252
36882;110267
368843;110281
368884315;110296
36892173;110313
368992;110338
369;110353,110446,110506
3691;110559
369129;110571
36917;110586
369183;110600
369255;110615
369297;110630
369342;110645
369367;110660
3694;110675
369446114;110687
3695106208;110704
369541014;110722
369549;110739
369625;110754
36973786;110769
369814499;110785
369817724;110802
369818138;110819
369818482;110836
369830457;110853
369930;110870
369th;110885,110899
36ah;110912
36ef;110925
36er;110938
36pt;110951
36px;110964,110985
36th;110997,111106,111132
36v;111169
37;111180,113097,114721
370;116653,116722,116857
3700;116965,116978
3700121458;117004
37001896;117022
3701159954;117038
370161;117056
37030;117071
370392;117091
37046;117106
3705;117120
370583;117132
37066792;117147
370px;117164
371;117177,117253,117305
371030;117356
37108;117371
3710902631;117385
371136;117403
371159;117418
3711r;117433
371315;117446
371452;117461
371563320;117476
3715852;117493
371604660;117509
371701;117526
371780631;117540
371796;117557
37181;117572
371815470;117585
371862138;117602
37198;117619
372;117633,117693,117793
3722393;117839
372318;117855
372341;117870
3724;117885
372402;117898
372421;117913
372467;117928
372478;117943
3725;117958
372505;117971
372509;117986
372555;118001
372627;118016
3726858795;118031
372726;118049
372776;118064
37280280;118079
372810;118095
372887;118110
372940;118125
372986;118140
373;118155,118224,118316
3730320231;118348
373043;118367
373051;118382
373081;118397
373135;118412
373177;118427
373184;118442
3732;118457
373314;118470
373356;118485
373413;118500
373577;118515
373638;118530
373692;118545
3737;118560
37374653;118572
373751;118588
373756;118603
37376;118618
373783;118632
37381;118647
373875;118661
373rd;118676
374;118690,118748,118808
3740;118900
374054631;118912
3740775287;118929
37413037;118947
374142;118963
374207799;118978
374381204;118995
374493;119012
37452;119027
374535;119040
374545635;119055
374630;119072
37463093;119087
3746905;119113
3747;119129
374775;119142
37483806;119157
3749;119174,119187
374926655;119199
374928070;119216
37498035;119233
375;119256,119349,119422
3750168383;119554
3750619;119572
3750895;119588
37522;119604
3753;119618
37530947;119631
375324;119647
3754473031;119662
375450;119680
37550831;119695
375519;119711
375614;119726
375793;119741
3758;119756
375834;119785
375908;119799
375946;119814
375px;119829
375th;119842
375x375px;119856
376;119874,119959,120035
376011;120095
376083;120110
3762;120125
376350;120137
376411;120152
376431;120167
376550740;120182
37656;120199
376629;120213
376660221;120228
376660821;120245
376675;120262
37668104;120277
376740;120293
3768;120308
376812;120329
376881;120344
377;120359,120412,120504
377029;120571
3770864308;120586
3771gt;120604
3772;120619
377205;120631
3772277;120646
3773;120661
377309958;120673
377316;120690
377365;120705
377377;120720
377381;120735
377382440;120750
377464;120767
377480;120782
37749338;120797
37756;120813
3775728027;120827
377573472;120846
3776;120864
377613;120876
377636;120891
377666;120906
377708;120921
377712;120936
377728;120951
377731;120966
377734266;120981
3777439617;120998
377754;121017
377796;121032
37789;121047
377892;121062
377892135;121077
3778933883;121094
377918;121112
377949;121127
378;121142,121209,121262
378136;121306
378139;121321
378178;121336
378250;121351
3783;121366
378342;121378
378387;121393
3784;121408
378429;121420
37861466;121435
378731;121451
378757;121466
378791215;121481
3787983;121498
378845;121514
378899;121529
378906;121544
378910;121559
3789283908;121574
378929201x;121593
37893;121612
3789480925;121626
378975;121644
379;121659,121752,121884
379002;121942
3790315;121957
379032;121973
3790410459;121988
379105;122006
3791339603;122021
3791343129;122040
3791345208;122059
3791346892;122078
379162;122097
37919;122112
3792;122132
379201;122144
379223;122159
379238;122174
379299;122189
379303;122204
37931633;122219
379353;122235
3793767393;122250
3794;122268
379414;122280
3795;122295
379520;122307
379700;122322
37983082;122337
37983134;122353
37983165;122369
37983217;122385
37983230;122401
37983250;122417
37983259;122433
37983280;122449
37984053;122465
3798886;122481
37b;122497,122509
37th;122521,122598,122659
37x145mmr;122680
37z;122698
38;122710,124402,126524
380;128476,128529,128645
3800;128698,128711
3800731897;128737
38015270;128755
3802;128771
380245;128784
380398595;128799
380405;128816
3804078996;128831
380436;128849
38048277;128864
380516125;128880
380573;128897
380585046;128912
380611;128929
3807;128944
38070992;128956
380749;128973
380848;128988
380856;129003
38087;129018
380959;129032
380989;129047
380px;129062
381;129076,129176,129276
381021357;129371
381031;129388
381035;129403
3811;129418
381104;129431
381126;129446
381138;129461
381149;129476
381204632;129491
381206309;129508
381207;129525
381237;129540
38124;129555
381241;129568
381287;129583
381294;129598
3813035;129613
381306;129629
381327303;129644
381328055;129661
381344;129678
381378;129693
381400895;129708
381428;129725
38154749;129740
381561;129757
381578836;129772
381580;129789
381581972;129804
3815962374;129821
3816201635;129839
3816209015;129858
3816215529;129877
3816218945;129896
3816225975;129915
3816228319;129934
3816236455;129953
381667;129972
381695;129987
3817;130010
3817003322;130022
3817006070;130041
3817008314;130060
3817016732;130079
3817019942;130098
3817024802;130117
3817034832;130136
3817042424;130155
3817045790;130174
3817051364;130193
3817054884;130212
381718;130231
381780039;130246
381782511;130263
381790;130280
381961621;130295
381963019;130312
381964564;130329
382;130346,130438,130490
382004;130522
382050;130537
382092;130552
382118;130567
382164;130582
382169684;130597
382175500;130614
382176478;130631
382236;130648
3822656572;130663
382301;130681
382359598;130696
382448717;130713
382469;130730
3825379014;130745
382556180;130763
382618;130780
38262936;130795
382648042;130812
382771721;130829
382847;130846
382851;130861
382874;130876
382896;130891
38290;130906
382900;130920
3829056323;130935
382946305;130953
382951117;130970
382961;130987
382969726;131002
382971664;131019
382988;131036
38299;131051
383;131065,131118,131198
3830;131261
383024;131272
383030;131286
383034;131301
383072;131316
3831;131331
383138652;131343
383144;131360
383156;131375
383202;131390
383209;131405
383270;131420
3832960;131435
383308;131451
38331;131466
38332;131480
383333;131494
383347;131509
383366;131524
383419;131539
383430;131554
383446;131569
383472;131584
383476;131599
383484;131614
383503;131629
38350903;131644
383617;131661
38364107;131676
383762;131693
383770;131708
383808;131723
383824;131738
38383;131753
383862;131767
383945;131782
383961;131797
383984;131812
384;131827,131931,132012
3840;132080,132093,132105
38400498;132118
384026;132135
384033;132150
384075;132165
384087;132180
384094;132195
384101975;132210
384109;132227
384111037;132242
384163;132259
3842;132274
384262;132286
3843153119;132301
384319;132319
384369098;132334
384388;132351
384392;132366
384441;132381
384471520;132396
384476;132413
384476591;132428
384521;132445
384548;132460
384561919;132475
384583;132492
384624;132507
384632;132522
384644;132537
384682;132552
384724;132567
384742929;132582
384828;132599
38485088;132614
384872;132631
3848746;132646
3848888;132670
384899;132686
384987;132701
384988;132716
385;132730,132815,132923
3850;132994
385006;133006
3852;133021
385204;133033
385223;133048
385227;133063
3853;133078
38536;133090
385365;133104
3853824735;133119
385422;133137
3855;133152,133165
385506;133177
385567;133192
385586;133207
385693;133222
38571;133237
385765;133251
385769;133266
38577;133281
38577247;133295
38583337;133311
38583751;133327
385917915;133343
3859546185;133360
385983;133378
386;133393,133438,133506
386082;133566
3861;133581
386101;133594
386116;133609
386177;133624
38618996;133639
38622015;133655
38625801;133672
386341;133689
3864;133704,133727
386497;133739
386620;133754
386630019;133769
386632427;133786
386634462;133803
38666081;133820
3866781665;133837
38671219;133856
386726;133873
386734967;133888
3868282405;133905
38686840;133924
3869;133940
386990;133966
386991339;133981
386996873;133998
387;134015,134108,134174
3870;134250
38704;134262
38704491;134276
387054;134292
387108060;134307
387119;134324
387192;134339
387201714;134354
387202813;134371
387206753;134388
387208130;134405
38724;134422
38726;134436
387272700;134450
387329;134467
387390;134482
3874;134497
387455;134516
3875;134531,134544
387505;134556
387550;134571
387566;134586
387570;134601
38757065;134616
38758662;134632
38758694;134648
387642;134664
38768545;134679
38769352;134695
38772103;134711
38775035;134728
387829;134745
387836;134760
38788799;134775
387897;134792
38789788;134807
387905;134823
388;134838,134907,134981
388016;135025
388084;135040
38813405;135055
38814207;135072
388172;135089
3882;135104
388210;135116
388260;135131
388294;135146
388325;135161
3884;135176,135189,135202
388443;135221
388468376;135236
388468830;135253
38849437;135270
3885;135287
3885225;135300
388538;135315
3885716796;135330
388580;135348
38858360;135363
38858511;135379
388674190;135395
388676;135412
3887;135427
388733;135445
388828;135460
388863;135475
388897;135489
3889;135504
3889328;135517
389;135533,135602,135703
389015;135755
389168;135770
389198;135785
3892;135800
389250;135813
389294;135828
3893;135843
38933410;135855
3894182;135871
389427;135886
3894348;135901
3895;135917
38953;135928
38953937;135942
3895558591;135959
389557;135977
389587;135992
3896210874;136007
389713;136025
389855145;136040
38986405;136057
38987;136073
389877;136087
3899133374;136102
3899853308;136121
38b;136140
38h;136152
38th;136163,136224,136250
38z;136271
39;136283,137880,140013
390;141897,141997,142065
3900;142136
39000;142148
390064;142162
39008172;142177
390087;142193
3901474938;142208
390198;142227
3902;142242
3902251;142254
390240;142269
3903;142284
3903080523;142297
39031766;142315
3903273;142331
39038;142346
390392;142360
390438;142375
390483;142390
3905;142405
39058271;142417
390656;142433
390690;142448
3907;142463
390724;142476
390732;142491
390751;142506
390754225;142521
390823;142538
39082542;142553
390857;142569
390865;142583
390949;142598
390965430;142613
390966628;142630
391;142647,142725,142786
3910;142806
391003;142825
391033;142840
391038243;142855
391056;142872
391068;142887
391113;142902
391144;142917
391150040;142932
3912;142950,142963
391240176;142976
391251;142993
3912950158;143008
391331;143026
3913652;143041
391373;143056
391376;143071
391411910;143086
391438;143103
391473055;143118
391476;143135
391499;143150
3915;143165
391514;143184
391518;143199
3916;143214
391602;143235
391613;143250
391624;143265
391627347;143280
391629715;143297
39164;143314
391667;143328
391670;143341
391724;143356
391725971;143371
391728878;143388
391747;143405
391792;143420
3918;143435
39182;143456
391822262;143470
391884;143487
391919186;143502
391920924;143519
391941;143536
391968;143551
391975;143566
391979;143581
391991;143596
392;143611,143672,143736
392015778;143780
392021229;143797
392037788;143814
392107313;143831
392113;143848
392115922;143863
392116785;143880
392120;143897
392143;143912
3922;143927
392200486;143940
392216;143957
39223;143972
392269;143986
392319;144001
3923656046;144016
392387;144034
392395;144049
392406;144064
392418;144079
392456;144094
392460;144109
392494;144124
392540;144139
392563;144154
392597;144169
3926;144184
39268;144196
39268710;144210
392708;144227
3927485462;144242
392754;144260
392761;144275
392769;144290
392792;144305
392811;144320
392815;144335
392841;144350
392857;144365
392868;144380
3929115581;144395
392929;144414
392944;144429
39294451;144444
392963;144460
392997;144475
392nd;144489
393;144503,144563,144647
393002;144705
393005;144720
393028;144735
393044;144750
393066;144765
393074;144780
393082;144795
393101;144810
393108;144825
393116;144840
393155;144855
393158;144870
393200;144885
393250;144900
393265;144915
393272;144930
393291;144945
393299;144960
3933;144975
393311;144988
39333391;145003
393363380x;145019
393383;145038
39341244;145053
393463;145070
3935116;145085
393528;145101
393544675;145116
39356130;145133
39358611;145149
3936;145166,145187
393620;145200
39362025;145215
393631;145232
393646;145247
393684;145262
393685835;145277
393689602;145294
3937;145311
393700;145332
393723;145347
393745;145362
393761;145377
393783884;145392
393833;145409
3938401;145424
393848;145440
393852;145455
393856;145470
393864;145485
393871;145500
393876412;145515
3938821336;145532
393883;145551
3939;145566
3939363658;145585
393992503;145603
393c;145620
393d;145633
394;145646,145707,145783
3940056014;145835
3940056081;145854
394039;145873
394062327;145888
394081;145905
39408224;145920
394142;145937
394146;145952
3942;145967
394241;145980
394264;145995
394318;146010
394363;146025
39438;146040
394497;146053
394543;146068
394581;146083
3946;146098
394627;146108
394688;146123
3947;146138
394711;146150
394733;146165
394798;146180
394863;146195
3948835135;146210
39493;146228
3949922621;146242
394993;146260
394997;146275
395;146290,146358,146438
3950;146514
395004;146527
395016;146542
395023;146557
395027;146572
395054;146587
395184;146602
395271;146617
3953;146632
395302;146644
395306;146659
395331;146674
395370;146689
3954;146704
395405;146716
39541;146731
395416;146745
39545;146760
395470;146774
395557;146789
395573;146804
395626;146819
39570;146834
39571;146848
395725;146862
39576;146877
39577;146891
395794;146905
3958;146920,146933
396;146945,147021,147116
396053;147152
396065;147167
3961;147182
396118;147194
396133;147209
396141;147224
396164;147239
396248;147254
3963;147269,147282
396332;147294
39637691;147309
396400;147325
39641;147340
396412;147353
396484;147368
396492;147383
3965;147398
396519;147410
396557;147425
396572;147440
396585465;147455
396599;147472
396601627;147487
396602972;147504
396609400;147521
396610;147538
396626;147553
396641;147568
396652;147583
396675;147598
396690;147613
396694;147628
3967;147643
396732;147656
396748;147671
396770;147686
396793;147701
396799186;147716
396805;147733
396824;147748
396825713;147763
396826975;147780
39687645;147797
396893;147813
396895751;147828
396896;147845
396897191;147860
3969;147877
396900;147889
396969;147904
397;147919,147988,148060
397072;148120
397141;148135
397167;148150
397274;148165
3972855806;148180
39734;148198
397404;148212
397457;148227
3974654675;148242
39749096;148260
397518;148286
397549;148301
397552;148316
397579;148331
39759517;148346
397602;148362
397636;148377
397690249;148392
397709;148409
397713;148424
397719051;148439
397775203;148456
397776954;148473
397781483;148490
3978;148507
397808;148520
397865;148535
3979;148550,148563
397919;148575
39793201;148590
397984780;148607
397d;148624
398;148636,148688,148740
3980;148793
398003;148805
398075;148820
398186;148835
398201;148850
398328669;148865
398333812;148882
398335170;148899
398342;148916
39838;148931
3984;148944
398431585;148957
3985001;148974
398518;148990
398552;149005
39858322;149020
3986;149046
39861;149058
398682;149072
398697;149087
398754;149102
3987995386;149117
398822;149135
39885954;149150
398876;149166
39888293;149181
3989532;149197
399;149212,149289,149381
3990;149426
399014;149439
399129;149454
399181;149469
3992;149484
3993;149503
399319;149515
399323;149530
3995;149545
399509;149558
399529;149573
399784;149588
39997;149603
39d;149617
39th;149629,149690,149727
3a;149753,149828,149879
3a0000729;149946
3a19711972;149964
3a23e2;149983,150014,150071
3a250px;150102
3a7;150118
3aa;150130
3aaa3a;150141
3aal;150156
3aalain;150169
3aalan;150184
3aalex;150198
3aall;150213
3aapk;150226
3aarmi;150240
3aarticl;150255
3abb;150272
3abnhs05;150284
3abnhs2a;150301
3abnhs3a;150318
3abni;150335
3abno2007;150349
3abnt;150367
3aboa;150381
3aboaky;150395
3aboard;150411
3aboard2;150427
3abook;150444
3abridget;150459
3acecep;150476
3achas;150492
3acherish;150507
3aclos;150525
3adal;150539
3adbsts2;150553
3adiamond;150569
3adiana;150587
3adipankar;150603
3adirt;150622
3adoi;150636
3adonovan;150658
3adr;150675
3adt;150687
3aebg;150700
3aeddi;150714
3aeveryday;150728
3afil;150746,150776,150807
3agertrud;150841
3aghost;150858
3agorillaz;150873
3ahood;150891
3ain;150904
3akev;150916
3akey;150930
3akonidela;150943
3aks;150962
3akula;150974
3alaura;150988
3alendi;151004
3alondon;151020,151037
3amadelin;151053
3amartin;151070
3amemphi;151087
3ami;151103
3amost;151116
3amtx;151129
3anerga;151143
3anotlah;151159
3ao;151176
3aoff;151187
3aofi;151199
3apass;151213
3apolybiu;151227
3ari;151243
3asawmil;151256
3asearch;151272
3aserg;151289
3asid;151303
3asingl;151317
3asnowden;151333
3asosvdrew;151351
3aspeci;151370
3asweetbox;151386
3ath;151404,151417
3atwist;151429
3aveneri;151444
3awrit;151459
3ayudik;151473
3ayzf1000r;151489
3b;151508,151535
3b2;151566
3b3d;151578
3b444b;151590
3bd0;151605
3bdulelah;151618
3bhk;151636
3c;151649,151661,151672
3c02;151682
3c159;151695
3cb;151709
3ctag;151722
3d;151736,151835,151936
3d4a67;152051
3d6;152066
3d62410f22;152078
3d6a;152097
3d6p;152110
3d7;152123
3d7a;152135
3d7p;152148
3d8;152161
3dcd;152173
3dec;152186
3deep;152199
3delight;152213
3den;152229
3df;152248,152260
3dflow;152272,152287
3do;152302
3dsmobil;152314
3dve;152331
3e;152343,152363
3e2;152373
3edisast;152385
3em;152403,152640,152764
3esewol;152964
3ex;152980,153032,153068
3f;153092,153119
3f5787;153186
3fa;153200
3fam;153211,153240,153253
3family6;153265,153282
3fb2ad;153298
3fg;153313,153333
3final;153344
3flang;153359
3fm;153380,153392
3gg5amp1;153404
3gpp;153420
3h;153432,153459,153483
3ho;153502
3i;153520
3j5201;153531
3j5202;153545
3j5203;153559
3j5204;153573
3j5205;153587
3j5206;153601
3j5207;153615
3j5208;153629
3j5209;153643
3j5210;153657
3j5211;153671
3j5212;153685
3j5213;153699
3j5214;153713
3j5215;153727
3j5216;153741
3j5217;153755
3j5218;153769
3j5219;153783
3j5220;153797
3j5221;153811
3j5222;153825
3k;153839
3mt;153850
3n;153862
3name;153873
3niti;153888
3o;153902
3ot;153913
3p;153925,153968,153979
3pfgm;153989
3px;154003,154407,154861
3q;155226
3qr;155237
3r;155249,155268,155295
3rd;155320,156198,156909
3rdplace;157522,157547
3rdwhale;157580
3rr;157597,157637,157649
3rrn;157678
3rrnb;157690
3s;157704
3split;157721
3unsourc;157737
3v;157754
3x;157765,157784
3x3;157795
3x4;157815
3xlp;157826
3xplatinum;157838
3y;157857
3yo;157867,157879
