30;0,635,1389
300;2232,2324,2433
3000;2557
30000;2576
3000000;2590
300px;2606,2708,2811
300x150px;2961
301;2979
3010;2990,3002
3012;3015
3016;3028
30165;3041
30198;3054
302;3068,3096
3023;3121
302nd;3134
303;3147
3030th;3167
3033;3182
3034;3195
304;3207
304th;3219
305;3232,3252,3280
3057;3305
307;3318
3072;3330
308;3343
3085;3355
308908000;3368
309;3386
30fp;3406
30h;3419,3431
30px;3442,3463,3476
30th;3502,3515
31;3527,3987,4305
310;4804
31000;4832,4846
310px;4859
311;4873
311106;4884
312;4899
3125;4911
3126;4923
313;4936
314;4954
314788;4966
315;4981,5001,5029
316;5040
3160;5051
316027;5064
3164;5078
3166;5091,5104,5130
316667;5151
3170;5166
317000;5178
31739;5192
318;5205
3186;5233
319;5254,5266
31e;5278
32;5302,5553,5765
320;6072,6092
3200;6120
321;6133,6145,6157
3217;6175
32285;6188
323;6202
324;6214,6226
3241;6244
3244;6257
324902;6269
325;6283,6311
325px;6329
326;6343
327;6355
3275;6367
327703;6379
328;6394
329;6419,6431,6443
329363;6454
32cd32;6469
32nd;6484
32q;6505
33;6517,6760,7119
330;7378,7390,7402
330066;7420
3303;7435
3310;7446
332;7459,7471
33208;7491
3323;7504
3328;7516
3329;7529
33385;7542
3342;7556
3343;7569
3345;7582
335;7595
3352;7615
335868;7628
336;7643,7655
33600;7666
33630;7686
336600;7700
33700;7714
337efn;7734
338;7748
3380;7760
33815;7773
339;7787
3396;7799
339887;7818
339933;7833
33a;7848
33rd;7859
33x30px;7880
34;7895,8050,8280
340;8627
34000;8639
341;8652,8664
34142;8675
34169;8689
341efn;8702
342;8716
3421;8728
343;8741
3431;8753
3434;8766
345;8778
3453;8790
34674;8803
3468;8817
347;8830
34722;8841
348;8855,8866
348295;8894
34991;8909
34th;8923,8944
35;8955,9262,9467
350;9686,9714,9746
350000;9774
3502;9788
3503;9799
3504;9811
350kw;9824
350px;9837,9859,9878
351;9892
3512;9904
35137;9916
351px;9929
352;9943
3520;9954
3521;9966
3539;9978
354;9991
35477;10011
355;10025,10037
35554;10048
3557148;10062
3557388;10078
356;10094
356763;10105
357;10119
3573;10130
358;10142
3584;10167
359;10180,10192,10204
35em;10215
35th;10228
36;10241,10428,10597
360;10792,10820,10856
36000;10874
360175;10887
3605340;10902
360643;10918
361;10933
362;10953,10973,10985
363;11003,11015
3636;11027
364;11040,11060
365;11071,11083
366;11095,11107
3675000;11118
368;11134
36802;11152
368206;11165
36er;11180
37;11193,11348,11510
370;11721
370000000;11733
37020000;11749
371;11765
3716;11777
37198;11790
372;11804,11824,11836
37205;11854
373;11868
37373;11880
375;11893,11913
376;11949,11969
37742;11980
3778;11993
378;12006
379;12026
3798;12037
3798218;12049
37th;12064,12076
38;12089,12316,12527
380;12714,12726,12746
3800;12757
3807203;12769
380826;12785
381;12800
3818204;12812
382495;12828
3829;12842
384;12854
385;12866,12886
3864;12904
387;12917,12929
38803;12940
388366;12954
3889;12968
389;12981
38th;12993,13006
39;13019,13246,13456
3900;13707,13720
39035;13732
392;13746
3925;13758
39301;13769
3931;13783
393245;13796
3939;13810
394;13823
395;13835
396;13846
39629;13858
397;13871,13883
398;13895
399;13907,13927,13947
39930;13965
39th;13979,13992
3a;14004,14015
3alog;14026
3ar;14040
3b;14051
3b170b;14062
3crate;14076
3d;14091
3dflow;14102
3em;14117
3h;14129,14140,14150
3h3;14169
3nowrap;14181
3px;14196
3r;14208,14235
3rd;14246,14386,14478
