70;0,171,342
700;506,518,562
7000;580
700233;592
7003;607
7004268533;620
70050;639
701;653
70126;665
7017;678
702;690
7029;701
703;714
704;726
707;738
7073;749
708416;762
709;776
709317;796
70di;810
70k;823
70th;835,848,861
71;873,972,1031
710;1118,1130
7102;1141
711;1154
7110;1165
712;1178
712288;1198
7130;1212
7136;1224
714;1237
716;1248,1260
717;1271
717548799;1282
718;1300
719;1320
7194;1332
71st;1344,1357,1370
72;1382,1473,1539
720;1646
721;1658
722;1678
7222;1690
723;1703
726;1715
727;1727
72827981;1739,1764
72nd;1786
73;1798,1857,1932
730;1970,1980
731;1992
732;2002
7330;2014
735;2026,2038
737;2049
738;2060
73rd;2071
74;2084,2167,2234
740;2272
741;2283
742;2295
7428;2307
74309;2319
745;2333
74582;2344
74678;2357
7470;2371
748;2384
7486;2395,2407
75;2420,2527,2658
750;2759,2787,2815
7500;2861
75011;2874
75014;2888
7506;2901,2922
75068;2935
7509;2948
75169;2960
753;2974
7530;2986
754;2999,3011,3023
7543810;3034
7545;3050
7546;3063
75782;3075
7580;3089
75860;3101
75864;3115
75percent;3129
75th;3147,3160
76;3173,3264,3355
761;3400
7610;3412
7616;3425,3438
762;3450
7621;3462
7622501;3475
764pp;3491
7653;3505
766;3518,3530
766520;3550
7667;3565
767;3577
768;3588
76note;3600
76th;3615
77;3628,3703,3770
770;3813
77002;3824
7704;3838
77079;3851
77098;3865
771;3879
773;3899
7733;3919
7736;3932
7746;3953
77477;3966
7748994;3980
776;3996
777;4008
77v;4019
78;4031,4074,4119
781;4162
78117;4174
781543;4188
7828;4203
7829;4216
7836;4229
784;4242
7858;4254
7864;4267,4280
7867;4292
788;4305,4317
789;4328
79;4346,4501,4552
790;4702,4714
79001987;4732
791;4749
7913;4767
792;4780
793;4792
794;4804
796;4816
7964592;4828
79680;4844
799745;4858
79th;4873
7a;4886
7c;4897
7digit;4908,4923
7new;4938
7s;4951
7th;4961,5000,5036
