90;0,187,355
900;518,538,582
9000;600,613
90000275;625
9001;641
900px;654
902;667,679
904;690
90405;710
9044;723
905;735,747
905458;758
905563;772
90810;786
90914545;799
90th;816
91;837,945,980
910;1103
91000218;1115
91000623;1132
911;1149
911892;1169
912;1184
9132;1202
914th;1215
915;1229
9150;1241
916;1254
91601;1266
91669;1279
9183;1293
919;1306
92;1318,1425,1516
920;1589
92000260;1600
92001074;1616
9209;1633
921;1646,1658
922;1669
9225985;1681
923;1697
9230;1709
9237;1722
923950;1735
924;1750
926;1770
9279;1788
928;1800,1812
92833;1824
929;1838
93;1850,1925,2005
930;2120,2188,2208
9300;2219
93050;2232
933;2246
935;2258
93640569;2269
937;2286
938;2298
9393;2318
9398;2331
93d;2343
93rd;2355
94;2368,2419,2446
940;2498,2518
941;2538
9411540668;2549
941b19;2568
943535;2583
9461;2597
947;2610
9473205;2622
948;2638
94975;2650
949efn;2664
94haryana;2678
94west;2695
95;2716,2807,2893
950;2984
9500;3002
95000636;3014
951;3031
952;3043
953;3063
95517;3083
956;3097,3108
9566;3120
95660002;3133
957;3150
9588029;3162
9599;3177
95th;3190
96;3203,3262,3319
960;3418
96000463;3446
960175;3462
96256;3477
96311;3491
964;3505
9654373;3517
9669;3533
9675275;3545
97;3561,3628,3679
970;3739
97001158;3751
971;3768,3788
971st;3800
971x;3813
9728;3826
973;3839,3851
9745;3863
975;3876
976;3887
977;3898,3910
9773;3921
978;3933,3961,4028
979;4080,4100
9798;4112
98;4125,4184,4264
980;4339,4351,4371
981;4382
9819;4392
982;4405
984;4416
9858;4427
9863;4439
986798;4452
987;4466,4478
9876;4489
98th;4502,4515
99;4527,4578,4657
990;4716
992;4728
993822;4740
995;4755
996488;4766
9acef;4781
9bp;4795
9ec7;4807
9f2929;4819
9th;4833,4901,4960
