602;0
603592;11
605;25
605541;36
605548;50
60668042;65
607054;81
607200;95
607223;110
607387;125
61;139
610;150
6122;162
61517791;174
616;191
61852;203
6203;217
6212234;230
621389;246
621520;261
622009376;276
622097;292
623406;307
624899;321
62659;335
6291;348
6324984;361
6329;377
6353027;390
636;406
637;418
64;430
6411;441
6449936;454
64562;470
6467653;484
6501;500
651329;513
6519640;525
65439;541
6547;554
656550;566
656941;581
65865;596
659674;610
6602;625
6605;638
66060;651
6612;664
66347;677
66755;691
6692153;705
6711;721
6714088;734
67774;750
677759;763
6799156;777
67b5;793
68264;805
682960;819
6849;834
690672;847
69690;862
