60;0,115,278
600;371,391,409
6000gt;421
60018;436
60020;450
6009;464
601;477
602;488
602346;499
603;514
6035;526
6035858;538
604;554
60494;566
605;580,592
606;603,615
60613;626
60775556;640
608;655
60895;675
609;688
60th;700
60z;721
61;741,808,908
611;991
61116until;1003
6124;1022
61285768;1034
613;1050
615;1062
616;1090,1110,1130
617;1141
618;1153
619;1165,1177
6190;1189
61st;1202,1215
62;1227,1326,1420
620;1479
621;1490
6215;1502
6219;1515
623;1528,1540
62310;1551
624;1565
62649;1585
62666;1598
627;1611
627sum;1623
629;1638
62nd;1649
63;1662,1745,1775
630;1834,1846
6302;1857
631;1870,1882
6319c;1893
632;1908,1920,1932
63219;1942
633;1955
633308471;1967
634;1985
635;1997
63542;2009
637;2023
638;2035
63808;2055
639;2069
63rd;2081
63rdaward;2093
64;2110,2169,2284
640;2315
6402;2327
642;2340,2352
6438;2364
645;2377
645941;2397
646;2412
6460;2424
647;2437
64th;2448,2461
65;2474,2549,2664
650;2737
651;2749
65190318;2759
6533;2775
6536;2788
65498;2800
655;2814,2825
656;2837
65659;2855
657;2868
65763;2879
6581;2892
65880;2905
659;2918
6597;2929
65th;2942
66;2954,3053,3136
660;3181
6606;3193
662;3206
663;3226
664;3238
665;3250
6653;3262
6662;3275
6667333;3288
667;3304
668;3316
669;3328,3340
66th;3350,3363
67;3374,3425,3505
670;3580,3600
6701;3611
673998;3624
675;3639
675726;3651
6764;3665
677;3678
67902;3690
679779;3704
67th;3719,3732
68;3745,3804,3869
680;3928
6806;3948
680744071;3960
681;3977
6817;3989
6819;4002
682;4014
682878;4026
683;4040,4068
68340;4088
68496;4102
684ff;4115
685;4128
685256;4140
685865;4155
686;4169
6870;4180
6871;4193
6878708;4206
688;4222
689;4234,4246
68th;4258
69;4287,4426,4533
690;4606
6908;4617
691;4630,4642
693;4653
694;4665
695;4676,4688
697;4699
6976;4719
698;4731
69th;4751
6c;4764
6d;4775
6e;4786
6fastfact;4796
6ta;4814
6ter;4825
6th;4838,4858,4870
6x;4909
