0 1
15 1
32 1
48 4
88 1
101 1
117 1
134 2
156 1
173 1
185 2
204 4
245 1
261 2
282 2
303 1
318 2
342 2
366 3
399 5
449 1
462 4
507 4
547 1
565 1
582 3
612 1
628 1
645 2
671 2
694 2
719 2
744 1
761 3
794 2
814 11
908 59
1389 68
1932 4
1973 1
1988 3
2020 1
2038 1
2054 11
2148 1
2166 14
2282 2
2307 1
2324 1
2340 1
2358 1
2374 1
2392 1
2405 2
2425 1
2443 1
2459 1
2475 1
2492 3
2521 1
2539 2
2563 1
2576 1
2595 2
2619 2
2642 1
2661 2
2685 15
2804 68
3354 6
3409 45
3788 1
3802 122
4806 103
5673 10
5760 2
5779 1
5793 1
5806 2
5828 3
5859 1
5878 21
6052 1
6070 7
6129 2
6152 2
6174 1
6191 1
6204 7
6267 1
6282 1
6295 3
6325 1
6343 1
6358 1
6373 12
6474 1
6490 1
6509 1
6526 1
6545 2
6569 1
6583 21
6740 1
6756 1
6774 5
6819 3
6853 1
6870 4
6912 2
6940 22
7125 1
7140 1
7155 1
7170 1
7188 3
7219 1
7238 1
7254 3
7285 1
7302 1
7317 1
7332 7
7390 1
7403 3
7435 4
7473 1
7491 5
7538 1
7550 3
7581 122
8522 2
8549 131
9609 4
9648 1
9666 1
9680 1
9695 1
9712 6
9769 1
9786 2
9813 1
9829 1
9848 14
9963 22
10141 3
10173 3
10203 1
10220 1
10234 1
10248 1
10268 1
10285 1
10298 1
10315 1
10331 1
10349 2
10372 2
10399 1
10415 1
10434 1
10447 1
10462 1
10478 1
10497 3
10531 1
10546 2
10568 1
10581 1
10597 1
10610 52
11002 1
11018 12
11121 1
11134 11
11214 1
11230 1
11243 11
11339 1
11355 3
11388 13
11498 2
11523 1
11539 1
11555 2
11576 5
11619 1
11631 6
11684 17
11842 1
11860 1
11874 1
11890 1
11904 1
11924 2
11949 4
11988 1
12005 2
12029 1
12042 1
12055 1
12070 21
12254 2
12278 1
12293 1
12314 1
12327 2
12354 1
12368 22
12552 1
12570 3
12601 1
12619 1
12635 10
12725 17
12872 20
13043 1
13061 4
13104 13
13217 2
13242 1
13257 10
13350 212
15047 4
15086 1
15105 1
15121 2
15150 1
15164 1
15183 1
15197 1
15212 2
15240 1
15260 6
15317 1
15333 2
15360 2
15381 1
15396 9
15478 1
15496 2
15525 2
15550 2
15571 2
15592 4
15635 11
15731 2
15757 6
15814 3
15843 2
15866 1
15884 1
15904 1
15920 1
15934 1
15948 1
15965 1
15984 1
16001 1
16019 4
16057 1
16072 1
16092 4
16130 11
16226 4
16262 1
16277 3
16310 1
16325 1
16340 2
16361 1
16378 1
16394 1
16413 2
16436 1
16450 8
16514 1
16532 1
16549 3
16580 1
16599 4
16635 1
16648 3
16679 2
16706 2
16727 1
16743 2
16772 1
16791 501
20860 1
20875 1
20891 1
20907 2
20929 2
20951 3
20986 4
21026 2
21047 1
21063 1
21079 1
21092 1
21108 163
22380 945
30040 3
30071 1
30084 1
30099 3
30131 1
30146 1
30160 1
30174 1
30188 1
30203 1
30218 5
30266 3
30300 2
30323 2
30347 1
30360 1
30377 4
30419 1
30436 1
30449 5
30500 1
30516 1
30529 1
30546 1
30564 1
30580 2
30604 2
30628 1
30645 2
30669 1
30686 1
30705 1
30720 5
30767 1
30782 1
30801 1
30815 1
30832 1
30852 21
31027 2
31051 5
31101 4
31146 1
31161 1
31181 4
31223 7
31283 1
31297 2
31323 1
31339 1
31355 1
31371 1
31387 4
31427 1
31444 6
31504 1
31522 1
31534 35
31816 2
31840 1
31857 1
31874 1
31890 17
32031 11
32130 3
32163 2
32190 4
32230 1
32248 1
32266 1
32278 2
32302 1
32318 65
32838 1
32852 1
32869 1
32884 2
32910 7
32972 2
32994 1
33008 1
33026 1
33045 2
33068 2
33092 4
33133 2
33156 1
33172 1
33188 5
33235 1
33252 1
33268 2
33290 1
33308 1
33329 1
33345 1
33359 3
33392 20
33557 1
33573 1
33594 2
33619 1
33638 3
33669 1
33688 1
33705 1
33719 10
33804 1
33821 27
34045 1
34057 2
34081 1
34096 2
34119 1
34135 1
34150 1
34166 1
34181 2
34203 1
34222 1
34238 1
34254 4
34295 1
34313 1
34328 1
34347 1
34364 2
34391 1
34408 1
34426 2
34451 1
34466 2
34490 3
34518 3
34552 5
34600 1
34616 2
34642 1
34659 3
34694 2
34720 1
34736 1
34749 15
34874 20
35042 1
35059 1
35077 6
35129 19
35281 10
35371 2
35397 2
35423 1
35441 1
35460 1
35479 1
35495 2
35519 3
35554 2
35577 2
35599 4
35639 1
35655 1
35673 2
35691 1
35707 3
35740 36
36038 26
36259 5
36307 1
36325 7
36389 1
36403 1
36419 1
36438 65
36950 11
37046 1
37064 2
37088 1
37103 1
37116 41
37459 28
37696 1
37714 1
37731 2
37756 3
37787 1
37801 3
37830 1
37847 1
37861 1
37877 8
37947 62
38445 1
38462 1
38476 1
38494 22
38681 2
38708 4
38744 1
38762 2
38783 1
38800 2
38821 4
38860 6
38920 82
39554 1
39569 4
39608 2
39635 1
39652 1
39669 1
39686 2
39711 1
39727 1
39741 1
39755 6
39810 1
39826 2
39849 4
39892 143
41007 3
41040 1
41057 5
41105 1
41123 2
41146 26
41366 1
41384 3
41417 1
41437 164
42754 1
42771 2
42794 1
42810 3
42844 1
42858 1
42871 1
42886 1
42901 1
42915 1
42931 1
42946 1
42959 1
42977 4
43017 1
43036 1
43056 1
43072 1
43088 173
44418 52
44848 1
44862 1
44878 2
44900 2
44922 1
44936 1
44949 7
45011 1
45028 1
45047 3
45083 61
45557 1
45576 1
45593 1
45609 5
45659 18
45809 1
45824 2
45850 1
45867 1
45880 2
45905 2
45933 2
45957 2
45983 4
46025 1
46043 2
46066 2
46084 1
46096 2
46122 9
46201 1
46218 1
46237 1
46255 1
46271 122
47248 2
47274 1
47287 23
47472 13
47588 1
47607 1
47623 1
47636 42
47959 1
47978 9
48057 1
48075 1
48093 1
48109 1
48125 10
48218 1
48235 5
48284 5
48335 1
48352 1
48369 1
48384 1
48401 1
48418 1
48435 1
48453 1
48466 2
48492 11
48588 2
48612 1
48631 3
48666 1
48682 1
48702 1
48719 1
48735 4
48771 1
48790 1
48805 7
48871 1
48888 171
50231 192
51744 29
51979 27
52208 2
52232 8
52306 1
52327 3
52360 20
52513 1
52530 6
52584 4
52623 7
52688 1
52706 2
52729 1
52746 5
52795 1
52810 1
52829 3
52861 1
52876 3
52907 1
52926 1
52941 3
52972 2
52994 13
53103 1
53119 1
53136 4
53173 121
54145 1
54160 1
54174 1
54189 1
54204 1
54220 5
54265 9
54352 1
54367 2
54388 1
54405 1
54420 1
54435 1
54449 9
54534 1
54549 1
54560 2
54582 2
54604 1
54620 1
54635 1
54650 1
54666 1
54680 1
54695 11
54792 4
54831 2
54858 2
54880 2
54905 14
55022 4
55057 1
55075 1
55096 3
55127 16
55261 2
55284 1
55304 1
55317 1
55331 2
55355 1
55373 1
55389 2
55412 2
55438 2
55463 1
55482 1
55499 4
55537 1
55551 1
55564 1
55583 1
55597 1
55612 1
55628 1
55641 12
55743 1
55758 3
55789 12
55889 2
55916 9
56007 10
56098 1
56115 4
56156 1
56171 3
56210 2
56234 16
56375 1
56389 1
56405 1
56422 2
56444 1
56461 2
56484 1
56499 50
56889 1
56905 8
56973 1
56990 2
57014 2
57036 8
57112 3
57144 16
57279 1
57296 1
57311 1
57327 1
57346 17
57491 4
57531 1
57552 3
57586 1
57601 1
57618 1
57633 1
57648 1
57663 14
57783 2
57803 1
57820 1
57837 4
57879 2
57906 2
57929 1
57945 1
57961 2
57986 6
58046 1
58066 13
58175 2
58199 1
58216 1
58230 1
58246 1
58264 2
58288 1
58305 2
58331 1
58348 2
58375 1
58391 9
58476 5
58525 5
58576 8
58650 2
58672 2
58696 7
58760 1
58777 11
58873 2
58895 1
58911 1
58927 3
58956 264
61027 65
61572 2
61595 2
61620 1
61639 4
61676 1
61691 1
61708 1
61726 1
61745 12
61838 6
61898 151
63141 1
63161 3
63192 2
63215 1
63228 1
63244 1
63258 1
63271 1
63286 1
63303 9
63380 1
63398 1
63416 1
63431 2
63454 29
63693 1
63712 1
63729 1
63745 1
63762 15
63893 4
63934 1
63950 41
64283 1
64299 1
64316 2
64340 7
64403 1
64415 1
64429 1
64448 1
64461 1
64474 22
64662 1
64677 1
64692 9
64774 1
64791 1
64806 1
64822 1
64839 2
64862 6
64919 1
64939 1
64957 1
64974 2
65000 1
65018 1
65039 9
65114 1
65130 2
65152 2
65178 1
65198 1
65213 2
65236 1
65250 2
65271 1
65287 4
65329 1
65342 5
65392 1
65412 1
65430 4
65469 1
65484 6
65534 1
65551 496
69410 1
69425 1
69443 2
69470 7
69535 1
69553 4
69596 1
69613 1
69627 1
69642 1
69657 1
69670 10
69759 7
69825 1
69846 5
69890 1
69907 126
70921 41
71262 5
71312 1
71331 2
71355 1
71371 1
71389 5
71434 16
71564 1
71584 1
71602 1
71621 1
71639 4
71680 2
71706 1
71720 3
71747 1
71765 1
71779 1
71796 2
71823 12
71927 12
72035 1
72054 1
72073 1
72089 3
72121 3
72155 1
72171 1
72188 1
72208 3
72239 2
72264 1
72280 1
72296 2
72319 4
72361 1
72374 1
72389 1
72405 1
72419 1
72436 1
72450 1
72467 9
72547 10
72640 1
72656 1
72674 13
72786 1
72800 2
72826 9
72912 1
72926 1
72944 1
72961 1
72981 2
73003 3
73038 10
73121 18
73269 2
73298 1
73315 1
73331 4
73371 1
73387 1
73402 2
73427 2
73454 1
73474 14
73596 1
73611 1
73627 1
73644 1
73662 1
73679 1
73699 1
73715 5
73766 3
73799 2
73824 3
73857 4
73896 1
73914 3
73943 1
73959 33
74222 1
74240 1
74254 1
74270 1
74287 25
74483 6
74539 4
74577 17
74721 1
74738 6
74792 9
74874 1
74895 2
74917 1
74935 2
74959 8
75024 3
75056 2
75079 3
75110 1
75128 2
75149 1
75166 4
75209 17
75351 8
75423 4
75460 1
75475 2
75495 1
75516 1
75532 6
75584 1
75603 1
75622 10
75712 1
75732 2536
95691 1
95704 1
95722 2
95748 2
95773 31
96033 4
96075 6
96134 1
96147 1
96163 1
96181 2
96205 1
96220 120
97171 2
97199 3
97233 1
97251 1
97269 1
97288 2
97315 1
97330 1
97348 1
97362 1
97377 1
97392 2
97416 2
97439 1
97456 2
97483 1
97498 4
97542 1
97557 1
97572 3
97604 1
97619 2
97642 1
97660 2
97681 6
97740 1
97755 1
97771 2
97794 1
97811 1
97824 23
98021 1
98038 1
98058 1
98076 2
98101 1
98115 1
98133 1
98148 5
98196 1
98215 6
98266 4
98303 1
98319 1
98335 5
98389 1
98404 1
98423 22
98599 1
98613 1
98627 1
98644 1
98659 1
98674 2
98701 2
98724 3
98756 1
98770 1
98784 1
98803 1
98820 5
98865 1
98885 4
98923 1
98941 1
98955 3
98987 4
99025 2
99053 6
99108 10
99197 1
99214 3
99245 1
99262 2
99284 1
99304 1
99318 1
99336 1
99355 1
99369 1
99386 1
99401 122
100376 1
100392 1
100410 1
100425 1
100443 1
100457 1
100474 1
100487 1
100502 4
100543 3
100579 4
100618 1
100637 1
100652 5
100705 1
100719 1
100736 3
100766 1
100782 10
100864 1
100879 68
101419 1
101434 1
101453 1
101466 1
101481 14
101602 3
101635 1
101651 1
101666 2
101692 23
101879 1
101894 4
101939 2
101961 1
101977 9
102060 2
102085 1
102099 1
102118 1
102134 1
102147 3
102177 1
102194 4
102236 1
102250 1
102267 2
102293 1
102312 1
102328 1
102347 1
102361 1
102376 2
102396 3
102426 10
102514 118
103446 4
103485 16
103619 1
103634 1
103648 1
103661 10
103750 2
103777 1
103794 1
103809 2
103836 3
103870 2
103895 5
103940 1
103958 2
103981 1
104002 1
104018 1
104033 1
104049 1
104067 3
104099 1
104116 14
104232 1
104249 1
104267 1
104283 1
104302 4
104345 18
104508 1
104525 1
104541 2
104565 1
104586 3
104619 1
104634 61
105115 90
105864 1
105877 2
105900 1
105920 1
105938 3
105972 1
105988 4
106026 5
106071 1
106088 1
106106 1
106124 3
106155 1
106171 3
106208 1
106225 2
106251 1
106267 1
106282 1
106299 11
106396 2
106422 2
106441 3
106473 1
106489 2
106516 1
106533 3
106561 1
106575 8
106643 1
106664 1
106683 1
106698 21
106874 5
106921 2
106946 5
106996 5
107046 1
107061 1
107076 6
107131 9
107209 1
107223 13
107336 411
110610 8
110685 2
110709 1
110724 1
110742 10
110830 1
110847 1
110867 1
110886 4
110923 2
110950 1
110969 2
110997 1
111013 4
111054 1
111070 33
111339 3
111369 18
111524 12
111628 6
111686 1
111705 1
111721 9
111800 1
111812 1
111828 1
111843 1
111857 1
111874 3
111904 1
111920 9
111996 1
112013 1
112032 1
112048 1
112065 1
112079 3
112111 3
112143 1
112160 1
112178 1
112193 2
112219 1
112236 1
112248 1
112265 1
112279 1
112293 1
112305 3
112337 1
112355 1
112370 5
112417 6
112471 2
112496 2
112520 4
112563 1
112578 2
112603 7
112667 5
112713 1
112729 11
112819 10
112913 1
112925 1
112941 1
112954 469
116663 1
116680 15
116804 1
116822 1
116839 1
116857 1
116870 1
116887 18
117049 20
117224 5
117271 21
117447 2
117471 1
117487 8
117557 4
117600 1
117617 1
117634 1
117649 1
117664 3
117695 1
117708 2
117732 1
117751 1
117766 20
117932 1
117949 1
117965 2
117991 4
118039 2
118060 2
118084 3
118113 3
118146 2
118170 1
118189 1
118209 1
118223 3
118255 7
118313 1
118329 2
118352 1
118366 41
118687 1
118701 1
118716 1
118734 3
118767 1
118781 6
118840 1
118856 1
118872 1
118888 2
118909 1
118924 1
118942 1
118957 1
118970 6
119030 1
119043 2
119066 7
119137 4
119174 1
119189 1
119204 2
119228 1
119246 3
119275 1
119294 1
119310 1
119323 1
119337 8
119408 1
119423 1
119435 10
119522 1
119538 2
119564 1
119584 1
119599 1
119618 3
119652 1
119668 1
119686 1
119700 1
119716 3
119751 4
119791 1
119805 5
119857 3
119885 1
119902 1
119919 143
121072 4
121112 2
121135 13
121251 1
121271 1
121288 1
121304 1
121321 1
121338 2
121367 1
121382 4
121424 1
121441 49
121845 5
121892 2
121915 1
121933 3
121966 2
121989 8
122059 5
122112 5
122162 18
122327 1
122344 1
122359 2
122383 1
122399 103
123219 96
124005 2
124030 1
124048 2
124075 7
124136 4
124179 20
124350 13
124460 1
124478 1
124492 1
124508 13
124618 12
124724 2
124747 6
124810 1
124827 4
124868 6
124929 5
124977 16
125112 1
125132 10
125219 7
125284 1
125302 1
125319 5
125369 3
125402 17
125540 1
125557 3
125588 5
125637 1
125657 2
125683 9
125764 1
125783 2
125809 9
125887 11
125982 1
125997 42
126337 6
126389 1
126406 1
126424 9
126502 1
126518 1
126533 1
126550 1
126567 1
126585 2
126609 1
126626 1
126642 2
126667 70
127269 1
127287 2
127313 4
127350 7
127416 1
127434 2
127458 3
127491 1
127509 1
127526 1
127540 1
127556 1
127576 1
127591 2
127619 17
127757 2
127781 2
127802 3
127833 5
127881 1
127900 1
127914 1
127930 2
127952 1
127968 7
128030 1
128046 8
128117 2
128142 1
128159 2
128186 1
128203 3
128238 2
128261 2
128288 1
128306 129
129300 1
129317 1
129334 11
129431 2
129456 102
130276 1
130293 1
130310 1
130326 2
130347 1
130363 3
130395 2
130420 2
130442 1
130455 1
130468 1
130484 1
130500 1
130516 1
130530 1
130543 3
130573 22
130730 3
130763 1
130778 1
130795 1
130810 1
130824 1
130840 2
130863 3
130892 1
130909 2
130933 6
130989 19
131148 3
131183 10
131272 1
131286 1
131300 1
131320 26
131537 10
131623 95
132382 1
132400 1
132418 1
132433 926
139821 1
139840 3
139876 3
139912 1
139928 1
139944 5
139994 2
140018 1
140035 4
140077 1
140093 1
140106 4
140147 5
140196 1
140212 3
140246 1
140261 1
140275 1
140290 1
140307 1
140322 1
140338 3
140366 4
140406 1
140424 1
140443 1
140459 29
140686 1
140704 75
141320 1
141336 24
141538 1
141558 2
141585 1
141601 7
141663 2
141685 1
141703 2
141729 18
141881 1
141896 1
141914 6
141973 1
141989 4
142029 2
142055 22
142251 3
142284 1
142302 11
142398 10
142481 3
142517 1
142536 9
142622 2
142646 9
142733 2
142760 1
142777 24
142967 1
142984 2
143009 5
143055 5
143100 2
143123 1
143142 3
143176 1
143192 1
143208 2
143235 1
143252 1
143267 2
143291 3
143321 2
143351 3
143383 2
143413 21
143589 5
143638 4
143681 3
143716 10
143802 1
143816 1
143834 2
143857 1
143873 1
143892 1
143907 15
144036 1
144054 5
144101 3
144136 5
144182 3
144215 1
144230 2
144251 3
144282 5
144330 1
144346 39
144655 19
144799 1
144813 1
144830 4
144866 35
145159 1
145176 6
145237 17
145377 1
145397 44
145765 21
145932 17
146066 2
146091 102
146906 2
146932 98
147745 1
147759 1
147780 1
147798 1
147815 1
147831 1
147850 1
147865 1
147881 1
147895 1
147912 1
147927 1
147944 2
147969 1
147985 1
147999 64
148472 1
148491 5
148536 3
148569 7
148632 6
148689 89
149386 1
149403 2
149430 2
149455 1
149471 1
149484 1
149498 1
149512 1
149528 2
149553 97
150337 2
150361 3
150392 1
150408 1
150424 2
150451 11
150551 2
150572 27
150787 1
150804 2
150829 4
150869 16
151008 1
151028 1
151046 1
151061 3
151094 338
153775 19
153935 1
153950 1
153965 2
153989 2
154011 46
154384 1
154401 1
154421 2
154445 2
154468 2
154491 4
154528 2
154554 11
154648 4
154684 3
154720 1
154738 2
154760 2
154787 31
155036 34
155324 1
155339 1
155355 6
155407 1
155427 3
155456 1
155473 1
155491 1
155507 1
155524 2
155551 12
155650 3
155682 2
155707 16
155847 2
155870 1
155886 1
155903 5
155950 1
155964 3
155997 4
156038 11
156136 1
156154 1
156169 1
156183 1
156198 11
156290 1
156308 2
156332 6
156387 6
156441 181
157868 12
157984 2
158007 1
158024 8
158093 1
158112 38
158425 50
158839 1
158854 4
158897 1
158911 1
158930 2
158953 1
158971 91
159701 6
159753 12
159856 2
159882 1
159896 1
159912 1
159928 1
159945 1
159962 2
159987 2
160006 1
160023 9
160102 1
160120 1
160135 1
160151 6
160206 1
160220 1
160233 2
160259 2
160286 2
160308 3
160339 2
160359 1
160377 2
160402 2
160427 5
160475 2
160503 1
160517 1
160532 2
160556 1
160571 1
160589 1
160606 1
160623 1
160641 4
160683 5
160735 351
163535 5
163583 2
163608 2
163630 2
163653 2
163679 1
163695 1
163710 3
163741 14
163857 9
163939 3
163973 1
163990 4
164032 53
164452 8
164519 52
164927 2
164954 1
164969 2
164990 3
165024 1
165042 124
166025 10
166119 3
166154 2
166177 1
166194 2
166219 1
166235 4
166273 2
166297 5
166343 112
167269 21
167448 2
167476 1
167493 1
167509 26
167734 1
167752 1
167765 1
167780 34
168041 1
168058 3
168090 2
168115 13
168226 3
168259 7
168326 1
168342 4
168386 6
168443 1
168460 15
168593 19
168753 1
168769 1
168783 1
168799 1
168815 1
168832 174
170233 8
170306 1
170323 1
170338 1
170356 1
170376 170
171713 1
171729 1
171748 4
171786 33
172060 2
172086 25
172289 1
172304 1
172322 1
172337 5
172388 6
172446 1
172465 1
172482 8
172553 1
172572 1
172589 1
172605 6
172662 1
172678 1
172695 1
172711 1
172726 1
172743 1
172760 3
172797 2
172820 78
173422 1
173438 22
173618 10
173705 36
174002 1
174015 1
174033 3
174066 1
174085 1
174101 1
174116 1
174131 1
174149 1
174167 1
174185 1
174204 1
174220 1
174238 4
174282 1
174299 1
174317 3
174349 16
174490 6
174547 6
174604 1
174621 19
174776 2
174802 2
174826 1
174846 1
174863 1
174882 10
174973 6
175030 1
175047 14
175167 10
175255 2
175280 1
175299 1
175310 1
175325 4
175365 2
175391 1
175408 15
175530 8
175599 1
175619 1
175633 1
175650 4
175693 2
175716 1
175732 1
175747 1
175764 1
175781 1
175797 1
175811 1
175827 1
175843 1
175857 9
175930 1
175943 1
175962 6
176019 2
176045 1
176062 8
176134 2
176159 3
176190 1
176207 6
176263 1
176282 7
176353 2
176377 2
176403 2
176426 1
176440 9
176520 1
176536 2
176563 1
176579 1
176595 1
176615 2
176641 18
176797 4
176838 1
176854 45
177210 5
177258 2
177281 1
177299 1
177317 620
182147 491
185909 2
185933 1
185947 2
185972 1
185990 4
186025 30
186269 1
186289 2
186316 1
186335 2
186362 1
186377 1
186392 3
186422 1
186440 2
186463 3
186498 1
186511 3
186543 1
186562 2
186582 4
186622 1
186639 1
186653 1
186668 3
186697 1
186717 3
186749 1
186766 1
186784 1
186802 11
186903 2
186930 6
186990 1
187008 1
187024 1
187041 2
187063 6
187117 2
187144 1
187161 7
187225 2
187250 1
187266 1
187281 71
187867 1
187885 78
188494 8
188568 2
188594 6
188652 3
188685 1
188698 5
188742 1
188757 1
188775 1
188791 1
188810 12
188915 1
188928 24
189130 22
189314 2
189337 2
189364 1
189382 1
189397 1
189414 29
189655 2
189681 1
189700 4
189744 1
189758 5
189809 1
189825 1
189842 3
189874 1
189892 8
189969 1
189983 5
190029 1
190044 1
190063 2
190088 1
190102 1
190116 3
190146 15
190275 4
190314 1
190326 1
190342 1
190357 1
190377 1
190396 1
190408 4
190447 1
190464 1
190484 4
190524 133
191583 1
191595 2
191625 1
191641 2
191665 69
192221 9
192298 1
192312 6
192366 4
192409 2
192433 2
192457 3
192488 1
192503 1
192520 1
192534 2
192557 1
192573 1
192592 1
192607 1
192624 1
192640 2
192663 1
192680 64
193178 127
194219 4
194259 1
194275 1
194290 2
194316 7
194385 12
194496 30
194751 1
194766 6
194820 2
194843 6
194906 6
194962 3
194993 1
195008 1
195026 1
195042 9
195123 1
195136 1
195153 1
195170 1
195187 1
195202 1
195215 6
195270 1
195286 30
195542 1
195558 5
195602 1
195616 3
195644 19
195801 17
195950 1
195970 1
195989 1
196004 1
196021 4
196060 32
196326 1
196341 3
196374 1
196389 2
196412 4
196454 1
196470 1
196483 1
196497 2
196525 3
196561 2
196587 3
196622 1
196639 1
196656 1
196674 1
196691 10
196771 8
196845 23
197032 1
197047 1
197064 1
197081 2
197104 4
197141 13
197255 13
197363 1
197380 3
197415 25
197617 1
197632 6
197690 2
197716 1
197728 2
197754 3
197786 3
197818 1
197832 2
197855 1
197870 7
197930 1098
206429 1
206446 1
206460 1
206475 133
207519 47
207874 6
207929 3
207960 1
207975 9
208051 2
208074 1
208090 4
208127 1
208145 1
208160 5
208203 1
208216 1
208233 1
208250 1
208267 6
208320 2
208349 74
208978 11
209072 1
209089 71
209644 2
209668 1
209686 1
209702 2
209725 6
209771 1
209787 13
209897 1
209913 1
209929 8
209999 1
210014 5
210060 2
210083 8
210154 1
210169 1
210182 1
210197 2
210223 1
210241 1
210257 2
210281 1
210297 1
210311 1
210330 1
210349 1
210366 1
210380 1
210399 93
211150 7
211216 9
211298 2
211319 1
211335 1
211349 1
211366 2
211389 1
211404 15
211537 1
211551 1
211566 2
211588 5
211639 18
211782 1
211798 8
211870 24
212076 3
212110 1
212126 1
212144 1
212159 1
212174 1
212189 1
212205 1
212224 92
212975 2
212998 3
213033 1
213047 1
213065 1
213079 5
213128 2
213150 164
214480 918
221535 6
221594 1
221612 33
221883 1
221897 2
221922 2
221943 1
221964 7
222036 4
222076 3
222111 2
222136 9
222218 7
222283 2
222308 3
222339 9
222420 1
222433 21
222616 9
222695 3
222729 1
222743 8
222813 1
222826 1
222842 1
222855 1
222870 2
222893 1
222909 1
222926 2
222951 4
222990 3
223020 7
223084 1
223103 1
223119 2
223147 3
223184 9
223263 19
223424 1
223439 1
223453 2
223475 1
223492 1
223506 1
223522 1
223541 1
223557 1
223571 15
223695 1
223711 1
223727 1
223743 2
223768 1
223782 1
223798 6
223850 1
223866 16
223994 1
224012 1
224026 1
224044 11
224141 2
224166 209
225810 94
226550 2
226573 4
226612 1
226629 1
226648 18
226802 1
226821 3
226851 1
226869 1
226885 2
226912 2
226936 2
226961 19
227121 1
227139 5
227183 1
227197 10
227282 4
227319 1
227336 3
227367 1
227384 2
227410 9
227486 1
227504 213
229159 1
229174 2
229193 1
229210 2
229234 142
230346 1
230362 1
230381 2
230407 1
230425 1
230443 6
230497 1
230510 2
230534 10
230623 2
230647 10
230730 1
230745 1
230759 1
230776 1
230788 10
230874 1
230888 1
230905 3
230935 1
230952 1
230971 2
230995 2
231017 3
231052 12
231154 1
231168 1
231184 2
231210 13
231326 1
231345 2
231368 2
231395 1
231409 2
231435 3
231470 1
231488 1
231502 4
231541 4
231583 1
231600 4
231640 1
231659 1
231678 1
231692 1
231710 1
231722 1
231735 1
231749 2
231771 3
231801 6
231853 1
231871 1
231888 1
231905 1
231924 3
231957 1
231976 1
231990 1
232002 1
232017 2
232042 1
232057 17
232196 3
232231 3
232261 2
232284 1
232297 1
232309 4
232347 1
232365 1
232380 1
232394 1
232414 13
232529 1
232542 7
232603 2
232627 153
233884 4
233925 11
234026 1
234041 1
234056 2
234079 1
234096 1
234115 1
234134 1
234150 1
234163 1
234180 11
234271 2
234294 5
234342 1
234360 1
234377 10
234456 1
234469 3
234502 2
234526 10
234614 3
234647 1
234661 30
234908 1
234923 1
234940 2
234964 2
234988 1
235002 2
235022 2
235045 1
235060 11
235160 1
235175 1
235190 6
235250 1
235266 1
235279 1
235296 2
235320 9
235404 1
235423 2
235449 1
235465 1
235482 6
235537 1
235552 1
235570 2
235593 1
235610 3
235644 2
235669 11
235767 1
235787 77
236406 5
236449 1
236463 1
236479 1
236492 1
236509 1
236523 1
236541 2
236566 2
236584 1
236598 1
236612 3
236645 4
236682 42
237015 1
237035 13
237151 1
237164 11
237258 9
237337 1
237354 5
237398 2
237425 5
237466 1
237482 69
238026 1
238046 2
238071 82
238715 1
238733 2
238754 1
238767 1
238782 20
238946 1
238961 1
238975 1
238990 13
239089 3
239120 1
239140 16
239268 25
239463 4
239504 1
239523 4
239562 2
239591 1
239607 10
239695 1
239711 1
239725 1
239738 2
239762 5
239807 1
239826 13
239942 7
240005 7
240066 22
240250 1
240267 1
240280 1
240295 1
240312 4
240355 4
240398 1
240411 161
241693 15
241821 1
241836 1
241851 1
241864 1
241884 1
241899 1
241912 7
241974 2
241998 4
242035 1
242053 23
242241 15
242369 1
242385 1
242401 1
242419 1
242434 1
242453 1
242473 4
242514 1
242530 1
242549 1
242567 1
242583 1
242599 1
242614 1
242631 1
242644 73
243225 3
243259 7
243324 1
243340 15
243469 2
243496 1
243512 2
243536 2
243564 2
243585 2
243611 2
243631 1
243647 1
243665 2
243690 1
243703 1
243717 2
243740 4
243784 1
243797 1
243814 1
243828 1
243843 1
243856 3
243888 1
243905 1
243919 1
243935 2
243955 1
243970 2
243993 2
244015 1
244034 1
244051 1
244066 4
244102 93
244842 2
244865 1
244880 7
244940 2
244966 1
244981 1
244995 2
245021 1
245037 1
245052 4
245090 2
245111 3
245141 2
245164 1
245180 108
246031 2
246056 1
246073 1
246087 1
246101 1
246120 69
246661 2
246685 1
246704 35
246979 1
246993 5
247040 2
247064 30
247301 2
247327 2
247351 1
247364 1
247380 32
247638 94
248387 391
251504 3
251534 1
251547 1
251561 1
251577 1
251592 1
251607 1
251625 4
251666 1
251681 1
251699 1
251716 1
251731 2
251754 1
251770 1
251783 22
251956 7
252018 1
252037 3
252069 26
252278 1
252294 1
252306 3
252338 15
252463 1
252479 1
252496 3
252526 33
252789 1
252803 1
252818 1
252835 3
252864 4
252902 1
252916 1
252934 2
252957 4
252995 1
253013 1
253029 1
253045 2
253070 1
253085 1
253100 6
253152 3
253185 1
253200 1
253215 1
253231 1
253248 1
253263 2
253290 2
253314 1
253332 2
253358 2
253381 7
253451 2
253474 2
253501 2
253524 4
253562 1
253578 1
253591 1
253610 3
253640 8
253714 1
253733 1
253751 1
253765 1
253780 1
253798 2
253819 1
253833 1
253848 1
253862 3
253894 4
253935 1
253953 52
254362 11
254451 1
254469 1
254488 3
254524 1
254541 4
254580 2
254603 5
254653 1
254668 2
254695 2
254719 3
254752 176
256102 2
256126 2
256152 92
256885 4
256925 1
256939 1
256957 1
256970 4
257007 293
259229 1
259247 6
259307 1
259321 1
259339 1
259355 1
259372 2
259397 1
259414 1
259429 1
259445 3
259477 3
259510 1
259525 3
259556 1
259572 1
259589 1
259605 18
259755 1
259772 1
259788 2
259812 40
260147 1
260164 3
260192 3
260225 3
260256 2
260278 1
260297 1
260313 1
260329 1
260347 139
261574 1
261590 2
261612 1
261629 2
261653 1
261670 1
261686 3
261720 10
261807 1
261821 1
261836 14
261957 1
261973 1
261990 9
262075 3
262108 1
262123 2
262147 1
262160 1
262174 1
262189 5
262235 3
262264 1
262281 2
262303 5
262351 1
262369 122
263357 4
263397 3
263427 1
263443 2
263468 4
263511 2
263534 2
263562 2
263585 2
263607 1
263623 1
263639 1
263655 3
263685 3
263720 23
263930 3
263960 1
263975 2
264000 1
264020 2
264042 48
264427 2
264448 1
264464 2
264488 2
264512 1
264527 2
264548 24
264753 34
265026 1
265042 2
265068 1
265083 1
265102 14
265223 4
265262 1
265276 1
265291 1
265312 1
265328 1
265345 7
265412 1
265425 2
265447 1
265462 1
265476 1
265496 2
265519 31
265764 1
265782 1
265799 1
265815 3
265844 1
265862 41
266202 6
266261 1
266274 39
266584 1
266598 6
266660 1
266677 2
266706 1
266723 55
267168 162
268482 5
268530 1
268548 13
268661 1
268675 2
268697 1
268715 1
268735 1
268751 1
268767 1
268782 1
268800 1
268817 7
268881 4
268921 1
268937 1
268954 118
269812 1
269826 1
269841 1
269856 2
269878 1
269898 2
269919 3
269947 109
270830 1
270846 1
270861 54
271290 3
271325 1
271339 1
271355 4
271392 1
271406 1
271424 4
271460 7
271521 2
271546 1
271564 7
271624 8
271695 2
271720 1
271736 7
271796 1
271815 1
271834 15
271966 1
271981 7
272040 1
272057 750
278278 1
278294 1
278311 1
278325 3
278358 1
278374 2
278395 1
278409 11
278506 2
278530 14
278652 2
278676 7
278737 22
278924 1
278939 27
279155 1
279172 1
279191 16
279322 9
279400 1
279418 5
279462 62
279976 21
280151 2
280176 1
280193 1
280206 1
280225 1
280239 12
280338 1
280351 2
280375 1
280390 1
280407 3
280435 1
280449 1
280466 2
280490 1
280508 1
280529 31
280780 2
280802 2
280826 1
280840 2
280863 1
280877 2
280904 12
281009 7
281072 1
281088 1
281106 1
281121 2
281143 84
281806 22
281999 1
282016 2
282041 109
282914 1
282932 3
282962 4
283002 1
283017 1
283030 1
283046 2
283073 1
283090 4
283129 1
283141 3
283169 1
283184 1
283197 2
283221 1
283238 33
283508 18
283660 4
283700 1
283713 2
283735 21
283900 1
283914 1
283933 12
284031 3
284063 587
288859 6
288914 1
288932 1
288946 52
289338 1
289354 6
289413 18
289566 1
289583 20
289752 1
289771 5
289820 2
289846 5
289892 2
289917 32
290168 207
291727 1
291744 6
291797 1
291815 1
291831 32
292093 1
292109 8
292183 1
292199 2
292225 2
292248 73
292880 10
292961 1
292978 2
293003 1
293017 5
293065 7
293127 7
293197 1
293213 1
293230 7
293294 1
293311 2
293335 1
293350 8
293420 1
293433 1
293450 1
293465 2
293487 1
293506 1
293520 124
294484 1
294501 3
294534 1
294551 5
294601 4
294641 2
294668 25
294883 4
294923 2
294952 4
294990 2
295013 1
295033 7
295099 8
295172 1
295191 4
295228 1
295244 1
295263 3
295295 3
295332 5
295382 1
295400 14
295516 6
295572 3
295608 4
295650 1
295666 1
295679 1
295697 1
295715 2
295741 1
295759 1
295775 221
297531 2
297554 3
297587 4
297630 2
297650 2
297673 1
297692 2
297719 2
297744 2
297773 1
297792 1
297808 3
297841 1
297858 2
297881 5
297926 1
297941 3
297974 1
297991 1
298009 1
298024 1
298038 1
298053 4
298087 1
298100 2
298125 1
298139 1
298155 1
298173 1
298189 5
298239 3
298274 3
298307 1
298320 12
298432 5
298482 2
298508 4
298545 1
298561 1
298578 1
298594 35
298884 4
298922 1
298935 4
298973 1
298990 1
299008 1
299022 2
299046 4
299087 8
299166 2
299191 2
299214 8
299290 1
299306 1
299321 1
299338 1
299353 1
299366 1
299382 1
299401 1
299417 1
299435 1
299450 12
299551 1
299565 1
299580 1
299594 1
299609 1
299627 2
299653 1
299672 1
299689 4
299730 5
299776 2
299803 10
299890 1
299906 1
299924 1
299944 1
299961 1
299978 4
300016 7
300079 4
300118 190
301664 3
301698 1
301714 1
301726 1
301741 1
301756 1
301771 1
301791 11
301877 13
301985 2
302007 1
302024 1
302042 1
302057 1
302071 1
302086 3
302117 5
302162 20
302326 1
302345 1
302361 2
302381 1
302396 1
302415 4
302458 1
302477 2
302498 1
302515 1
302528 2
302554 1
302572 7
302638 5
302683 1
302701 1
302719 1
302738 1
302754 1
302772 2
302795 1
302812 20
302967 1
302980 1
302997 7
303061 2
303083 1
303099 1
303114 1
303128 2
303153 1
303168 1
303182 1
303199 1
303215 2
303242 1
303259 1
303276 3
303309 5
303355 88
304025 85
304703 1
304720 3
304754 1
304771 1
304787 3
304817 4
304859 2
304880 1
304895 9
304972 6
305028 2
305051 1
305066 30
305307 4
305352 2
305374 1
305391 2
305416 45
305775 7
305840 8
305918 1
305935 21
306112 3
306150 45
306518 4
306557 1
306569 3
306601 1
306617 1
306636 3
306665 182
308141 107
308994 1
309014 2
309036 1
309053 1
309067 1
309080 13
309190 14
309319 1
309333 1
309349 1
309368 1
309383 3
309415 10
309497 20
309651 1
309671 1
309690 4
309732 2
309759 1
309777 1
309794 1
309808 1
309821 2
309844 1
309862 1
309874 1
309888 4
309935 1
309952 1
309967 2
309993 1
310005 1
310022 3
310055 2
310081 1
310101 1
310117 2
310144 1
310160 20
310328 1
310347 3
310379 2
310406 1
310423 4
310463 1
310477 30
310723 2
310747 1
310764 1
310778 1
310795 1
310809 1
310828 1
310848 10
310937 4
310976 1
310992 3
311022 2
311043 1
311062 3
311096 3
311125 1
311140 1
311155 1
311172 2
311196 5
311241 1
311259 2
311285 2
311311 1
311326 1
311344 2
311368 1
311385 2
311410 4
311451 1
311468 1
311481 1
311493 4
311531 1
311545 1
311563 1
311580 1
311594 4
311627 2
311651 1
311667 1
311682 1
311696 9
311776 1
311793 1
311809 32
312066 23
312263 1
312281 1
312298 1
312317 6
312374 7
312434 11
312538 1
312552 2
312580 1
312599 1
312617 1
312633 4
312671 1
312690 3
312722 1
312737 5
312788 1
312807 2
312832 1
312847 1
312860 1
312877 1
312892 1
312910 3
312943 5
312990 1
313006 1
313019 1
313039 17
313176 1
313192 1
313208 1
313223 1
313237 1
313250 75
313832 18
313990 2
314014 1
314030 1
314046 1
314065 13
314175 1
314190 10
314279 1
314297 2
314321 1
314334 1
314348 6
314405 3
314439 1
314458 1
314476 1
314491 4
314531 36
314826 1
314843 1
314860 1
314875 2
314899 1
314915 2
314941 1
314955 5
315004 2
315028 1
315043 3
315074 2
315094 5
315143 1
315161 1
315178 4
315217 1
315231 1
315247 24
315441 30
315680 2
315705 1
315719 38
316040 41
316366 22
316549 1
316566 1
316586 1
316606 1
316624 3
316662 1
316682 7
316753 4
316798 1
316818 2
316840 1
316860 2
316885 3
316919 1
316937 3
316970 3
317000 1
317017 1
317037 3
317072 2
317094 3
317126 1
317140 1
317156 2
317183 1
317199 1
317214 1
317229 7
317295 1
317311 3
317342 2
317365 1
317381 110
318266 2
318287 1
318302 1
318314 2
318338 1
318353 1
318366 1
318379 1
318392 1
318410 1
318425 4
318468 2
318492 6
318551 4
318592 10
318684 4
318727 29
318976 2
319002 2
319027 1
319046 5
319098 2
319124 1
319143 1
319160 5
319208 1
319222 1
319239 2
319265 1
319281 4
319323 1
319341 2
319368 1
319383 3
319412 2
319440 2
319462 3
319490 1
319507 1
319525 1
319539 1
319553 1
319568 1
319585 1
319604 2
319630 1
319648 1
319667 1
319686 1
319702 48
320091 8
320168 1
320183 1
320199 5
320248 1
320265 3
320298 14
320416 3
320451 5
320499 10
320584 2
320607 2
320631 1
320645 4
320684 1
320698 1
320715 1
320731 1
320746 1
320761 1
320780 1
320796 2
320819 2
320839 1
320853 3
320885 1
320903 1
320919 2
320941 3
320974 10
321065 1
321085 1
321106 1
321120 3
321154 2
321179 1
321194 1
321212 1
321225 1
321242 1
321258 1
321273 2
321302 1
321314 1
321327 2
321349 2
321374 5
321422 1
321438 7
321501 7
321567 3
321599 1
321615 1
321632 1
321645 1
321659 2
321685 1
321701 2
321725 20
321894 1
321911 3
321943 1
321962 1
321979 1
321996 6
322051 6
322104 1
322117 1
322135 5
322186 2
322211 7
322276 1
322294 1
322310 2
322332 2
322359 1
322375 1
322392 52
322837 1
322856 4
322897 4
322940 1
322957 4
322997 1
323013 2
323038 5
323083 1
323098 8
323166 2
323188 1
323202 1
323217 1
323233 3
323264 1
323281 3
323316 1
323332 3
323362 1
323375 1
323390 1
323405 1
323421 2
323445 3
323478 5
323526 3
323564 6
323616 9
323697 1
323711 1
323729 1
323747 3
323781 2
323806 1
323824 1
323839 1
323855 1
323873 1
323886 2
323911 1
323928 1
323948 1
323963 1
323978 2
324001 1
324017 5
324063 2
324092 1
324107 3
324138 1
324155 1
324169 2
324196 2
324221 1
324241 1
324259 2
324283 34
324560 4
324601 2
324624 1
324642 6
324697 1
324713 1
324730 6
324783 1
324800 1
324815 2
324834 1
324851 3
324882 1
324896 1
324910 1
324924 5
324967 1
324983 1
324998 6
325057 10
325145 2
325169 1
325187 1
325201 1
325216 1
325232 1
325247 8
325322 2
325343 1
325356 1
325370 24
325567 2
325589 2
325615 1
325632 1
325647 32
325911 7
325977 4
326016 1
326035 1
326049 1
326065 10
326150 1
326167 4
326209 6
326264 1
326277 1
326291 1
326305 2
326327 1
326345 1
326360 1
326375 2
326402 1
326418 1
326438 2
326462 2
326485 2
326508 1
326522 1
326536 2
326562 1
326577 2
326603 2
326627 1
326642 2
326664 5
326716 1
326731 4
326771 1
326784 1
326802 4
326843 1
326857 1
326876 2
326903 2
326929 1
326946 2
326970 1
326988 10
327071 1
327087 1
327106 2
327132 1
327150 1
327164 1
327182 1
327202 16
327325 1
327341 2
327365 1
327381 11
327473 1
327490 1
327507 1
327524 1
327541 2
327567 1
327585 1
327602 2
327629 1
327647 2
327669 1
327686 1
327701 1
327714 1
327733 2
327762 2
327787 1
327800 1
327817 5
327866 1
327882 111
328762 1
328779 1
328797 8
328870 23
329041 1
329059 7
329120 1
329137 1
329152 6
329210 21
329382 2
329408 1
329427 1
329443 4
329483 2
329509 3
329542 1
329561 27
329787 13
329895 1
329910 1
329928 2
329952 12
330052 1
330068 1
330085 1
330103 1
330117 8
330186 1
330204 202
331846 246
333767 28
334009 3
334037 1
334054 1
334069 1
334086 1
334101 1
334118 1
334131 1
334145 1
334158 2
334178 1
334191 1
334206 5
334250 1
334266 1
334283 84
334933 1
334948 1
334961 1
334975 7
335041 1
335058 2
335081 2
335102 11
335200 1
335213 10
335299 5
335346 1
335363 3
335397 1
335412 2
335434 1
335453 3
335488 8
335561 1
335582 3
335616 1
335633 1
335648 4
335687 2
335710 1
335728 1
335747 1
335764 4
335801 6
335857 2
335882 30
336132 1
336146 1
336163 1
336182 8
336255 4
336295 1
336309 2
336332 1
336347 3
336379 1
336397 12
336497 1
336511 1
336525 3
336558 1
336577 2
336600 3
336633 10
336714 1
336733 2
336754 1
336769 1
336787 28
337024 17
337161 1
337177 1
337193 33
337453 1
337474 42
337799 2
337823 2
337844 7
337908 1
337924 1
337942 1
337960 2
337982 173
339378 1
339394 22
339584 5
339636 1
339650 1
339663 7
339730 1
339745 3
339777 1
339791 1
339807 1
339821 2
339846 1
339859 1
339871 5
339920 1
339937 1
339951 1
339968 1
339983 1
340002 1
340019 1
340035 3
340064 1
340082 5
340129 1
340146 2
340166 6
340224 2
340244 1
340262 1
340274 36
340560 1
340578 3
340611 2
340635 1
340651 3
340683 2
340709 2
340730 5
340775 1
340796 2
340818 16
340954 27
341183 1
341198 3
341227 4
341265 1
341284 1
341304 1
341318 1
341332 5
341375 3
341407 8
341477 3
341510 1
341528 1
341543 6
341603 1
341622 3
341651 1
341668 1
341681 2
341708 1
341724 1
341739 1
341754 3
341788 1
341808 1
341826 1
341844 1
341861 1
341876 1
341893 2
341919 3
341947 3
341977 1
341994 1
342012 1
342029 1
342042 1
342059 1
342073 1
342088 1
342101 1
342114 1
342131 1
342147 1
342164 1
342176 78
342773 1
342789 1
342807 15
342940 12
343041 2
343068 3
343099 2
343121 1
343138 2
343163 1
343181 1
343197 1
343212 3
343243 1
343257 1
343271 1
343284 2
343310 1
343326 1
343341 1
343357 8
343427 1
343447 1
343464 1
343481 1
343500 7
343559 1
343575 54
344010 1
344028 1
344043 3
344074 1
344091 12
344190 1
344208 1
344224 1
344238 1
344252 1
344269 1
344282 12
344382 1
344395 10
344482 23
344659 1
344676 1
344691 7
344753 1
344769 1
344786 1
344805 1
344821 6
344880 1
344895 3
344926 4
344964 1
344977 35
345258 3
345291 1
345307 1
345322 1
345341 3
345374 1
345391 1
345411 4
345449 16
345580 144
346712 242
348666 42
348989 9
349066 8
349138 1
349152 6
349211 4
349245 2
349271 51
349681 28
349906 11
349999 1
350014 1
350029 1
350044 1
350058 56
350494 1
350511 1
350526 5
350577 1
350595 1
350609 1
350626 1
350642 1
350661 1
350675 2
350700 1
350718 1
350733 1
350750 1
350768 1
350785 4
350828 1
350843 2
350867 1
350884 5
350931 1
350947 2
350968 6
351024 1
351039 1
351054 1
351071 1
351085 1
351099 20
351262 2
351284 1
351302 1
351318 2
351342 2
351366 48
351756 5
351806 4
351845 1
351857 1
351872 2
351895 2
351919 7
351981 1
351999 1
352017 1
352037 3
352071 2
352096 4
352137 24
352339 1
352358 3
352393 2
352419 1
352438 1
352456 1
352474 1
352490 1
352504 1
352523 1
352540 51
352944 4
352983 3
353014 7
353080 3
353112 2
353138 27
353363 6
353418 1
353433 1
353448 2
353471 38
353784 1
353798 1
353817 1
353834 2
353858 30
354100 44
354459 1
354477 7
354539 2
354562 68
355118 1
355130 1
355146 67
355685 3
355715 2
355741 3
355772 1
355790 1
355808 1
355820 4
355860 1
355878 2
355899 1
355915 2
355939 1
355955 4
355996 1
356009 1
356027 1
356047 1
356061 1
356074 11
356166 21
356342 3
356378 131
357453 2
357479 1
357496 2
357515 1
357534 1
357550 1
357569 1
357582 1
357595 14
357716 20
357877 13
357989 10
358080 1
358096 3
358133 2
358157 1
358170 101
358986 228
360839 1
360856 1
360868 5
360913 8
360981 1
360996 2
361022 1
361037 1
361050 1
361064 1
361079 15
361201 3
361232 7
361304 1
361318 3
361348 1
361363 1
361380 1
361395 1
361413 2
361436 2
361462 10
361556 1
361571 1
361590 1
361606 1
361624 1
361641 2
361663 2
361686 1
361704 1
361721 1
361738 1
361754 2
361778 7
361840 1
361854 1
361869 1
361884 2
361908 6
361964 1
361984 2
362006 9
362089 6
362148 17
362291 1
362307 6
362357 6
362412 1
362430 5
362474 12
362576 14
362694 1
362709 6
362766 1
362780 1
362794 82
363457 94
364230 1
364245 1
364260 1
364274 1
364291 2
364314 11
364402 2
364426 1
364439 2
364464 1
364481 1
364495 3
364526 27
364746 3
364775 1
364792 7
364852 7
364916 2
364942 1
364957 1
364972 1
364989 3
365021 2
365043 1
365059 1
365075 1
365091 2
365116 2
365140 34
365422 1
365436 2
365464 1
365478 1
365492 1
365509 6
365564 5
365610 5
365656 1
365674 35
365953 45
366311 2
366335 2
366359 2
366386 5
366436 2
366462 1
366478 1
366497 9
366579 1
366595 1
366611 1
366626 1
366643 1
366659 1
366672 5
366718 1
366732 3
366764 2
366785 1
366800 1
366816 1
366834 1
366851 1
366869 1
366886 1
366899 1
366912 2
366934 1
366948 1
366961 7
367026 3
367058 1
367071 1
367085 1
367100 4
367138 32
367394 6
367451 4
367489 5
367541 1
367557 1
367571 1
367590 1
367604 1
367621 1
367637 3
367666 2
367688 1
367706 5
367753 1
367767 7
367828 1
367846 1
367858 7
367922 1
367939 1
367953 10
368043 1
368060 1
368074 1
368088 2
368117 24
368322 1
368335 7
368396 2
368417 1
368434 7
368495 1
368509 23
368703 2
368729 1
368747 1
368762 2
368784 2
368811 1
368828 6
368883 2
368906 1
368922 1
368940 6
368994 18
369131 2
369151 2
369176 6
369229 18
369379 4
369418 2
369440 2
369464 1
369481 1
369496 13
369605 1
369622 2
369646 2
369673 3
369693 4
369730 1
369746 3
369781 3
369811 1
369829 1
369845 1
369863 1
369880 1
369895 1
369913 1
369932 2
369960 1
369976 1
369996 1
370015 1
370033 1
370049 1
370066 1
370083 2
370109 1
370128 1
370143 2
370169 3
370203 1
370218 1
370234 1
370247 2
370273 1
370288 1
370305 37
370616 3
370644 1
370661 37
370948 6
371006 1
371022 3
371054 1
371074 1
371089 2
371116 3
371147 1
371165 1
371182 2
371206 1
371226 1
371240 1
371256 1
371274 16
371418 1
371433 2
371456 1
371473 3
371511 2
371537 1
371551 6
371608 1
371626 1
371645 1
371661 1
371679 1
371697 1
371713 1
371733 1
371750 2
371771 1
371791 1
371809 1
371826 1
371846 2
371874 1
371889 1
371901 1
371918 8
371996 3
372027 1
372041 1
372058 1
372072 1
372086 1
372101 1
372117 2
372141 4
372184 3
372216 1
372231 1
372245 1
372261 2
372286 1
372299 1
372313 1
372331 1
372347 2
372371 1
372388 1
372404 1
372423 15
372549 62
373086 16
373221 10
373308 2
373331 1
373348 25
373572 1
373587 1
373605 2
373631 2
373654 2
373680 1
373696 1
373714 2
373742 1
373760 6
373813 1
373831 1
373846 1
373862 1
373880 1
373899 1
373913 3
373944 2
373970 3
373999 4
374041 6
374092 3
374125 2
374149 3
374182 4
374226 2
374247 3
374281 3
374313 1
374326 1
374342 7
374403 1
374419 2
374443 1
374461 24
374655 2
374680 5
374732 1
374749 1
374767 2
374788 1
374803 1
374817 30
375061 141
376181 1
376197 1
376216 14
376338 1
376357 8
376425 1
376443 1
376459 1
376476 1
376495 1
376511 1
376525 1
376540 2
376566 1
376582 1
376597 1
376614 1
376631 1
376645 1
376661 1
376674 10
376762 2
376785 2
376811 1
376828 1
376844 1
376861 2
376883 1
376899 2
376921 1
376938 1
376952 1
376968 1
376984 29
377226 1
377241 2
377264 2
377291 3
377323 3
377351 2
377376 1
377389 1
377408 2
377429 1
377444 1
377459 1
377477 1
377493 1
377507 1
377523 1
377540 8
377613 5
377663 1
377679 30
377930 1
377945 1
377961 1
377980 2
378000 1
378015 1
378033 1
378046 1
378063 41
378402 43
378757 1
378776 4
378815 2
378841 11
378940 4
378976 2
379002 1
379017 1
379034 1
379049 1
379064 1
379077 2
379100 4
379147 1
379162 1
379182 3
379215 1
379231 3
379266 1
379281 1
379295 1
379316 1
379333 1
379350 1
379364 1
379379 1
379396 1
379411 1
379426 1
379443 2
379468 1
379484 1
379502 1
379516 2
379540 4
379581 3
379610 2
379634 1
379648 1
379663 1
379679 1
379696 1
379711 1
379729 1
379744 4
379784 1
379801 1
379818 5
379868 1
379882 1
379896 1
379915 3
379944 1
379960 3
379995 1
380014 1
380030 16
380163 1
380178 2
380205 13
380313 6
380373 12
380471 1
380489 1
380501 1
380515 3
380549 7
380608 1
380626 1
380643 1
380659 6
380713 2
380737 1
380757 5
380807 1
380823 8
380889 1
380906 34
381181 1
381199 2
381227 1
381245 1
381262 1
381277 1
381295 1
381311 2
381337 1
381356 1
381371 1
381384 13
381495 3
381530 1
381546 11
381635 26
381847 9
381927 5
381976 8
382048 1
382067 9
382145 2
382163 1
382179 394
385254 15
385375 7
385439 1
385459 2
385482 1
385500 4
385537 1
385551 1
385567 5
385618 2
385641 1
385657 1
385674 1
385688 1
385704 3
385740 1
385757 8
385827 1
385842 2
385866 1
385879 9
385956 6
386014 1
386031 13
386144 9
386221 6
386279 1
386293 7
386360 8
386430 1
386447 1
386461 1
386479 1
386499 4
386539 1
386556 1
386571 1
386585 1
386604 1
386618 1
386633 1
386649 86
387342 1
387358 2
387380 1
387396 8
387467 57
387943 1
387958 1
387974 1
387991 1
388004 1
388018 3
388046 1
388064 4
388102 52
388509 2
388531 323
391179 7
391241 7
391303 2
391326 1
391340 10
391427 14
391548 1
391567 1
391583 1
391598 1
391613 1
391630 1
391645 1
391658 12
391760 8
391821 1
391839 1
391857 5
391904 2
391928 1
391943 12
392044 6
392102 3
392135 7
392200 1
392213 1
392231 4
392273 1
392288 1
392306 2
392333 4
392369 1
392385 1
392400 1
392416 1
392431 4
392469 3
392497 1
392509 7
392569 1
392587 1
392605 1
392621 1
392637 5
392686 1
392701 1
392716 1
392731 1
392741 2
392766 6
392819 2
392840 5
392883 7
392943 1
392957 1
392974 16
393111 4
393151 2
393177 1
393193 1
393213 1
393229 2
393253 5
393299 1
393312 4
393352 1
393364 2
393387 1
393405 1
393422 1
393441 1
393458 1
393476 28
393711 1
393727 1
393747 1
393761 5
393809 20
393968 1
393985 4
394021 3
394055 2
394082 1
394100 6
394159 1
394176 18
394334 4
394377 2
394400 9
394475 3
394505 2
394528 21
394704 2
394725 1
394739 1
394756 2
394778 1
394794 2
394819 13
394930 1
394948 1
394964 3
394993 2
395015 5
395062 28
395312 19
395491 7
395554 2
395577 5
395624 5
395674 1
395693 3
395724 1
395739 1
395753 1
395768 1
395785 1
395799 1
395814 3
395850 2
395874 1
395889 8
395961 6
396020 1
396039 6
396092 2
396115 11
396212 1
396228 1
396246 2
396271 29
396496 1
396514 3
396548 2
396574 3
396607 3
396643 11
396742 1
396759 2
396783 2
396803 2
396829 1
396846 10
396933 1
396949 2
396969 17
397115 2
397141 1
397154 1
397170 1
397186 2
397210 1
397227 3
397260 213
398905 1
398920 3
398955 21
399143 31
399396 1
399413 10
399509 6
399570 5
399614 1490
411605 1
411621 8
411696 2
411725 1
411741 2
411764 1
411780 13
411899 1
411918 1
411938 2
411963 1
411979 1
411993 1
412008 1
412023 1
412039 1
412054 41
412380 18
412527 1
412543 1
412563 1
412578 1
412595 1
412608 1
412624 2
412647 4
412685 1
412699 1
412716 1
412731 15
412858 1
412875 4
412919 1
412939 1
412953 4
412994 1
413011 128
414047 2
414069 17
414207 1
414223 1
414240 2
414266 1
414282 2
414308 1
414324 1
414340 1
414354 1
414369 2
414395 2
414418 3
414446 8
414512 1
414529 1
414545 1
414562 36
414849 14
414967 1
414981 2
415003 1
415016 1
415030 1
415045 15
415169 1
415182 1
415197 32
415471 16
415613 2
415642 1
415656 6
415710 1
415727 10
415807 12
415906 1
415923 1
415939 1
415956 4
415993 2
416018 1
416032 1
416043 1
416056 4
416095 1
416108 1
416120 5
416169 1
416187 1
416202 1
416216 19
416377 1
416391 6
416445 5
416500 1
416515 2
416539 1
416557 2
416582 1
416599 2
416625 8
416697 8
416767 2
416788 1
416803 1
416817 1
416834 2
416860 1
416874 13
416972 3
417001 2
417027 1
417042 1
417057 1
417070 1
417087 2
417115 2
417139 8
417218 1
417233 3
417262 4
417308 4
417343 5
417394 1
417409 1
417426 1
417440 1
417456 3
417489 1
417503 2
417531 2
417557 3
417586 5
417631 1
417647 4
417691 1
417705 1
417721 1
417741 1
417754 1
417769 1
417790 1
417805 1
417823 1
417841 1
417856 1
417874 1
417890 3
417926 2
417952 1
417971 25
418183 9
418263 1
418278 1
418294 6
418348 1
418364 1
418378 4
418416 2
418440 3
418474 1
418489 2
418510 7
418576 1
418592 10
418677 2
418702 1
418719 5
418766 10
418854 2
418875 13
418987 1
419003 2
419026 2
419051 56
419507 9
419590 8
419661 1
419677 2
419703 3
419734 1
419750 1
419766 2
419789 1
419807 1
419824 1
419842 1
419862 1
419881 1
419897 2
419921 3
419952 1
419970 1
419986 1
420002 1
420019 1
420040 1
420058 1
420072 30
420325 2
420354 2
420381 2
420405 1
420424 1
420438 29
420688 6
420740 4
420783 1
420799 2
420821 3
420853 1
420866 2
420889 1
420907 1
420923 1
420941 5
420989 1
421006 24
421210 9
421299 25
421507 10
421600 3
421633 2
421659 464
425355 1
425371 2
425394 1
425415 2
425442 7
425504 2
425529 1
425543 1
425558 2
425584 1
425600 7
425666 3
425698 2
425722 1
425740 3
425769 1
425783 8
425857 4
425897 1
425913 12
426013 68
426552 1
426569 1
426586 2
426612 4
426652 1
426671 1
426685 1
426701 18
426852 13
426965 1
426980 15
427109 1
427125 1
427142 1
427160 17
427306 12
427415 1
427430 1
427445 3
427475 1
427490 14
427609 6
427668 1
427688 2
427713 1
427728 1
427742 1
427760 1
427779 1
427796 2
427821 3
427850 1
427868 2
427893 1
427908 1
427926 1
427944 1
427960 1
427980 1
427995 3
428028 1
428041 1
428057 1
428071 5
428115 2
428138 10
428227 1
428244 2
428267 12
428366 6
428420 2
428447 1
428466 1
428480 2
428505 3
428534 1
428551 17
428694 1
428712 3
428744 1
428759 2
428782 1
428802 1
428818 2
428841 2
428864 13
428976 1
428991 1
429008 9
429089 3
429124 1
429143 2
429170 2
429195 1
429211 17
429362 1
429377 3
429408 14
429519 2
429542 1
429557 16
429687 1
429705 9
429780 7
429843 1
429859 1
429876 2
429898 1
429915 5
429963 3
429995 1
430013 3
430046 1
430060 1
430076 1
430093 1
430105 2
430130 1
430144 8
430211 10
430302 8
430376 2
430403 1
430422 3
430453 1
430469 1
430487 6
430544 1
430558 24
430772 5
430819 1
430838 1
430856 1
430871 3
430904 26
431121 1
431137 1
431150 1
431164 4
431203 8
431273 3
431306 1
431323 1
431340 6
431396 2
431423 1
431441 1
431459 1
431477 1
431496 1
431514 1
431533 2
431559 8
431632 1
431646 3
431676 1
431694 7
431758 1
431772 1
431789 1
431803 1
431819 2
431842 1
431862 1
431880 1
431895 2
431919 1
431939 1
431954 2
431976 1
431992 1
432007 1
432022 1
432039 3
432072 4
432114 3
432147 2
432172 1
432187 1
432202 2
432230 5
432277 3
432313 30
432553 1
432567 1
432581 1
432597 6
432652 1
432668 2
432690 40
433004 1
433022 1
433040 1
433055 1
433071 1
433086 1
433099 1
433116 1
433135 1
433150 1
433168 1
433187 2
433214 1
433234 2
433257 1
433273 1
433288 1
433305 1
433323 1
433340 3
433373 4
433412 1
433426 1
433440 1
433455 1
433473 1
433487 1
433502 1
433517 4
433555 1
433571 6
433627 2
433652 1
433665 29
433908 59
434403 1
434421 5
434471 3
434499 1
434516 1
434532 55
434974 30
435220 13
435332 13
435443 1
435458 3
435488 1
435503 1
435517 10
435599 1
435617 1
435634 1
435651 1
435667 2
435690 2
435712 1
435726 1
435740 1
435755 1
435775 20
435941 1
435957 1
435975 3
436007 1
436024 6
436079 1
436094 2
436122 2
436146 398
439320 2
439342 3
439373 2
439401 1
439419 15
439541 4
439581 210
441266 2
441290 1
441306 1
441320 5
441368 1
441386 1
441399 1
441412 1
441428 2
441453 1
441468 2
441493 1
441507 1
441525 2
441546 1
441563 17
441707 2
441731 1
441748 1
441762 1
441778 1
441795 1
441814 17
441949 1
441968 1
441984 2
442008 5
442055 1
442070 1
442084 1
442100 1
442117 2
442141 3
442170 2
442199 29
442436 3
442470 11
442568 1
442587 4
442630 1
442646 1
442662 4
442699 17
442849 20
443007 1
443022 34
443296 2
443324 1
443337 1
443355 57
443814 145
444989 1
445004 1
445018 1
445033 1
445047 1
445060 15
445189 1
445204 6
445261 1
445281 1
445297 5
445343 1
445360 45
445738 4
445778 1
445793 1
445808 2
445837 2
445863 7
445915 32
446174 1
446194 1
446215 2
446242 1
446256 1
446273 9
446357 3
446394 1
446411 2
446435 1
446456 1
446475 2
446499 1
446515 1
446532 1
446548 3
446579 3
446611 1
446626 4
446664 1
446677 2
446699 1
446714 1
446731 3
446767 1
446784 2
446806 3
446842 184
448307 1
448328 1
448345 1
448365 3
448396 7
448458 11
448551 4
448591 1
448612 1
448629 1
448646 1
448663 1
448678 1
448694 8
448768 1
448785 1
448800 3
448831 1
448848 3
448876 1
448894 1
448912 1
448930 14
449050 4
449087 1
449101 1
449118 3
449151 42
449484 19
449641 61
450143 10
450231 3
450261 1
450277 1
450295 1
450310 1
450329 1
450343 1
450358 2
450382 2
450409 2
450433 1
450449 1
450464 377
453393 1
453411 1
453426 9
453503 3
453540 26
453761 1
453777 1
453795 1
453812 1
453825 1
453843 1
453860 5
453905 1
453921 2
453945 1
453961 2
453984 3
454018 12
454124 1
454137 1
454150 1
454163 1
454177 1
454191 1
454205 1
454220 17
454360 21
454530 4
454571 1
454587 11
454678 2
454704 1
454721 2
454744 2
454766 1
454785 1
454806 2
454827 1
454843 1
454859 2
454885 1
454901 2
454929 2
454955 1
454970 1
454983 4
455025 4
455068 2
455096 4
455138 1
455152 1
455169 1
455185 1
455198 1
455215 1
455228 2
455251 9
455334 8
455410 1
455427 3
455459 2
455485 1
455505 1
455522 2
455547 27
455745 1
455761 1
455778 1
455795 1
455813 25
456009 8
456076 1
456094 2
456119 4
456162 1
456181 8
456256 1
456273 1
456292 4
456332 1
456353 1
456371 1
456388 9
456478 15
456602 1
456621 9
456701 1
456720 3
456752 39
457072 1
457089 1
457103 4
457140 1
457157 1
457175 3
457207 1
457224 1
457241 2
457265 1
457283 1
457302 1
457318 1
457336 1
457356 1
457372 1
457386 2
457410 1
457431 1
457448 2
457473 1
457489 3
457521 1
457535 17
457678 9
457760 1
457778 1
457797 5
457844 1
457861 1
457878 1
457893 1
457909 1
457926 2
457950 1
457966 1
457983 1
457996 1
458015 17
458157 4
458196 1
458210 1
458226 1
458242 263
460221 1
460240 1
460256 1
460272 3
460303 7
460368 1
460385 21
460561 2
460585 12
460687 47
461065 1
461080 2
461107 2
461130 27
461349 3
461378 1
461393 4
461436 3
461466 1
461479 86
462162 1
462176 1
462190 1
462203 1
462220 2
462245 1
462263 2
462286 1
462302 3
462335 1
462352 1
462370 1
462387 1
462404 1
462421 1
462434 140
463471 3
463507 5
463557 17
463704 12
463808 6
463863 2
463889 2
463915 1
463933 2
463958 34
464244 1
464261 1
464275 3
464308 1
464323 2
464345 83
465023 2
465048 228
466870 137
467979 1
467997 1
468016 2
468040 21
468217 1
468231 4
468273 1
468290 1
468307 2
468326 1
468343 1
468363 4
468401 2
468425 1
468442 1
468460 13
468570 1
468586 3
468621 1
468635 1
468655 3
468688 1
468703 10
468795 1
468810 7
468873 3
468908 1
468925 7
468993 1
469008 1
469021 1
469034 14
469153 1
469172 1
469190 1
469206 1
469223 1
469243 1
469262 1
469278 3
469311 1
469329 1
469349 1
469365 1
469381 1
469394 177
470770 2
470796 6
470850 1
470868 2
470889 1
470907 1
470926 1
470943 1
470958 1
470977 1
470993 1
471008 2
471030 5
471070 1
471084 1
471100 3
471135 2
471161 2
471184 2
471208 1
471224 1
471241 1
471260 1
471279 1
471294 1
471309 1
471325 2
471347 2
471369 1
471387 36
471681 2
471708 1
471724 1
471742 4
471785 1
471798 4
471838 1
471854 2
471878 1
471894 1
471912 1
471928 2
471952 1
471972 360
474840 1
474858 15
474988 2
475011 41
475347 1
475363 1
475384 1
475400 1
475415 7
475480 1
475496 19
475652 1
475668 1
475685 1
475703 43
476050 1
476065 4
476104 10
476191 2
476215 1
476229 5
476277 1
476289 3
476319 105
477123 5
477170 5
477218 1
477238 1
477252 1
477267 5
477317 1
477333 2
477360 1
477377 1
477391 1
477409 1
477424 1
477440 1
477455 1
477473 8
477542 4
477578 1
477596 12
477697 6
477757 2
477784 1
477797 1
477810 1
477824 1
477841 1
477854 1
477869 1
477882 2
477909 1
477924 1
477941 1
477955 35
478231 1
478249 1
478263 1
478279 1
478295 2
478321 14
478437 3
478469 1
478487 2
478510 460
482208 2
482230 1
482245 2
482271 1
482289 1
482308 1
482324 1
482339 3
482373 1
482390 1
482406 1
482423 1
482442 7
482509 1
482524 7
482583 26
482798 1
482813 3
482845 1
482859 1
482872 2
482893 7
482952 1
482969 2
482992 12
483099 3
483133 1
483148 1
483165 1
483181 1
483198 6
483251 4
483289 1
483305 1
483323 1
483336 1
483350 2
483373 17
483519 24
483727 4
483764 1
483782 1
483797 1
483813 1
483832 2
483857 1
483870 2
483894 1
483908 2
483932 4
483976 3
484009 1
484023 3
484059 1
484076 3
484107 1
484127 4
484168 1
484186 1
484199 2
484224 1
484240 1
484256 1
484271 1
484286 5
484336 2
484358 1
484374 1
484390 1
484405 4
484445 1
484462 1
484475 2
484496 1
484514 1
484531 1
484546 86
485231 2
485258 1
485275 1
485292 1
485306 1
485320 7
485379 5
485427 6
485484 1
485500 2
485524 3
485557 3
485584 3
485613 167
486932 1
486950 3
486985 37
487283 2
487311 1
487330 5
487379 41
487712 53
488158 1
488175 2
488200 4
488237 1
488251 1
488266 4
488302 2
488325 7
488393 1
488409 1
488429 1
488446 1
488460 2
488485 5
488532 1
488549 78
489182 26
489418 1
489434 9
489514 1
489531 10
489620 1
489635 2
489658 2
489684 1
489697 1
489710 1
489725 2
489746 1
489761 1
489777 6
489835 1
489852 1
489868 4
489908 1
489926 1
489940 50
490330 2
490352 1
490369 2
490391 1
490408 1
490425 2
490452 1
490467 2
490494 2
490518 1
490529 8
490598 2
490621 1
490633 1
490650 1
490663 1
490679 3
490708 3
490734 6
490789 1
490806 9
490883 2
490907 3
490940 1
490956 1
490970 13
491082 18
491235 1
491253 1
491273 1
491289 1
491306 1
491321 1
491336 2
491359 45
491712 2
491736 12
491833 24
492022 5
492069 1
492084 1
492100 1
492118 1
492135 6
492190 3
492218 1
492231 1
492248 1
492264 1
492277 1
492290 10
492372 1
492388 2
492411 1
492425 1
492443 1
492459 1
492473 1
492489 1
492502 3
492530 4
492572 1
492586 84
493267 12
493373 2
493398 1
493412 3
493443 1
493458 1
493474 31
493730 1
493744 18
493881 3
493913 1
493926 1
493939 3
493973 1
493987 1
494005 1
494022 19
494191 1
494209 1
494227 1
494244 1
494258 4
494295 1
494310 1
494325 1
494340 2
494361 5
494410 3
494441 1
494460 1
494480 4
494522 8
494598 1
494615 1
494632 1
494648 1
494662 4
494705 1
494723 1
494739 2
494765 1
494777 102
495630 3
495667 1
495686 1
495702 5
495747 1
495763 1
495778 8
495848 1
495865 79
496496 3
496526 1
496539 7
496602 1
496618 1
496636 1
496653 27
496875 2
496901 87
497584 21
497762 23
497959 6
498016 2
498041 1
498054 1
498070 12
498177 1
498195 1
498210 2
498232 1
498250 2
498274 1
498289 2
498310 1
498324 8
498397 1
498412 1
498429 2
498456 79
499085 1
499103 2
499129 4
499168 1
499186 46
499566 1
499583 3
499614 1
499632 10
499713 2
499738 4
499782 7
499846 25
500050 1
500069 2
500092 3
500126 17
500269 1
500284 4
500322 1
500340 27
500568 2
500596 1
500616 1
500632 4
500672 1
500687 1
500703 9
500785 27
501011 1
501030 1
501047 1
501066 1
501085 1
501100 1
501116 1
501132 1
501149 2
501175 1
501191 1
501208 5
501255 1
501270 1
501283 1
501300 1
501315 1
501333 6
501392 1
501407 15
501534 1
501546 1
501566 2
501593 1
501608 1
501621 1
501635 6
501688 1
501705 2
501732 8
501804 1
501820 1
501837 1
501853 3
501889 1
501907 1
501925 11
502023 2
502048 2
502071 5
502117 1
502136 1
502150 1
502165 2
502185 2
502208 1
502222 44
502579 2
502601 1
502617 2
502640 15
502762 1
502779 61
503265 1
503284 2
503305 2
503328 1
503340 1
503357 12
503464 2
503487 2
503511 1
503526 1
503544 7
503608 8
503676 8
503742 1
503756 12
503857 70
504455 1
504468 2
504495 17
504635 12
504737 1
504752 1
504770 3
504805 1
504821 6
504877 1
504893 1
504909 1
504925 7
504989 1
505005 2
505027 1
505042 1
505063 7
505125 2
505149 1
505168 1
505182 1
505197 3
505228 1
505243 1
505261 73
505838 8
505910 1
505926 3
505960 1
505978 1
505993 1
506011 8
506086 2
506111 1
506128 1
506143 3
506178 2
506201 1
506216 1
506230 2
506254 7
506316 2
506340 1
506354 1
506373 4
506414 2
506440 1
506457 1
506474 1
506493 8
506565 10
506656 1
506673 1
506691 1
506705 4
506744 6
506801 1
506819 1
506836 1
506855 1
506871 1
506888 1
506906 1
506922 1
506943 25
507147 6
507199 54
507628 1
507643 1
507660 58
508124 1
508142 2
508166 1
508181 1
508199 1
508219 1
508235 3
508265 3
508294 193
509828 1
509848 1
509865 12
509971 2
509998 4
510041 2
510067 1
510081 3
510116 1
510131 2
510153 5
510201 4
510242 4
510279 1
510295 1
510311 10
510398 1
510414 1
510432 1
510450 3
510481 7
510545 2
510568 2
510590 4
510628 5
510678 1
510696 1
510712 8
510785 1
510803 1
510822 1
510839 7
510906 10
510995 1
511011 1
511029 1
511049 3
511083 1
511102 1
511116 1
511133 10
511219 1
511235 3
511271 16
511409 1
511428 1
511446 2
511469 1
511488 4
511526 1
511543 2
511567 1
511580 9
511662 1
511678 2
511699 1
511712 1
511725 1
511737 3
511771 3
511801 3
511830 1
511847 2
511867 1
511883 1
511899 1
511911 2
511938 1
511956 1
511973 1
511993 6
512048 6
512107 1
512125 1
512139 1
512154 1
512174 1
512190 1
512205 2
512229 1
512244 13
512353 7
512417 5
512464 1
512480 1
512500 1
512516 1
512536 2
512560 2327
531493 1
531510 2
531534 1
531553 1
531568 1
531584 1
531600 1
531613 1
531632 1
531648 2
531672 1
531691 1
531708 20
531877 1
531892 1
531908 21
532076 1
532091 1
532105 2
532126 1
532142 1
532161 1
532176 7
532240 23
532427 3
532460 77
533106 8
533177 15
533298 5
533345 4
533387 1
533405 1
533424 1
533439 2
533461 2
533480 1
533496 1
533509 7
533573 5
533626 1
533645 1
533664 1
533681 1
533702 4
533739 7
533802 9
533879 5
533928 1
533946 1
533963 3
533993 2
534019 1
534036 1
534049 2
534072 2
534096 13
534205 1
534220 2
534243 1
534261 1
534279 16
534420 3
534454 3
534486 6
534543 1
534559 6
534619 10
534704 2
534727 3
534757 5
534803 1
534821 23
535015 14
535130 21
535305 17
535456 5
535504 1
535518 14
535645 5
535693 1
535709 1
535726 11
535825 1
535842 1
535857 16
535990 2
536012 1
536029 1
536048 1
536061 2
536084 1
536099 2
536120 1
536135 5
536181 1
536199 7
536263 2
536291 2
536315 2
536338 1
536350 1
536369 2
536391 1
536409 5
536458 1
536475 1
536489 1
536509 1
536523 1
536539 1
536554 7
536617 1
536633 1
536651 2
536678 1
536698 6
536751 2
536774 2
536794 1
536812 2
536837 1
536854 11
536956 1
536971 2
536995 5
537049 1
537067 2
537093 2
537117 485
540868 1
540884 1
540900 2
540924 1
540939 2
540961 4
540999 1
541018 58
541469 5
541518 1
541536 1
541552 1
541569 3
541599 1
541614 8
541687 1
541704 42
542057 2
542084 1
542101 491
546389 1
546407 2
546432 1
546452 4
546489 2
546514 1
546530 1
546546 1
546563 2
546588 1
546601 1
546616 1
546630 3
546663 1
546677 2
546699 6
546757 1
546775 1
546789 1
546805 1
546823 1
546841 1
546859 1
546877 1
546896 1
546909 35
547207 4
547246 1
547264 9
547343 1
547360 1
547375 1
547393 1
547406 39
547721 2
547746 4
547783 1
547799 1
547813 17
547954 9
548032 1
548046 42
548392 127
549409 1
549428 1
549444 2
549465 1
549479 1
549494 2
549518 5
549565 1
549583 3
549616 3
549649 1
549669 3
549706 1
549722 1
549741 1
549757 2
549779 2
549802 1
549817 6
549875 1
549894 1
549907 1
549920 53
550342 9
550422 254
552327 1
552345 12
552449 1
552467 1
552480 3
552512 1
552529 1
552546 14
552668 1
552685 1
552704 1
552719 1
552736 32
553009 3
553042 1
553059 8
553133 3
553165 1
553185 48
553591 47
553979 7
554053 1
554065 17
554209 3
554242 11
554336 10
554421 2
554445 2
554470 1
554490 2
554518 1
554536 1
554553 1
554569 1
554587 1
554603 2
554629 1
554645 3
554677 3
554711 1
554728 2
554753 1
554769 3
554801 1
554814 1
554831 1
554845 44
555194 1
555211 2
555236 1
555254 37
555554 6
555608 2
555633 2
555660 3
555691 3
555723 1
555737 1
555752 2
555776 14
555898 3
555931 5
555976 1
555992 1
556011 2
556036 1
556051 17
556197 1
556213 1
556231 1
556245 1
556262 40
556607 2
556631 19
556788 3
556818 33
557082 1
557098 8
557167 2
557193 1
557210 5
557259 1
557275 6
557332 1
557349 2
557373 1
557390 1
557408 2
557430 3
557459 23
557653 6
557708 7
557767 1
557786 2
557808 5
557855 13
557980 5
558031 2
558057 25
558267 2
558292 3
558327 11
558420 2
558443 2
558468 1
558488 17
558634 1
558654 1
558672 17
558814 5
558863 13
558972 9
559049 1
559067 17
559210 1
559227 2
559251 2
559276 10
559365 2
559391 147
560576 29
560810 2
560835 1
560851 7
560910 1
560928 50
561337 10
561429 2
561453 5
561501 1
561521 1
561540 1
561556 1
561572 3
561603 2
561627 1
561642 1
561656 1
561676 1
561692 1
561708 26
561924 1
561941 16
562074 1
562089 2
562118 2
562144 3
562178 3
562209 33
562479 3
562512 21
562682 2
562706 1
562722 8
562796 187
564265 3
564298 2
564324 3
564357 3
564391 19
564562 1
564580 2
564609 1
564626 11
564725 1
564739 2
564765 1
564780 1
564797 51
565201 69
565751 1
565764 2
565788 5
565836 3
565869 1
565886 21
566059 1
566077 1
566093 3
566123 1
566140 1
566158 1
566171 5
566219 2
566244 11
566337 1
566354 1
566368 1
566383 2
566406 1
566420 2
566444 1
566459 2
566479 1
566495 4
566532 1
566547 1
566562 1
566578 1
566596 1
566609 1
566627 1
566639 1
566657 3
566690 1
566706 1
566724 1
566740 23
566925 4
566964 1
566980 5
567025 2
567051 1
567066 3
567101 1
567120 1
567135 4
567176 1
567191 3
567224 10
567313 3
567344 6
567398 3
567430 1
567450 14
567571 1
567587 30
567833 17
567974 1
567989 1
568008 1
568024 1
568039 4
568080 1
568098 1
568114 1
568131 1
568149 2
568175 1
568189 1
568205 2
568228 3
568260 1
568274 1
568288 2
568311 1
568329 1
568345 133
569375 2
569402 5
569455 1
569470 1
569487 5
569534 1
569551 1
569568 1
569583 1
569598 1
569616 1
569634 1
569649 2
569671 32
569928 1
569944 1
569959 1
569975 1
569993 1
570012 1
570025 1
570041 1
570056 2
570082 1
570099 1
570116 3
570149 1
570167 7
570232 43
570580 2
570605 9
570689 115
571603 2
571622 1
571637 5
571688 1
571703 1
571717 1
571733 5
571774 1
571788 1
571802 1
571821 13
571930 1
571944 1
571962 1
571979 4
572017 9
572098 2
572120 1
572134 1
572152 1
572167 1
572183 2
572206 1
572224 1
572237 3
572266 5
572318 2
572343 1
572360 2
572383 31
572633 1
572648 12
572758 1
572776 1
572789 2
572817 7
572879 3
572908 2
572929 1
572944 4
572985 1
573000 1
573015 13
573129 3
573163 1
573177 1
573194 1
573207 1
573221 1
573235 1
573251 3
573285 2
573309 1
573329 1
573341 1
573361 1
573377 11
573473 1
573490 1
573507 1
573523 1
573536 4
573574 1
573587 3
573616 1
573631 1
573649 4
573690 1
573706 1
573721 1
573738 23
573935 1
573952 10
574037 1
574053 1
574067 2
574090 2
574117 25
574322 6
574381 6
574436 1
574452 1
574470 1
574485 1
574501 60
575008 2
575032 1
575050 1
575069 222
576833 1
576854 2
576878 22
577054 24
577257 1
577274 6
577337 1
577350 1
577365 1
577382 7
577442 1
577460 3
577494 4
577535 1
577551 1
577569 1
577585 1
577602 1
577617 1
577630 2
577653 5
577702 2
577727 1
577747 1
577765 3
577799 5
577849 1
577867 1
577883 5
577931 1
577945 2
577968 3
578003 2
578025 1
578045 6
578101 2
578127 1
578146 1
578161 1
578175 5
578226 2
578251 106
579053 1
579072 108
579955 2
579978 1
579995 1
580015 1
580028 1
580042 1
580058 156
581277 11
581365 4
581407 2
581430 1
581447 1
581463 44
581808 40
582133 2
582160 1
582177 4
582214 21
582382 1
582397 1
582413 1
582428 1
582443 2
582465 1
582482 1
582499 2
582522 1
582538 1
582556 1
582570 1
582588 1
582602 1
582619 1
582635 1
582651 1
582666 1
582683 8
582754 1
582774 3
582808 1
582825 2
582848 10
582937 113
583847 9
583920 1
583939 1
583954 2
583980 1
583996 1
584009 1
584023 25
584229 35
584509 1
584524 6
584584 1
584601 1
584617 3
584648 4
584689 2
584715 2
584741 2
584767 1
584784 1
584801 1
584821 6
584875 12
584978 1
584995 2
585021 1
585038 1
585054 2
585079 3
585110 1
585125 1
585141 5
585187 30
585421 1
585438 29
585677 1
585692 1
585708 2
585729 1
585742 1
585755 3
585785 5
585828 6
585885 10
585977 12
586086 2
586112 1
586131 1
586148 1
586162 10
586248 2
586274 8
586344 15
586468 1
586485 1
586499 3
586529 4
586570 1
586587 24
586797 1
586812 1
586828 14
586944 4
586983 2
587006 1
587019 1
587035 4
587073 1
587091 1
587105 2
587128 45
587500 1
587517 1
587531 1
587548 4
587585 4
587625 20
587791 1
587804 1
587821 4
587862 2
587884 1
587900 1
587918 1
587934 4
587974 70
588534 1
588551 1
588569 2
588595 1
588611 1
588629 2
588653 4
588688 2
588711 1
588729 1
588741 69
589280 1
589298 1
589314 2
589335 1
589353 6
589409 1
589426 2
589448 2
589470 1
589487 12
589599 80
590229 2
590257 5
590302 1
590322 4
590360 1
590378 1
590394 2
590418 3
590451 1
590468 1
590482 4
590523 29
590756 13
590866 1
590883 3
590913 2
590937 97
591715 18
591864 1
591881 3
591915 1
591930 47
592320 25
592529 1
592545 32
592813 21
592982 2
593009 1
593026 1
593043 1
593058 4
593096 1
593109 1
593122 1
593136 1
593152 1
593171 4
593208 1
593223 2
593245 1
593263 1
593281 2
593303 1
593319 1
593337 1
593356 3
593391 2
593418 2
593442 2
593466 1
593481 2
593503 1
593518 1
593534 2
593560 1
593577 1
593591 1
593604 1
593622 1
593640 3
593674 1
593688 1
593703 1
593722 7
593786 2
593810 11
593890 2
593914 1
593930 1
593945 9
594025 3
594054 2
594079 2
594103 1
594120 3
594149 85
594835 7
594898 1
594916 1
594932 1
594945 1
594958 33
595230 2
595254 5
595305 2
595329 2
595354 1
595371 61
595872 1
595887 2
595913 2
595936 1
595949 9
596028 18
596174 1
596189 7
596250 1
596267 1
596281 9
596356 1
596372 1
596388 1
596403 1
596416 2
596436 1
596452 80
597087 77
597714 1
597730 2
597755 1
597774 6
597829 2
597854 5
597901 1
597915 1
597932 1
597950 1
597967 1
597986 1
598000 3
598033 1
598048 2
598075 16
598212 1
598226 1
598242 1
598257 2
598279 6
598338 1
598351 1
598367 8
598439 1
598453 2
598480 2
598508 1
598525 1
598541 2
598566 1
598583 1
598598 16
598747 1
598760 1
598774 1
598788 3
598816 21
598984 1
599003 41
599344 1
599361 1
599379 2
599401 1
599416 1
599431 1
599443 2
599468 1
599483 1
599503 1
599520 1
599535 2
599556 7
599619 1
599637 2
599662 1
599681 1
599697 1
599717 1
599731 1
599746 1
599760 1
599779 3
599811 2
599837 2
599861 1
599876 1
599895 6
599954 1
599972 1
599990 7
600055 1
600075 1
600093 1
600110 5
600156 1
600171 7
600241 1
600259 1
600274 2
600299 1
600312 1
600329 3
600360 2
600382 1
600400 2
600429 1
600446 1
600462 1
600479 2
600507 3
600538 1
600553 92
601298 1
601315 1
601330 1
601347 2
601371 1
601390 2
601414 1
601434 1
601451 1
601471 1
601487 3
601520 2
601546 2
601569 1
601586 1
601603 11
601689 1
601704 1
601722 1
601739 4
601781 1
601795 20
601964 3
601995 2
602018 7
602080 3
602113 1
602126 1
602144 1
602162 2
602189 1
602205 1
602223 2
602248 2
602273 2
602295 1
602309 2
602336 2
602357 1
602377 1
602394 1
602410 1
602425 6
602483 1
602499 3
602531 3
602565 1
602582 1
602600 1
602618 1
602631 11
602730 1
602746 1
602760 1
602775 1
602791 2
602815 4
602856 1
602871 6
602922 1
602943 1
602961 1
602975 1
602990 7
603049 9
603126 2
603147 1
603166 3
603197 4
603237 2
603262 1
603277 1
603296 9
603375 1
603391 1
603407 2
603434 19
603593 1
603612 1
603632 19
603799 1
603817 248
605833 1
605851 1
605868 1
605885 2
605910 1
605929 1
605946 106
606782 8
606855 30
607105 1
607121 1
607135 1
607153 1
607168 105
607984 1
608002 7
608064 1
608079 2
608104 44
608458 6
608514 70
609082 1
609101 2
609125 4
609166 6
609216 1
609235 1
609252 3
609284 2
609306 1
609322 1
609338 3
609370 1
609387 15
609522 38
609824 1
609843 1
609861 11
609949 2
609975 1
609991 3
610023 1
610038 3
610067 3
610099 1
610116 2
610139 275
612281 1
612295 12
612404 1
612422 1
612441 1
612455 2
612478 27
612707 32
612963 1
612979 2
613004 1
613022 15
613148 1
613165 7
613226 1
613238 1
613252 1
613266 1
613283 1
613296 1
613312 9
613398 3
613428 1
613443 3
613473 5
613521 1
613538 5
613579 2
613600 1
613619 2
613642 3
613670 1
613688 1
613705 1
613719 2
613742 1
613757 2
613780 4
613821 3
613857 3
613886 62
614380 1
614394 4
614431 2
614460 10
614545 1
614559 1
614574 3
614607 1
614626 1
614646 1
614661 1
614678 9
614756 1
614773 1
614788 3
614821 1
614839 1
614853 7
614917 1
614935 7
614999 1
615012 16
615144 25
615354 83
616040 1
616055 1
616069 1
616085 5
616131 168
617499 2
617522 1
617538 1
617556 1
617576 2
617597 13
617706 1
617722 57
618171 1
618188 1
618205 1
618221 172
619630 2
619658 6
619714 1
619729 4
619776 9
619853 2
619879 1
619897 2
619920 2
619946 1
619963 6
620015 1
620028 2
620052 6
620109 2
620133 2
620154 3
620186 1
620203 2
620225 1
620241 2
620264 1
620283 1
620302 2
620326 1
620346 4
620381 1
620396 2
620420 1
620435 1
620451 1
620470 4
620514 2
620538 7
620607 1
620624 1
620639 9
620720 1
620736 1
620750 1
620766 2
620791 1
620807 2
620830 1
620847 3
620880 1
620895 1
620910 7
620976 1
620990 1
621007 1
621027 1
621043 2
621070 2
621097 3
621133 6
621193 1
621212 1
621228 1
621248 16
621385 2
621409 1
621424 2
621446 1
621464 1
621480 1
621495 1
621511 1
621525 2
621549 2
621574 47
621950 9
622031 2
622057 3
622089 2
622114 3
622143 1
622163 5
622213 1
622230 1
622250 1
622268 2
622293 1
622306 1
622321 10
622411 2
622438 2
622460 2
622484 2
622511 32
622773 1
622789 1
622809 83
623481 1
623498 1
623514 36
623806 2
623830 3
623868 5
623921 7
623985 1
624001 1
624021 2
624043 1
624061 1
624079 1
624097 1
624116 1
624130 1
624145 1
624157 6
624215 2
624241 3
624272 4
624311 5
624360 2
624384 1
624403 5
624450 1
624467 2
624494 1
624512 2
624537 1
624552 2
624577 3
624608 3
624637 2
624662 3
624692 1
624708 1
624726 8
624799 1
624816 2
624841 1
624857 1
624873 41
625199 3
625231 1
625247 5
625289 2
625313 1
625327 27
625552 1
625573 3
625604 1
625622 1
625642 1
625659 3
625690 2
625718 1
625733 1
625749 3
625781 2
625804 1
625817 2
625838 4
625877 1
625891 1
625909 2
625933 2
625959 2
625987 1
626004 9
626087 83
626789 156
628042 2
628069 6
628124 1
628136 2
628158 1
628173 2
628196 3
628233 1
628249 1
628267 3
628298 3
628328 2
628350 1
628365 2
628389 5
628438 1
628453 4
628493 44
628837 1
628853 1
628865 1
628880 3
628910 1
628928 2
628946 1
628964 5
629008 9
629082 1
629098 1
629114 1
629132 3
629164 1
629178 1
629193 1
629208 1
629223 3
629254 7
629315 1
629331 3
629364 1
629381 12
629485 2
629508 1
629523 2
629550 1
629564 3
629596 1
629612 4
629651 3
629682 1
629699 31
629951 1
629965 1
629980 1
629995 1
630009 2
630030 1
630045 1
630062 1
630078 11
630178 10
630271 2
630296 1
630312 27
630548 23
630758 11
630859 1
630878 1
630893 1
630912 1
630927 1
630943 3
630973 3
631004 2
631027 1
631044 1
631059 2
631081 4
631119 1
631137 1
631152 1
631169 1
631183 1
631201 1
631219 3
631251 10
631340 1
631354 1
631366 47
631767 1
631783 43
632129 6
632189 66
632721 1
632738 1
632754 1
632773 6
632830 4
632868 1
632885 37
633187 4
633228 1
633242 2
633264 1
633278 1
633293 1
633308 1
633321 1
633337 2
633360 3
633393 1
633408 2
633431 18
633584 1
633598 6
633655 1
633669 1
633688 1
633703 1
633717 1
633735 5
633784 1
633799 1
633813 2
633836 3
633867 2
633892 1
633910 1
633927 3
633962 1
633978 1
633995 4
634032 209
635762 8
635834 13
635941 3
635972 1
635986 1
636003 1
636021 4
636062 1
636079 1
636095 1
636110 2
636132 1
636149 14
636268 5
636314 5
636364 1
636377 1
636392 355
639209 15
639342 2
639369 37
639678 8
639754 1
639773 1
639792 46
640162 9
640245 1
640258 6
640313 3
640349 1
640366 1
640382 60
640861 2
640883 1
640902 83
641570 1
641586 2
641610 3
641643 3
641678 1
641696 1
641710 1
641725 2
641748 14
641867 2
641890 20
642050 4
642090 2
642116 6
642170 5
642219 2
642239 1
642257 3
642292 1
642308 1
642323 6
642377 7
642441 1
642455 1
642470 1
642483 5
642531 2
642554 1
642570 4
642609 3
642641 1
642657 1
642672 4
642710 1
642725 592
647242 1
647261 1
647280 1
647298 1
647317 1
647336 1
647354 1
647367 1
647382 1
647398 1
647414 14
647538 2
647564 4
647601 7
647669 3
647700 1
647715 1
647729 8
647796 9
647874 1
647889 3
647921 3
647951 1
647966 1
647985 1
648000 6
648055 19
648208 1
648222 2
648247 1
648263 2
648284 1
648298 3
648331 4
648371 1
648386 8
648457 1
648475 1
648490 52
648895 1
648913 2
648937 2
648964 5
649008 1
649026 2
649050 1
649069 1
649084 3
649114 1
649132 25
649332 23
649515 7
649580 2
649604 1
649621 1
649639 1
649657 28
649886 1
649906 1
649924 1
649939 4
649978 3
650009 2
650031 1
650048 2
650071 1
650087 828
656595 1
656614 1
656632 1
656648 2
656674 120
657619 3
657649 7
657714 2
657737 1
657750 1
657769 17
657904 2
657926 9
658006 1
658021 1
658039 1
658056 2
658080 3
658109 2
658131 3
658165 2
658186 1
658202 1
658220 1
658237 3
658267 1
658282 2
658310 2
658335 3
658367 4
658407 1
658422 1
658440 4
658481 1
658498 10
658583 12
658690 1
658709 4
658753 2
658780 1
658798 1
658812 4
658851 1
658866 3
658898 2
658920 1
658938 2
658961 3
658993 15
659118 14
659236 1
659253 8
659320 1
659340 3
659378 1
659397 2
659424 3
659456 2
659479 2
659507 2
659535 2
659558 2
659584 1
659605 1
659621 1
659637 1
659656 2
659682 1
659700 12
659802 1
659821 2
659849 1
659869 3
659900 1
659915 3
659947 1
659965 1
659981 423
663311 5
663356 1
663373 7
663433 45
663786 11
663881 12
663981 24
664171 1
664190 2
664213 3
664250 9
664327 1
664345 6
664397 11
664494 8
664567 1
664584 1
664600 1
664619 1
664636 1
664652 1
664666 1
664681 6
664736 2
664762 1
664778 3
664812 5
664863 5
664908 2
664932 1
664949 7
665011 8
665083 1
665100 1
665115 1
665132 1
665146 8
665220 1
665237 1
665249 1
665268 1
665283 1
665299 1
665315 3
665352 8
665424 1
665440 7
665498 1
665516 2
665538 1
665555 88
666260 1
666275 6
666332 1
666349 2
666375 6
666431 1
666451 1
666466 6
666519 4
666558 1
666575 2
666600 1
666616 8
666689 2
666710 1
666726 32
667002 1
667019 1
667039 1
667058 3
667093 2
667123 1
667141 21
667328 1
667345 4
667385 12
667486 6
667536 1
667551 2
667577 1
667595 1
667614 1
667628 1
667642 2
667664 1
667680 3
667714 1
667728 4
667765 2
667792 16
667924 3
667957 4
667996 2
668020 3
668054 1
668070 1
668087 1
668104 3
668135 2
668160 20
668322 1
668340 1
668360 1
668376 1
668392 2
668416 1
668431 2
668457 2
668481 1
668502 1
668518 1
668534 1
668550 1
668569 1
668588 1
668605 2
668626 1
668644 1
668664 42
669007 42
669356 19
669515 3
669549 1
669566 3
669600 1
669616 24
669812 6
669864 1
669878 24
670072 1
670087 1
670103 3
670133 2
670158 3
670194 2
670222 1
670238 1
670254 1
670269 1
670285 4
670324 7
670394 25
670595 2
670620 6
670673 1
670690 1
670705 34
670979 1
670996 1
671013 1
671026 2
671054 1
671069 7
671131 1
671148 2
671170 6
671228 1
671243 5
671298 1
671311 1
671324 1
671337 1
671353 2
671376 1
671394 1
671413 1
671433 1
671446 2
671468 1
671484 1
671500 1
671516 1
671532 2
671559 1
671576 20
671740 11
671841 4
671885 1
671901 1
671919 4
671956 2
671980 1
671995 1
672011 1
672026 1
672040 1
672057 2
672081 1
672097 6
672153 1
672170 1
672188 1
672204 1
672223 1
672238 2
672261 1
672279 7
672346 2
672371 61
672846 1
672863 7
672929 7
672991 3
673024 1
673041 2
673066 1
673083 15
673207 1
673228 1
673246 1
673262 2
673287 2
673308 2
673332 5
673379 5
673429 2
673449 6
673506 2
673529 3
673560 2
673582 1
673600 1
673616 2
673637 1
673653 1
673671 2
673695 1
673715 1
673731 1
673745 1
673761 4
673802 1
673820 2
673844 2
673867 1
673885 1
673900 2
673924 44
674271 1
674286 1
674303 2
674326 2
674346 1
674359 2
674381 6
674437 1
674455 205
676052 1
676070 15
676190 9
676269 4
676310 1
676329 3
676359 68
676889 1
676904 1
676919 1
676939 8
677008 1
677023 1
677039 1
677055 1
677071 1
677085 2
677109 1
677126 4
677162 3
677198 1
677217 1
677234 2
677262 5
677314 1
677332 299
679750 1
679766 1
679780 8
679851 1
679867 1
679882 1
679902 1
679918 26
680130 139
681193 2
681219 1
681235 1
681251 17
681382 1
681396 1
681412 4
681454 27
681682 42
682023 1
682040 1
682056 3
682084 1
682100 2
682125 5
682179 1
682200 1
682221 18
682362 1
682378 1
682395 2
682423 1
682438 1
682457 1
682474 1
682491 1
682508 1
682525 76
683102 13
683214 8
683289 1
683307 9
683382 2
683409 1
683429 1
683445 1
683461 1
683478 61
683983 1
684000 10
684082 11
684181 1
684196 1
684213 1
684225 2
684247 1
684259 7
684319 31
684574 1
684590 17
684733 2
684756 9
684829 32
685092 1
685111 4
685150 1
685164 3
685198 13
685307 11
685415 2
685440 1
685459 1
685474 1
685488 3
685517 1
685534 6
685587 1
685604 1
685620 2
685646 11
685739 2
685761 1
685778 1
685794 1
685811 1
685828 1
685844 2
685869 1
685885 6
685942 1
685960 40
686289 4
686333 1
686352 1
686370 1
686385 5
686432 1
686448 1
686463 1
686478 8
686549 1
686567 2
686595 1
686615 1
686632 4
686674 2
686697 2
686721 1
686738 4
686776 1
686793 1
686806 1
686822 3
686851 19
687013 1
687033 1
687049 1
687066 1
687083 1
687099 2
687120 2
687148 4
687188 1
687208 18
687357 4
687400 1
687415 1
687431 1
687446 2
687467 1
687482 3
687511 1
687529 4
687574 1
687589 8
687662 1
687681 1
687695 1
687710 1
687726 1
687744 7
687807 1
687824 9
687901 3
687936 1
687955 1
687973 1
687990 1
688008 1
688021 1
688032 2
688055 6
688111 2
688133 1
688148 1
688163 2
688185 1
688201 3
688229 4
688269 1
688286 1
688299 1
688316 3
688352 1
688369 10
688453 2
688474 1
688491 1
688505 1
688521 4
688556 1
688570 1
688587 1
688605 1
688619 1
688633 1
688650 1
688668 1
688683 19
688821 4
688865 1
688880 2
688904 1
688919 1
688934 3
688964 1
688979 4
689018 1
689032 1
689051 9
689126 18
689269 1
689286 1
689304 1
689324 1
689337 4
689376 1
689391 1
689408 1
689425 1
689441 2
689469 1
689483 15
689612 1
689630 2
689655 1
689673 2
689701 1
689721 1
689734 1
689751 1
689767 2
689791 1
689807 1
689821 2
689848 1
689864 2
689890 124
690832 1
690848 83
691495 1
691514 76
692099 1
692113 84
692783 2
692808 1
692825 1
692843 29
693086 2
693113 1
693127 3
693156 1
693170 1
693187 1
693201 1
693219 1
693233 74
693830 1
693846 2
693872 22
694045 1
694065 2
694089 2
694114 2
694140 18
694289 22
694468 3
694501 1
694515 1
694529 1
694545 1
694563 1
694578 4
694619 75
695208 2
695229 1
695243 7
695307 1
695322 1
695336 9
695417 2
695441 1
695456 2
695484 1
695503 17
695641 1
695656 1
695672 1
695689 1
695707 4
695747 1
695763 1
695780 1
695798 3
695827 2
695851 1
695867 1
695886 5
695935 1
695952 2
695976 2
695999 1
696019 2
696042 1
696061 2
696082 1
696098 1
696117 2
696144 1
696162 1
696176 1
696192 2
696219 6
696277 1
696297 22
696479 5
696525 2
696549 2
696575 1
696591 2
696615 1
696627 1
696643 2
696665 1
696681 1
696697 2
696724 4
696763 2
696784 7
696848 9
696930 6
696982 8
697054 2
697076 9
697154 2
697176 2
697199 1
697219 7
697277 1
697292 1
697306 1
697324 1
697338 3
697373 1
697389 1
697403 1
697420 2
697446 2
697468 1
697482 4
697522 5
697573 5
697619 1
697634 1
697648 1
697663 1
697676 1
697688 1
697708 1
697724 1
697740 6
697796 2
697819 3
697851 5
697895 5
697944 2
697970 1
697986 2
698008 2
698029 1
698044 4
698081 1
698094 46
698471 1
698487 32
698756 1
698776 1
698790 1
698804 1
698820 1
698838 1
698854 1
698870 1
698884 1
698897 1
698913 3
698946 1
698962 1
698977 5
699027 1
699045 1
699057 1
699070 1
699083 1
699103 1
699117 1
699132 6
699187 1
699203 2
699231 10
699320 1
699338 1
699355 1
699371 1
699383 20
699560 1
699575 1
699590 1
699603 1
699620 1
699638 4
699676 1
699696 133
700765 1
700778 2
700801 1
700817 1
700830 1
700843 1
700858 1
700871 18
701009 1
701022 5
701068 1
701083 6
701139 1
701153 2
701173 8
701245 8
701319 2
701340 1
701353 2
701373 40
701699 25
701921 1
701939 1
701954 1
701970 2
701993 2
702019 1
702035 1
702050 1
702065 5
702109 1
702127 3
702159 4
702199 1
702213 4
702252 1
702264 1
702279 2
702304 14
702426 1
702443 1
702462 1
702480 1
702499 1
702519 1
702534 1
702548 1
702566 1
702582 1
702596 1
702614 1
702630 1
702646 7
702704 1
702720 118
703666 4
703706 2
703730 733
709460 5
709513 1
709529 491
713489 1
713503 49
713894 1
713910 1
713925 1
713942 3
713974 1
713990 3
714025 1
714041 9
714122 1
714136 2
714157 1
714169 2
714195 1
714210 1
714225 1
714240 2
714264 1
714280 22
714461 6
714510 2
714534 1
714550 14
714664 5
714711 2
714734 1
714753 1
714769 1
714782 11
714872 6
714925 1
714942 4
714978 1
714993 1
715007 1
715023 4
715061 17
715203 15
715318 1
715335 1
715351 1
715363 22
715558 1
715572 15
715699 2
715720 1
715733 3
715764 1
715781 1
715793 1
715811 1
715828 20
715993 2
716018 2
716042 5
716092 1
716109 1
716125 1
716143 1
716157 1
716172 1
716190 3
716221 1
716234 2
716261 2
716283 3
716316 1
716330 1
716350 2
716378 1
716396 1
716415 39
716736 1
716756 3
716787 1
716804 1
716825 1
716840 1
716854 3
716887 1
716902 10
716984 1
716999 20
717173 1
717189 4
717233 1
717248 4
717285 1
717302 1
717320 1
717335 6
717389 1
717405 1
717424 3
717457 1
717474 1
717489 1
717506 1
717522 1
717538 1
717556 2
717580 1
717596 2
717620 2
717642 1
717662 1
717679 3
717710 1
717726 3
717757 2
717781 1
717798 5
717845 1
717859 14
717976 1
717991 1
718005 2
718030 1
718048 2
718070 4
718113 30
718352 10
718440 5
718484 5
718534 1
718550 3
718581 2
718607 36
718895 7
718959 1
718975 2
719000 4
719040 3
719077 1
719094 1
719111 1
719131 1
719150 5
719199 1
719219 2
719244 3
719277 1
719294 1
719311 1
719327 1
719345 1
719359 2
719384 6
719437 1
719456 2
719478 1
719495 1
719515 1
719527 1
719541 1
719555 5
719602 1
719619 1
719635 1
719649 29
719886 7
719952 4
719995 38
720307 13
720418 1
720435 79
721094 1
721110 1
721129 1
721139 1
721153 9
721228 1
721242 16
721372 9
721453 3
721483 1
721495 1
721510 2
721538 1
721555 2
721578 1
721593 1
721607 1
721623 2
721647 6
721702 7
721765 2
721788 39
722093 1
722112 1
722130 1
722150 1
722169 1
722185 2
722212 1
722230 1
722245 1
722259 1
722277 1
722292 3
722320 1
722337 1
722352 2
722377 5
722427 1
722442 5
722497 1
722515 1
722530 1
722545 2
722565 1
722582 26
722793 36
723088 1
723103 1
723119 2
723144 1
723157 1
723171 1
723189 6
723247 1
723263 1
723279 2
723303 6
723358 4
723398 2
723425 2
723447 6
723505 1
723521 1
723535 1
723552 1
723566 1
723583 1
723595 1
723607 4
723647 1
723662 1
723677 24
723873 1
723887 1
723901 2
723923 2
723951 1
723967 1
723981 2
724006 3
724041 1
724061 1
724081 29
724338 1
724358 1
724374 3
724405 5
724451 3
724483 4
724523 2
724545 1
724559 1
724579 3
724613 3
724640 1
724657 1
724676 1
724695 1
724713 1
724727 1
724741 1
724754 1
724767 1
724781 1
724800 1
724813 1
724826 6
724873 1
724886 1
724902 1
724918 1
724936 1
724954 1
724970 1
724991 1
725005 1
725021 1
725039 1
725054 1
725070 1
725086 1
725099 1
725111 1
725124 25
725313 1
725330 1
725350 1
725364 3
725397 2
725425 1
725441 5
725487 1
725504 54
725929 1
725944 3
725975 1
725989 1
726005 1
726021 1
726039 2
726061 1
726077 1
726094 2
726117 1
726134 4
726175 2
726199 5
726246 1
726262 1
726281 9
726363 1
726377 1
726394 1
726408 1
726425 180
727873 1
727889 5
727935 1
727948 1
727966 1
727983 1
727999 6
728057 1
728074 1
728091 3
728120 14
728242 1
728258 1
728273 1
728292 6
728350 1
728366 1
728382 1
728400 1
728419 1
728437 5
728483 3
728516 1
728530 1
728546 50
728958 3
728986 1
729003 1
729017 1
729034 3
729065 23
729245 1
729264 1
729283 1
729301 3
729335 2
729360 1
729378 1
729394 1
729412 2
729438 1
729452 2
729478 3
729510 1
729529 5
729573 1
729586 1
729602 1
729615 1
729630 1
729647 6
729703 1
729721 1
729735 1
729751 6
729807 2
729829 5
729873 10
729957 1
729972 1
729989 1
730005 15
730132 2
730157 1
730175 5
730221 2
730246 1
730263 1
730279 1
730295 1
730311 1
730329 1
730346 1
730360 1
730374 1
730392 1
730405 2
730428 1
730441 1
730457 6
730512 1
730532 1
730551 5
730606 16
730738 1
730751 1
730768 1
730783 1
730797 1
730813 2
730838 4
730879 91
731616 68
732169 1
732187 1
732206 1
732223 5
732271 1
732287 2
732312 1
732330 1
732348 3
732378 3
732408 2
732433 1
732450 1
732467 2
732489 1
732509 1
732527 1
732544 1
732559 1
732573 1
732589 92
733314 3
733351 1
733368 1
733387 1
733407 1
733425 3
733458 1
733478 2
733500 1
733515 1
733532 3
733567 2
733590 3
733624 1
733640 2
733665 6
733718 1
733731 1
733746 1
733766 1
733780 3
733810 4
733847 1
733861 4
733898 6
733955 1
733972 1
733989 4
734032 142
735125 1
735142 1
735156 1
735172 13
735288 4
735328 3
735360 1
735375 1
735391 1
735407 2
735429 2
735451 1
735469 1
735485 1
735499 18
735650 1
735670 6
735733 1
735750 4
735788 20
735962 1
735978 1
735993 6
736044 5
736090 4
736126 1
736142 17
736290 2
736313 2
736333 1
736349 1
736363 1
736380 19
736539 14
736655 1
736672 1
736689 62
737201 2
737228 1
737244 6
737302 30
737555 1
737573 1
737589 3
737618 2
737644 20
737818 1
737833 2
737855 1
737868 2
737891 5
737945 1
737962 2
737986 2
738012 2
738036 1
738052 1
738069 1
738085 1
738104 1
738121 1
738137 1
738150 1
738169 1
738186 5
738231 4
738270 353
741137 2
741161 2
741182 1
741196 4
741232 3
741267 9
741344 1
741359 3
741393 1
741410 1
741428 1
741443 1
741463 6
741520 8
741588 88
742295 6
742353 1
742370 1
742387 2
742414 3
742448 1
742466 180
743889 1
743908 1
743925 5
743973 1
743990 1
744006 2
744030 2
744054 2
744079 1
744094 5
744138 5
744189 1
744207 1
744223 5
744270 209
745981 95
746760 1
746775 1
746790 1
746806 12
746905 1
746919 2
746940 5
746988 2
747010 1
747026 1
747039 2
747061 1
747077 2
747102 1
747115 1
747129 6
747182 1
747195 19
747351 6
747404 8
747481 1
747501 1
747518 1
747532 2
747555 2
747578 3
747607 1
747620 6
747679 1
747691 1
747702 1
747718 1
747732 1
747747 3
747777 3
747809 15
747933 3
747965 2
747988 1
748006 6
748057 1
748075 2
748098 1
748111 3
748138 1
748155 3
748182 1
748196 1
748211 448
751671 1
751685 6
751739 9
751818 1
751834 1
751851 2
751873 1
751891 2
751917 1
751934 2
751955 1
751974 1
751987 2
752011 2
752037 1
752053 2
752076 1
752090 1
752108 1
752123 1
752137 1
752151 1
752165 2
752186 1
752205 1
752222 3
752256 1
752270 2
752296 167
753662 12
753761 5
753810 1
753825 1
753844 9
753923 2
753948 65
754496 6
754554 1
754569 2
754591 1
754606 1
754620 5
754670 13
754784 1
754799 2
754825 2
754848 1
754862 2
754886 1
754904 1
754923 1
754942 3
754970 2
754996 3
755026 7
755087 1
755103 2
755129 2
755153 2
755178 1
755193 1
755209 1
755228 1
755241 2
755266 1
755284 1
755300 6
755359 1
755378 86
756063 1
756079 1
756091 1
756107 1
756122 2
756145 2
756168 1
756181 1
756201 2
756224 2
756248 2
756274 1
756293 1
756310 1
756325 1
756343 2
756366 6
756419 2
756445 1
756461 1
756475 1
756490 1
756508 1
756521 1
756536 1
756553 2
756576 1
756592 2
756616 3
756645 1
756659 1
756675 3
756709 1
756724 1
756742 1
756754 1
756768 1
756785 1
756800 2
756825 1
756843 1
756860 1
756874 2
