0 1
13 1
23 1
39 2
64 1
78 2
99 1
112 1
126 1
141 1
157 1
173 2
192 1
205 2
224 1
241 1
256 4
295 5
343 1
360 3
389 1
407 1
422 8
492 1
507 4
547 1
564 1
581 1
597 1
615 1
631 1
647 12
747 1
760 1
774 10
860 2
883 1
898 1
915 3
944 3
974 1
994 1
1007 1
1025 1
1042 2
1062 1
1077 1
1093 1
1105 1
1117 1
1132 1
1147 1
1160 1
1176 1
1193 2
1217 1
1235 2
1260 1
1275 1
1291 1
1309 2
1331 1
1347 1
1360 1
1377 1
1394 4
1430 2
1451 1
1467 1
1486 1
1502 1
1517 1
1530 1
1546 1
1562 2
1584 1
1596 5
1642 1
1660 5
1704 1
1722 2
1741 5
1786 1
1802 1
1821 1
1839 1
1854 1
1870 1
1888 1
1908 1
1923 1
1941 1
1955 1
1968 2
1989 6
2041 1
2055 1
2070 1
2082 1
2100 1
2117 2
2138 1
2153 4
2187 1
2203 1
2221 1
2237 1
2254 2
2277 2
2302 1
2317 1
2332 1
2350 1
2364 1
2377 1
2392 1
2410 1
2423 1
2436 1
2453 1
2469 1
2486 1
2500 1
2517 1
2533 1
2552 3
2584 1
2601 1
2615 16
2745 1
2762 1
2776 1
2793 6
2842 2
2866 1
2884 1
2903 4
2943 2
2971 1
2990 1
3008 1
3023 1
3040 1
3056 1
3075 1
3090 1
3108 2
3131 1
3148 1
3162 3
3194 1
3211 2
3236 10
3322 2
3345 1
3359 2
3379 1
3393 2
3419 1
3435 1
3451 1
3468 1
3485 1
3500 3
3532 1
3550 1
3570 1
3584 1
3602 1
3618 2
3642 2
3665 2
3690 18
3838 1
3852 1
3870 1
3887 1
3901 1
3917 1
3935 1
3951 1
3964 1
3980 1
3999 1
4015 1
4031 1
4042 1
4057 2
4082 1
4096 1
4113 3
4145 1
4161 1
4176 1
4189 1
4205 2
4228 1
4241 2
4262 2
4288 1
4303 2
4322 10
4406 1
4424 3
4453 1
4471 1
4486 1
4503 1
4519 1
4534 1
4549 1
4561 1
4577 1
4592 2
4613 1
4630 1
4647 1
4661 1
4678 11
4771 1
4787 2
4808 1
4824 1
4842 1
4855 11
4944 1
4956 1
4974 1
4988 1
5007 1
5022 1
5035 2
5059 2
5081 1
5100 1
5119 1
5137 1
5156 1
5175 220
6846 1
6863 1
6879 6
6931 5
6976 1
6994 1
7012 1
7031 1
7048 1
7065 1
7079 1
7097 3
7129 3
7158 2
7182 2
7201 1
7217 1
7234 3
7264 1
7279 1
7294 1
7312 1
7327 3
7356 1
7372 6
7423 1
7438 31
7679 1
7694 1
7709 1
7726 1
7745 2
7769 35
8043 1
8062 1
8080 3
8113 29
8339 1
8354 1
8370 4
8408 1
8422 1
8438 1
8455 5
8501 1
8515 1
8533 1
8548 1
8566 1
8582 6
8636 1
8656 3
8687 1
8702 1
8715 1
8728 1
8747 40
9065 85
9725 1
9739 37
10033 1
10050 1
10066 1
10082 1
10099 1
10112 9
10190 1
10206 3
10238 1
10254 1
10270 2
10290 1
10305 5
10353 7
10414 5
10456 1
10473 22
10636 4
10675 2
10701 1
10716 1
10730 4
10770 1
10788 1
10801 2
10823 2
10847 8
10918 8
10991 1
11008 4
11048 9
11127 2
11148 3
11181 1
11196 1
11211 1
11226 3
11256 1
11271 7
11331 3
11361 1
11377 1
11389 1
11404 1
11419 2
11446 1
11462 1
11479 1
11497 1
11512 1
11526 2
11548 1
11562 9
11635 9
11711 7
11770 1
11788 1
11803 9
11880 1
11898 2
11919 2
11945 1
11962 1
11975 1
11990 1
12005 1
12022 1
12039 1
12054 1
12067 2
12090 1
12109 2
12135 1
12153 1
12169 2
12191 3
12225 2
12246 1
12265 1
12279 1
12294 1
12308 1
12328 1
12347 1
12365 1
12381 1
12394 3
12426 1
12439 4
12478 1
12497 1
12513 1
12532 1
12550 1
12566 1
12583 1
12598 1
12615 1
12630 1
12649 1
12669 6
12718 6
12772 3
12801 1
12819 1
12835 4
12875 4
12914 21
13085 1
13099 1
13115 1
13129 1
13146 2
13166 3
13194 1
13207 6
13256 1
13269 1
13283 1
13296 1
13309 1
13323 1
13335 1
13352 1
13365 1
13384 5
13431 1
13446 4
13480 1
13495 1
13514 1
13528 1
13543 2
13564 1
13579 2
13602 2
13625 1
13639 1
13651 1
13666 1
13680 1
13695 1
13710 1
13724 2
13748 6
13798 1
13813 1
13830 1
13847 1
13863 1
13882 3
13911 3
13940 1
13959 1
13975 1
13993 1
14009 2
14032 1
14047 1
14062 1
14078 1
14096 1
14115 1
14131 2
14156 1
14173 1
14189 1
14204 1
14221 1
14241 1
14259 1
14276 1
14293 1
14306 2
14328 1
14344 14
14462 1
14481 1
14498 2
14524 3
14556 1
14568 1
14582 2
14603 1
14617 1
14633 1
14649 2
14671 1
14688 1
14704 1
14717 1
14731 1
14747 1
14762 1
14777 1
14794 7
14852 1
14867 1
14879 1
14892 1
14911 19
15068 2
15091 1
15110 4
15146 35
15419 1
15435 1
15448 3
15482 18
15631 1
15647 1
15663 1
15681 1
15694 1
15708 1
15725 1
15745 6
15801 1
15816 1
15831 2
15858 1
15870 2
15890 1
15904 8
15973 1
15988 1
16005 2
16029 1
16043 1
16060 4
16098 1
16111 3
16142 1
16161 22
16334 1
16350 2
16373 1
16389 1
16406 1
16423 18
16573 1
16589 1
16606 3
16635 1
16654 1
16671 1
16689 1
16702 1
16716 1
16729 1
16742 1
16756 1
16769 1
16782 3
16811 1
16824 1
16837 1
16852 1
16871 2
16893 1
16911 1
16924 1
16939 1
16952 1
16971 1
16984 1
16999 1
17015 1
17035 29
17263 1
17278 1
17298 1
17315 1
17330 1
17345 1
17361 1
17375 1
17392 1
17408 3
17439 5
17483 12
17583 1
17599 1
17618 1
17636 1
17651 2
17674 2
17697 1
17714 1
17732 1
17749 1
17762 2
17783 1
17796 1
17810 1
17828 1
17842 1
17858 2
17881 2
17902 2
17923 1
17942 1
17955 1
17969 1
17987 1
18004 1
18022 1
18038 1
18052 1
18071 1
18087 2
18115 1
18130 1
18148 1
18165 1
18181 3
18215 1
18230 1
18247 1
18267 1
18282 1
18298 1
18318 2
18339 4
18375 1
18388 1
18403 1
18422 1
18439 1
18458 9
18538 1
18555 2
18575 1
18593 7
18658 4
18696 1
18711 1
18726 1
18740 2
18761 1
18781 1
18798 1
18816 2
18841 6
18893 3
18924 2
18945 1
18959 1
18971 1
18991 1
19006 1
19020 1
19034 3
19066 1
19082 2
19106 1
19119 1
19138 1
19154 5
19198 1
19218 2
19238 1
19254 2
19280 1
19297 1
19317 1
19331 2
19355 1
19370 1
19384 1
19401 1
19417 4
19455 1
19469 2
19490 1
19504 1
19517 1
19529 1
19542 1
19557 1
19570 1
19585 1
19598 1
19611 1
19624 2
19645 1
19663 4
19704 2
19723 1
19737 1
19750 1
19764 1
19782 1
19802 1
19820 1
19838 1
19852 3
19885 2
19912 2
19934 1
19951 1
19967 1
19979 2
20004 3
20034 1
20052 1
20068 2
20087 16
20221 1
20236 1
20256 1
20272 2
20295 2
20319 1
20336 1
20353 1
20368 1
20384 1
20399 1
20415 1
20433 1
20452 4
20495 1
20511 1
20529 3
20560 1
20579 1
20597 1
20614 1
20632 1
20646 1
20663 3
20691 1
20708 2
20730 1
20744 3
20775 3
20803 2
20827 1
20845 1
20862 2
20884 1
20900 1
20919 2
20943 1
20959 1
20976 4
21017 1
21035 1
21051 1
21069 1
21084 1
21098 4
21136 1
21152 1
21165 1
21181 5
21226 1
21240 1
21259 1
21277 6
21329 1
21346 6
21399 7
21463 1
21481 1
21495 1
21512 1
21530 6
21584 4
21623 1
21637 1
21650 1
21663 2
21684 1
21697 1
21710 1
21726 1
21742 1
21754 2
21775 2
21794 3
21823 1
21836 1
21850 22
22007 1
22019 1
22034 5
22076 1
22089 1
22102 1
22116 1
22129 2
22151 1
22167 1
22186 1
22199 2
22222 1
22242 1
22257 20
22420 7
22483 7
22548 1
22564 3
22595 1
22607 1
22622 1
22640 1
22654 1
22671 1
22685 3
22714 1
22727 1
22744 1
22760 1
22776 1
22796 1
22808 10
22891 6
22942 1
22957 1
22973 1
22990 1
23004 1
23022 3
23055 30
23277 1
23292 1
23311 3
23341 1
23356 14
23471 1
23485 1
23501 1
23517 5
23565 1
23583 2
23607 1
23622 4
23661 3
23692 2
23718 2
23741 1
23758 1
23773 1
23787 9
23870 1
23886 1
23904 1
23919 1
23936 22
24093 1
24106 2
24131 1
24148 1
24162 1
24182 2
24204 3
24236 1
24251 1
24268 2
24290 4
24329 1
24343 1
24359 1
24373 1
24390 22
24546 1
24561 1
24578 1
24593 2
24618 2
24640 1
24657 2
24680 1
24697 3
24731 1
24749 1
24767 2
24787 1
24804 2
24829 1
24845 1
24863 2
24886 1
24905 1
24924 5
24971 1
24986 1
24999 1
25012 2
25038 1
25056 1
25069 5
25116 1
25129 1
25143 1
25158 1
25173 2
25198 1
25214 1
25230 1
25247 1
25260 4
25298 1
25311 15
25432 1
25449 1
25465 1
25480 1
25493 1
25506 1
25525 1
25538 1
25555 1
25570 1
25587 1
25601 3
25631 2
25656 1
25673 1
25689 1
25702 2
25726 1
25739 1
25755 1
25770 2
25793 1
25808 1
25823 1
25836 1
25848 1
25862 2
25886 1
25902 1
25918 1
25933 1
25948 26
26155 1
26171 3
26200 1
26215 1
26228 2
26249 2
26269 1
26289 1
26303 1
26316 1
26329 1
26343 1
26360 2
26381 3
26412 1
26429 1
26446 1
26463 1
26483 5
26528 1
26546 1
26562 1
26575 1
26589 1
26606 1
26626 1
26641 1
26656 1
26676 1
26695 2
26715 2
26740 1
26754 1
26772 1
26792 29
27023 1
27042 1
27059 20
27215 1
27232 1
27248 5
27290 1
27308 2
27332 1
27347 1
27361 1
27378 3
27410 1
27427 3
27457 1
27473 1
27489 1
27507 1
27520 3
27551 1
27569 1
27586 1
27603 1
27623 1
27640 3
27671 5
27720 1
27738 5
27783 2
27808 8
27883 1
27900 1
27918 7
27982 1
27999 1
28017 2
28041 1
28060 1
28077 4
28116 1
28134 2
28158 1
28174 1
28189 1
28204 1
28218 1
28233 1
28251 2
28271 1
28287 1
28303 2
28327 1
28342 2
28365 17
28508 1
28526 3
28560 1
28577 1
28596 1
28612 1
28629 1
28646 1
28665 2
28692 1
28707 1
28725 5
28771 38
29072 2
29099 1
29118 1
29134 1
29150 1
29168 3
29200 1
29219 1
29235 3
29268 2
29289 1
29303 1
29317 4
29355 1
29373 1
29391 1
29410 1
29424 1
29439 1
29458 1
29475 1
29492 1
29508 1
29526 1
29543 2
29564 2
29586 1
29602 1
29621 1
29637 1
29653 1
29669 1
29685 1
29698 1
29714 6
29767 1
29782 6
29837 1
29851 1
29868 13
29978 8
30049 1
30065 4
30103 1
30121 1
30140 1
30155 2
30178 1
30197 1
30213 1
30229 1
30244 1
30260 1
30275 1
30288 1
30305 1
30319 1
30339 1
30356 1
30369 1
30385 2
30408 2
30433 1
30450 2
30474 1
30488 1
30507 3
30535 2
30560 2
30583 1
30599 1
30615 1
30633 1
30651 2
30674 1
30689 2
30709 1
30726 1
30741 1
30757 1
30770 1
30785 1
30800 1
30814 1
30833 3
30863 3
30894 1
30907 1
30921 1
30935 2
30959 1
30972 1
30987 1
31004 1
31016 1
31036 1
31054 12
31155 1
31171 1
31183 1
31199 1
31215 2
31236 1
31255 13
31361 1
31375 1
31392 1
31408 4
31448 1
31462 1
31478 1
31491 1
31504 1
31516 1
31532 1
31545 2
31570 1
31582 1
31596 2
31618 1
31631 1
31647 1
31664 8
31734 1
31753 1
31769 1
31784 1
31800 1
31812 2
31838 1
31852 1
31866 1
31879 4
31919 2
31939 5
31984 2
32008 1
32024 5
32069 1
32089 1
32105 1
32123 1
32139 1
32152 1
32167 1
32184 1
32200 1
32216 1
32232 2
32252 1
32271 1
32283 13
32389 56
32829 1
32846 5
32894 1
32911 10
32995 1
33013 1
33032 2
33053 9
33127 1
33142 3
33170 1
33185 6
33236 4
33274 1
33289 1
33307 1
33322 9
33398 1
33411 1
33428 1
33440 1
33456 1
33469 2
33494 1
33510 7
33570 1
33585 2
33606 1
33620 1
33634 1
33651 4
33686 1
33699 1
33714 1
33730 1
33744 1
33756 1
33770 1
33786 1
33801 1
33818 1
33837 1
33852 1
33867 1
33881 1
33896 1
33915 1
33930 1
33949 29
34178 1
34194 1
34211 1
34224 3
34252 2
34276 1
34290 1
34304 1
34319 1
34332 1
34348 1
34362 1
34379 1
34394 1
34412 1
34431 1
34447 1
34463 1
34478 1
34494 1
34506 8
34573 1
34591 1
34607 2
34629 1
34646 1
34659 1
34676 4
34711 1
34725 1
34742 3
34774 1
34793 1
34811 3
34842 1
34858 1
34876 1
34896 35
35171 1
35188 2
35213 1
35225 1
35244 1
35260 1
35278 1
35294 1
35308 3
35339 1
35354 1
35367 1
35383 2
35403 1
35418 1
35433 1
35448 1
35464 1
35480 1
35497 1
35510 1
35526 1
35544 1
35561 1
35578 1
35594 1
35611 2
35634 1
35652 1
35669 1
35685 1
35702 1
35719 4
35756 2
35778 1
35796 1
35808 6
35864 1
35880 18
36025 1
36042 1
36059 1
36074 1
36088 1
36101 5
36148 1
36166 1
36182 2
36203 3
36234 4
36276 4
36318 1
36333 1
36349 1
36365 9
36441 2
36467 6
36522 2
36546 1
36563 5
36606 4
36646 1
36660 3
36691 1
36705 1
36722 5
36769 2
36788 1
36804 2
36823 9
36897 11
36988 1
37003 5
37050 1
37067 1
37084 1
37098 1
37110 2
37131 1
37147 1
37159 1
37171 1
37185 3
37213 1
37228 7
37290 12
37388 1
37408 1
37427 1
37441 4
37477 1
37494 1
37507 1
37525 1
37538 2
37562 2
37585 1
37600 1
37618 1
37636 1
37655 1
37672 1
37689 1
37704 1
37721 1
37734 1
37748 1
37768 1
37782 1
37797 1
37814 1
37826 1
37841 1
37854 1
37871 5
37918 1
37935 1
37954 4
37993 3
38024 3
38053 1
38069 2
38090 1
38105 1
38124 2
38146 1
38161 1
38176 1
38193 1
38209 1
38224 1
38238 1
38252 1
38266 1
38283 1
38301 1
38314 1
38331 1
38342 9
38416 1
38430 1
38443 1
38456 1
38470 1
38485 1
38500 1
38514 1
38528 1
38547 1
38564 1
38580 1
38593 1
38609 1
38625 1
38640 1
38654 5
38697 3
38729 1
38749 1
38768 1
38781 1
38797 1
38814 1
38830 1
38850 1
38863 1
38881 1
38896 1
38911 3
38940 1
38954 1
38967 1
38983 1
38995 3
39026 20
39191 19
39354 5
39398 1
39412 1
39428 3
39460 1
39477 1
39495 1
39513 1
39530 1
39545 1
39563 1
39581 1
39593 1
39606 1
39622 1
39635 8
39702 2
39726 1
39745 1
39758 66
40258 5
40303 5
40348 1
40367 1
40382 1
40394 1
40406 1
40424 1
40443 1
40458 1
40474 1
40489 1
40504 1
40523 1
40537 4
40576 1
40593 1
40609 2
40633 1
40648 1
40660 2
40682 1
40696 1
40711 1
40724 1
40741 1
40755 1
40771 1
40789 2
40810 1
40822 1
40836 1
40847 1
40862 11
40957 1
40972 1
40984 1
41001 3
41032 1
41047 2
41072 1
41087 1
41101 1
41114 1
41128 2
41151 2
41175 1
41191 1
41206 1
41221 1
41233 2
41253 1
41270 1
41286 4
41319 1
41334 1
41349 4
41386 19
41534 1
41549 2
41573 1
41589 2
41611 1
41624 1
41639 1
41655 1
41675 1
41692 6
41744 1
41759 1
41772 1
41789 6
41840 1
41856 1
41871 1
41888 3
41915 1
41929 2
41950 2
41974 1
41991 1
42007 8
42076 1
42092 3
42123 1
42136 1
42156 1
42171 1
42186 1
42202 1
42218 1
42231 1
42244 1
42258 1
42270 2
42293 1
42307 1
42324 1
42341 1
42355 1
42371 1
42388 1
42406 2
42428 1
42445 1
42461 2
42484 1
42499 1
42516 1
42533 1
42551 1
42570 1
42587 1
42605 1
42622 1
42635 2
42657 1
42671 10
42758 3
42788 4
42831 6
42884 6
42938 1
42957 1
42976 1
42988 1
43002 1
43020 1
43034 1
43053 1
43069 1
43083 9
43159 1
43174 1
43190 1
43210 1
43223 1
43242 1
43257 3
43287 1
43303 1
43322 2
43346 1
43362 5
43410 1
43428 1
43442 3
43475 1
43492 1
43506 1
43521 1
43537 1
43553 1
43569 4
43609 1
43625 2
43648 1
43664 1
43679 2
43698 1
43715 1
43728 1
43740 1
43755 1
43768 1
43786 1
43802 1
43819 1
43838 1
43855 2
43874 1
43888 33
44146 3
44175 1
44189 1
44206 1
44220 1
44237 2
44264 9
44341 1
44354 1
44373 1
44386 1
44399 3
44428 1
44445 1
44460 1
44479 1
44491 3
44521 13
44631 3
44660 1
44675 1
44693 1
44709 2
44729 1
44742 1
44758 1
44771 1
44788 1
44804 2
44824 1
44841 2
44863 1
44883 1
44900 1
44915 1
44934 1
44949 1
44961 2
44981 1
45000 1
45016 1
45034 1
45051 1
45064 1
45080 6
45134 6
45179 11
45275 1
45289 1
45301 1
45315 7
45376 1
45391 1
45404 1
45418 1
45432 2
45454 1
45469 1
45487 2
45512 1
45530 1
45545 1
45559 1
45577 1
45591 2
45614 1
45629 2
45651 3
45680 1
45695 1
45709 1
45722 1
45736 1
45753 5
45794 1
45809 2
45833 1
45850 1
45865 5
45910 1
45924 1
45937 6
45989 1
46005 1
46024 5
46070 1
46084 1
46102 1
46121 16
46248 1
46263 28
46483 1
46502 1
46519 1
46534 1
46550 1
46567 1
46584 1
46599 4
46638 1
46655 1
46671 1
46688 8
46755 2
46781 2
46806 1
46826 1
46841 2
46865 3
46896 1
46911 1
46924 1
46938 1
46952 10
47036 1
47053 1
47068 1
47085 1
47098 1
47111 7
47173 1
47186 5
47230 6
47286 1
47303 1
47322 1
47341 1
47358 1
47374 1
47390 1
47406 1
47422 1
47437 1
47455 2
47475 13
47580 1
47594 2
47618 3
47646 1
47658 1
47672 4
47709 8
47781 1
47799 2
47821 2
47844 1
47857 1
47874 1
47890 1
47910 1
47924 1
47937 2
47960 1
47976 1
47991 1
48007 1
48023 1
48036 4
48071 1
48084 26
48294 1
48314 7
48375 1
48389 3
48415 1
48432 2
48455 1
48470 2
48490 1
48506 1
48520 2
48542 1
48561 1
48577 1
48594 2
48618 2
48639 2
48662 6
48713 1
48730 1
48749 1
48765 9
48842 2
48867 2
48889 1
48903 6
48954 1
48966 1
48980 1
48992 1
49007 2
49030 2
49053 3
49086 2
49112 1
49129 1
49146 1
49160 1
49176 1
49194 4
49232 3
49264 1
49280 1
49296 3
49325 1
49343 1
49360 4
49399 2
49421 1
49438 2
49459 1
49473 1
49489 1
49507 1
49523 1
49541 1
49558 1
49575 1
49588 1
49604 1
49618 1
49631 1
49645 1
49662 11
49751 13
49855 1
49874 2
49899 1
49917 1
49935 3
49963 1
49982 1
49996 1
50013 1
50030 3
50063 1
50078 2
50102 3
50132 1
50150 1
50163 1
50176 2
50202 1
50216 8
50283 1
50297 1
50314 1
50333 2
50357 1
50371 1
50387 1
50404 1
50420 1
50437 1
50454 1
50471 1
50488 20
50649 1
50666 1
50684 1
50699 1
50717 1
50732 11
50817 2
50837 1
50853 2
50875 2
50894 1
50910 1
50926 2
50948 1
50967 14
51083 1
51097 1
51116 1
51133 1
51147 1
51164 1
51181 1
51198 1
51210 2
51233 1
51246 1
51259 1
51272 1
51284 1
51299 1
51310 4
51347 2
51370 2
51392 2
51416 1
51431 39
51741 1
51758 1
51774 1
51790 1
51804 2
51825 1
51839 1
51855 1
51872 4
51911 1
51928 1
51941 1
51956 8
52023 1
52040 1
52055 1
52074 1
52089 1
52102 2
52125 2
52148 1
52161 1
52173 1
52188 1
52202 1
52215 1
52229 1
52243 1
52257 1
52274 1
52292 1
52305 1
52321 1
52338 1
52356 1
52372 1
52385 1
52399 3
52426 2
52448 1
52464 2
52488 2
52511 1
52525 1
52544 1
52564 1
52581 1
52598 3
52627 2
52649 1
52665 1
52681 1
52698 1
52716 1
52733 1
52750 1
52766 1
52778 1
52792 1
52808 1
52828 3
52857 1
52873 1
52891 5
52935 1
52951 1
52966 1
52980 1
52997 1
53011 3
53040 1
53056 1
53074 20
53237 1
53256 6
53309 1
53325 1
53338 1
53352 1
53365 1
53379 1
53398 1
53414 1
53428 110
54277 7
54338 3
54368 14
54490 1
54505 1
54520 1
54535 1
54548 1
54563 1
54578 2
54602 1
54617 1
54633 1
54647 6
54702 2
54725 1
54742 1
54757 4
54795 1
54814 2
54836 1
54850 4
54887 5
54935 3
54964 2
54986 1
55006 1
55025 1
55043 1
55058 1
55071 1
55090 1
55106 1
55120 2
55141 1
55156 1
55175 1
55190 1
55207 1
55222 1
55236 1
55252 10
55335 1
55351 1
55366 1
55382 1
55398 1
55413 1
55426 1
55442 1
55458 1
55471 1
55484 1
55497 1
55510 2
55534 1
55549 1
55563 1
55577 1
55590 1
55608 1
55623 5
55672 1
55688 1
55701 18
55845 1
55860 1
55875 1
55893 1
55912 1
55926 1
55943 1
55957 1
55976 3
56011 1
56030 1
56043 2
56067 1
56081 1
56097 1
56112 1
56124 1
56139 1
56153 1
56168 1
56182 1
56197 1
56210 1
56226 1
56240 3
56269 1
56288 1
56308 1
56324 4
56363 1
56382 1
56395 2
56416 1
56432 2
56455 1
56472 1
56489 1
56505 1
56521 1
56535 1
56552 1
56567 1
56583 2
56608 1
56621 1
56638 1
56652 4
56689 1
56705 1
56720 1
56733 1
56748 1
56762 1
56777 1
56791 1
56804 1
56821 2
56844 1
56860 1
56873 1
56890 1
56905 1
56919 1
56931 1
56944 1
56963 15
57087 1
57100 2
57123 2
57146 1
57160 1
57175 1
57195 2
57219 1
57234 1
57251 1
57265 1
57285 2
57309 4
57347 1
57365 2
57386 1
57399 1
57417 2
57444 6
57497 1
57510 1
57528 2
57552 12
57657 1
57676 1
57693 1
57709 9
57787 4
57822 2
57846 1
57860 1
57878 1
57890 1
57904 1
57922 3
57950 1
57967 3
57998 3
58030 1
58049 1
58065 1
58079 1
58093 5
58137 1
58151 5
58198 1
58216 1
58230 1
58247 1
58261 1
58280 1
58298 20
58456 33
58721 2
58747 1
58760 1
58775 1
58789 22
58970 41
59282 1
59299 1
59311 1
59331 2
59353 1
59369 2
59389 1
59406 1
59421 1
59437 2
59464 1
59484 1
59497 69
60017 1
60034 12
60135 1
60150 1
60164 1
60184 7
60245 1
60259 1
60275 1
60292 1
60305 1
60321 1
60338 1
60355 1
60370 4
60408 1
60426 1
60443 1
60459 1
60471 1
60485 28
60709 3
60742 3
60777 1
60797 2
60821 1
60833 1
60845 2
60869 1
60882 1
60895 3
60925 124
61882 3
61913 1
61927 1
61940 1
61956 9
62031 1
62047 1
62065 2
62087 1
62104 1
62123 1
62137 1
62153 3
62183 2
62206 1
62221 1
62239 1
62253 1
62267 2
62289 1
62308 1
62322 1
62339 5
62383 1
62398 1
62417 1
62434 1
62450 1
62465 4
62500 1
62517 1
62534 1
62546 1
62559 1
62572 95
63303 1
63316 1
63328 1
63341 1
63356 1
63374 2
63394 1
63410 1
63426 1
63442 1
63460 1
63479 1
63491 2
63512 1
63525 1
63543 1
63556 1
63570 1
63587 1
63601 17
63742 2
63766 1
63779 41
64087 1
64103 1
64116 4
64152 1
64166 1
64180 1
64193 1
64206 1
64218 1
64230 1
64243 1
64260 1
64278 1
64297 3
64327 1
64342 1
64355 1
64370 1
64386 30
64622 10
64709 14
64821 5
64864 1
64879 1
64893 1
64906 1
64922 2
64942 1
64958 1
64974 1
64987 1
65002 5
65045 1
65060 12
65161 1
65178 1
65194 114
66072 12
66169 1
66189 5
66235 2
66259 1
66277 1
66292 2
66317 2
66339 10
66429 2
66456 1
66475 1
66494 1
66509 2
66535 1
66551 1
66564 1
66579 1
66595 1
66609 1
66626 32
66872 1
66891 2
66913 1
66929 1
66943 1
66959 1
66971 1
66985 1
66997 1
67011 1
67026 2
67046 2
67069 2
67092 1
67109 1
67126 1
67141 2
67164 1
67180 1
67196 1
67216 1
67234 48
67614 1
67633 1
67649 1
67664 7
67725 1
67740 1
67757 2
67780 18
67928 18
68077 1
68096 3
68124 1
68142 3
68174 1
68188 1
68202 1
68218 1
68236 1
68249 1
68262 1
68273 1
68286 1
68305 1
68319 3
68343 2
68364 1
68380 4
68419 1
68432 1
68451 2
68470 1
68488 1
68502 1
68514 1
68527 1
68542 1
68558 1
68575 1
68593 2
68614 1
68627 1
68641 1
68654 1
68673 1
68689 2
68712 6
68765 1
68777 1
68794 1
68808 1
68823 2
68847 1
68861 1
68878 1
68893 1
68906 1
68925 2
68950 1
68963 13
69067 9
69145 1
69163 2
69184 1
69197 1
69214 1
69227 1
69239 1
69256 1
69272 1
69285 1
69301 3
69330 1
69347 1
69361 1
69376 1
69394 1
69411 1
69425 1
69440 7
69505 1
69522 1
69539 6
69591 2
69612 2
69634 4
69672 2
69696 1
69714 2
69737 1
69754 1
69773 1
69786 1
69800 1
69816 1
69832 1
69849 1
69865 2
69889 1
69904 1
69919 1
69933 1
69947 1
69962 2
69986 1
70001 1
70014 6
70072 2
70093 1
70108 1
70123 1
70140 1
70153 1
70167 1
70184 1
70198 1
70217 1
70230 4
70271 1
70285 11
70375 1
70391 1
70407 3
70439 1
70456 3
70486 1
70499 1
70514 2
70535 2
70556 3
70587 1
70604 2
70626 1
70642 1
70655 4
70694 2
70718 1
70738 1
70755 1
70772 1
70785 1
70798 11
70884 1
70904 3
70933 1
70947 1
70959 1
70974 1
70988 1
71001 8
71073 1
71084 4
71120 1
71133 1
71147 1
71164 1
71183 4
71223 10
71302 1
71315 3
71346 1
71362 1
71378 1
71389 1
71401 1
71416 1
71432 1
71448 1
71462 1
71479 1
71496 1
71511 1
71530 1
71547 1
71559 2
71581 1
71595 1
71614 1
71629 1
71646 1
71662 1
71679 1
71692 1
71709 1
71729 1
71747 1
71764 1
71783 1
71795 1
71809 1
71821 1
71841 1
71855 1
71870 1
71884 1
71899 1
71913 1
71932 6
71987 1
72003 2
72028 1
72042 37
72337 3
72369 1
72384 3
72413 9
72490 2
72511 2
72536 1
72554 1
72570 1
72589 1
72603 1
72619 1
72633 1
72651 1
72666 1
72686 1
72700 1
72716 1
72731 1
72747 1
72763 1
72779 2
72800 1
72814 1
72828 1
72845 2
72864 3
72892 1
72912 1
72930 6
72982 2
73007 1
73024 1
73044 1
73061 1
73078 1
73094 1
73110 1
73128 2
73152 1
73165 1
73180 1
73195 2
73217 1
73229 1
73244 1
73260 1
73277 1
73296 1
73315 1
73332 1
73348 1
73361 1
73374 1
73391 1
73407 1
73424 1
73438 1
73456 1
73471 2
73495 3
73523 1
73539 1
73552 1
73566 1
73581 1
73595 1
73611 1
73627 1
73640 1
73654 1
73670 1
73687 1
73703 2
73724 1
73738 1
73753 1
73769 1
73783 2
73805 1
73821 1
73834 1
73848 1
73868 1
73885 1
73901 1
73917 1
73936 1
73950 3
73978 2
74001 1
74017 1
74029 1
74044 1
74061 2
74083 1
74097 1
74108 7
74166 1
74184 1
74203 1
74219 1
74232 1
74250 1
74264 3
74293 1
74308 1
74326 1
74345 1
74362 6
74411 1
74427 1
74442 10
74526 3
74555 1
74569 1
74582 1
74600 2
74621 1
74640 6
74693 1
74707 1
74723 1
74743 1
74759 2
74780 1
74796 5
74839 1
74854 1
74870 1
74884 2
74908 1
74923 1
74937 1
74951 1
74968 1
74984 3
75013 1
75030 1
75045 7
75104 1
75120 1
75133 1
75150 2
75175 1
75190 1
75203 1
75216 1
75229 1
75243 1
75256 1
75271 2
75297 1
75314 84
75948 41
76260 4
76295 1
76312 1
76329 3
76359 3
76387 1
76406 1
76420 1
76435 1
76453 1
76467 2
76488 1
76501 2
76529 1
76545 1
76564 1
76583 36
76868 1
76884 1
76899 1
76914 2
76940 1
76959 1
76974 1
76989 1
77003 1
77015 1
77028 1
77046 1
77062 1
77078 2
77099 1
77115 1
77131 1
77144 2
77168 1
77182 1
77197 1
77213 1
77226 1
77240 1
77256 6
77308 1
77325 1
77341 1
77357 43
77697 1
77712 1
77726 1
77742 1
77755 1
77768 1
77783 17
77921 1
77938 1
77956 2
77978 1
77993 3
78022 2
78045 1
78059 1
78078 2
78100 1
78113 2
78135 1
78152 2
78173 1
78190 1
78203 1
78219 1
78233 1
78247 6
78299 17
78438 1
78454 1
78470 1
78488 1
78501 1
78515 1
78529 25
78726 1
78742 1
78760 1
78773 1
78791 2
78815 2
78842 1
78861 1
78874 1
78893 1
78906 9
78980 1
78994 1
79006 1
79022 2
79043 1
79059 1
79072 1
79086 1
79100 1
79113 7
79172 17
79310 4
79346 1
79365 7
79425 1
79442 1
79456 2
79478 1
79490 17
79629 1
79647 1
79661 7
79721 1
79739 1
79757 1
79772 4
79809 1
79825 1
79840 2
79862 1
79875 1
79894 1
79908 1
79922 4
79962 2
79981 1
79995 1
80008 1
80022 1
80035 1
80052 1
80068 2
80089 1
80107 1
80122 3
80151 3
80186 1
80198 1
80214 1
80231 1
80245 1
80258 1
80271 36
80553 2
80575 1
80591 1
80604 1
80622 1
80635 1
80646 1
80660 1
80673 1
80688 1
80701 1
80718 1
80732 1
80747 1
80761 1
80775 1
80791 2
80815 1
80831 1
80845 1
80857 1
80871 1
80885 1
80901 1
80918 5
80962 1
80979 1
80997 2
81019 4
81062 1
81081 1
81097 1
81112 2
81134 2
81156 3
81191 2
81212 1
81229 1
81245 1
81257 1
81274 1
81290 9
81367 2
81390 1
81407 1
81423 1
81439 1
81456 1
81476 1
81493 1
81509 1
81525 1
81542 3
81571 6
81622 1
81635 1
81650 2
81672 1
81686 1
81701 1
81718 1
81737 2
81763 1
81782 1
81799 1
81815 1
81828 1
81844 1
81863 1
81877 1
81891 1
81907 1
81922 1
81936 4
81970 1
81984 4
82020 1
82036 1
82053 1
82069 1
82085 1
82099 1
82118 1
82133 1
82147 1
82163 2
82191 1
82205 28
82421 1
82440 1
82454 5
82498 1
82513 1
82528 1
82545 6
82599 3
82630 1
82645 1
82657 2
82681 2
82702 2
82724 1
82739 1
82756 2
82779 1
82795 1
82809 2
82834 5
82880 1
82896 3
82928 1
82942 1
82956 1
82974 1
82994 1
83010 3
83039 1
83055 3
83087 2
83111 1
83127 1
83140 2
83161 1
83178 6
83233 1
83252 2
83273 2
83295 2
83319 3
83348 1
83364 1
83379 1
83393 1
83409 1
83427 1
83447 1
83466 1
83480 1
83493 11
83582 1
83598 3
83627 1
83643 1
83661 1
83675 1
83688 1
83701 1
83714 1
83727 1
83744 1
83762 2
83783 1
83795 1
83811 1
83825 2
83848 1
83863 1
83879 1
83891 1
83906 3
83934 1
83949 1
83961 1
83977 2
83999 5
84045 15
84166 2
84188 1
84205 3
84236 2
84259 1
84272 2
84292 1
84309 1
84322 1
84339 1
84354 1
84370 1
84387 1
84404 8
84472 1
84490 1
84508 1
84527 1
84547 1
84563 6
84617 25
84818 1
84834 1
84850 10
84933 1
84948 1
84964 1
84982 1
84998 1
85015 1
85033 1
85047 2
85069 1
85085 1
85102 1
85115 2
85136 3
85165 1
85184 1
85202 1
85221 1
85239 1
85254 1
85270 2
85297 8
85363 1
85379 1
85398 1
85417 1
85429 1
85444 1
85457 1
85470 2
85490 2
85512 1
85527 7
85591 1
85607 1
85625 1
85644 1
85659 2
85680 1
85695 1
85712 1
85728 1
85747 1
85763 1
85778 1
85793 1
85806 1
85820 3
85849 1
85869 1
85882 1
85897 9
85969 1
85983 1
85998 2
86024 4
86065 3
86097 2
86121 2
86141 1
86157 1
86174 2
86196 1
86213 1
86226 1
86242 2
86265 4
86306 1
86325 1
86339 1
86357 5
86407 1
86422 1
86439 1
86456 1
86474 1
86488 1
86505 1
86520 1
86534 7
86595 1
86610 4
86650 1
86669 13
86779 1
86795 2
86820 1
86838 1
86851 1
86868 1
86882 1
86895 1
86907 1
86923 1
86937 2
86959 1
86972 1
86990 1
87003 2
87024 5
87069 3
87101 1
87119 1
87134 1
87152 1
87164 1
87178 1
87191 1
87207 1
87222 1
87235 1
87253 1
87268 1
87281 38
87581 1
87597 1
87613 2
87636 1
87655 1
87671 1
87689 1
87705 2
87725 1
87739 1
87755 1
87770 1
87784 4
87822 1
87840 2
87864 1
87879 1
87892 1
87907 2
87930 2
87951 1
87967 2
87994 1
88008 1
88025 1
88045 1
88060 1
88076 1
88089 3
88124 1
88141 2
88163 4
88204 1
88218 1
88231 1
88245 6
88297 23
88475 1
88493 1
88512 1
88531 1
88545 2
88566 2
88587 1
88600 1
88614 1
88627 1
88640 1
88654 1
88666 1
88680 1
88694 1
88707 17
88843 1
88857 1
88873 1
88887 1
88905 1
88919 1
88934 1
88954 1
88971 2
88995 1
89013 2
89038 1
89052 1
89064 36
89349 20
89505 1
89521 3
89551 1
89568 1
89583 1
89596 1
89613 1
89630 1
89644 1
89662 1
89674 1
89689 1
89705 2
89728 1
89744 1
89761 1
89776 1
89795 1
89810 1
89823 1
89837 1
89852 1
89871 1
89884 1
89901 14
90016 5
90068 2
90092 1
90110 1
90123 2
90145 1
90159 2
90183 1
90201 1
90219 1
90238 1
90253 1
90267 1
90282 2
90304 1
90318 1
90335 1
90351 82
90987 1
91005 1
91023 4
91061 4
91099 1
91115 1
91135 1
91150 1
91166 2
91188 1
91203 1
91216 1
91231 1
91244 1
91263 2
91284 1
91300 1
91313 2
91334 2
91355 4
91391 1
91404 41
91712 1
91726 1
91741 1
91754 1
91766 1
91779 1
91792 1
91808 1
91822 1
91837 1
91855 1
91868 2
91889 1
91906 1
91922 1
91935 1
91949 1
91967 1
91985 3
92014 3
92048 1
92067 1
92082 4
92119 1
92134 1
92154 1
92171 3
92203 2
92224 35
92495 1
92511 2
92535 37
92821 1
92839 5
92886 1
92905 1
92921 1
92938 1
92958 1
92971 1
92984 1
92998 1
93014 1
93025 1
93039 1
93052 1
93068 2
93087 1
93100 1
93115 1
93127 2
93154 1
93173 2
93198 1
93212 1
93227 1
93243 2
93262 1
93275 1
93288 1
93302 1
93316 1
93335 3
93365 1
93381 1
93396 1
93409 1
93422 1
93438 1
93455 1
93475 1
93489 1
93504 1
93522 1
93537 1
93551 1
93564 1
93577 1
93593 2
93613 1
93626 1
93638 1
93651 3
93681 1
93698 1
93712 1
93727 1
93739 1
93755 3
93782 1
93801 1
93818 1
93832 1
93845 1
93862 1
93879 1
93893 1
93909 1
93926 1
93941 1
93957 1
93972 9
94049 2
94074 1
94090 3
94123 1
94138 2
94161 2
94187 1
94201 1
94219 2
94242 1
94262 1
94282 1
94299 2
94321 1
94337 1
94350 1
94367 3
94396 2
94417 3
94443 1
94455 1
94467 2
94486 1
94499 1
94514 1
94528 5
94570 1
94583 1
94595 1
94612 2
94634 2
94657 1
94671 1
94683 1
94694 1
94711 2
94734 1
94750 1
94767 1
94781 1
94796 1
94811 1
94826 1
94842 1
94855 1
94868 1
94882 4
94918 1
94932 1
94945 4
94984 12
95082 1
95101 1
95114 1
95130 1
95143 1
95157 1
95172 1
95191 2
95212 5
95260 7
95321 1
95339 1
95353 1
95369 1
95385 1
95403 1
95416 1
95431 1
95443 1
95456 4
95493 2
95514 1
95529 1
95542 1
95555 1
95569 1
95582 5
95625 1
95638 1
95655 1
95667 1
95681 1
95697 12
95797 373
98620 1
98639 3
98669 1
98683 1
98694 3
98725 1
98739 1
98756 1
98770 1
98785 1
98799 1
98817 1
98830 1
98843 1
98859 1
98876 1
98890 1
98908 1
98923 1
98938 1
98951 1
98968 1
98984 1
98999 1
99019 1
99033 1
99052 3
99080 1
99096 1
99114 3
99146 17
99284 1
99295 1
99311 1
99325 6
99377 1
99393 2
99414 3
99444 5
99491 11
99585 1
99597 1
99613 3
99643 1
99656 1
99671 1
99686 1
99703 7
99762 1
99780 1
99800 2
99823 1
99839 11
99932 1
99947 1
99961 1
99979 1
99999 1
100014 1
100029 7
100086 1
100099 2
100121 1
100140 1
100157 1
100169 1
100182 1
100197 1
100211 1
100231 1
100245 1
100262 1
100275 1
100295 1
100311 1
100327 2
100351 1
100368 1
100384 1
100401 1
100419 6
100475 2
100498 1
100516 1
100530 1
100544 1
100560 1
100575 1
100594 162
101839 3
101870 1
101887 1
101905 1
101922 1
101938 1
101955 1
101973 2
101994 2
102016 2
102040 1
102054 1
102071 1
102089 1
102103 1
102117 1
102133 1
102146 1
102164 1
102177 1
102196 2
102220 1
102238 1
102258 1
102276 1
102295 1
102311 1
102330 1
102344 1
102360 18
102506 1
102519 1
102533 1
102550 1
102567 1
102584 1
102603 1
102622 2
102643 1
102659 1
102675 18
102817 1
102835 1
102855 1
102872 4
102914 1
102928 1
102944 1
102961 1
102980 7
103040 3
103070 1
103086 1
103099 1
103113 1
103127 1
103143 6
103194 1
103213 1
103225 1
103238 2
103264 1
103280 1
103296 1
103316 2
103340 1
103354 3
103383 1
103401 1
103416 1
103428 1
103444 1
103460 2
103480 1
103496 1
103512 1
103527 5
103573 2
103596 5
103640 1
103656 1
103670 1
103685 2
103710 1
103724 1
103744 1
103759 1
103775 1
103795 1
103811 1
103831 3
103860 1
103879 1
103896 1
103913 1
103929 2
103955 1
103971 18
104114 1
104133 1
104152 1
104169 2
104194 1
104209 1
104225 1
104244 1
104259 1
104276 1
104293 22
104472 1
104490 1
104507 1
104522 1
104540 1
104554 1
104572 1
104584 1
104598 6
104651 1
104665 1
104677 1
104689 1
104705 1
104725 1
104743 1
104759 1
104772 1
104789 2
104812 1
104831 1
104846 1
104862 2
104889 1
104903 35
105177 1
105192 1
105211 1
105230 152
106381 37
106673 1
106686 1
106702 1
106718 1
106733 1
106752 1
106766 1
106781 1
106793 6
106848 7
106906 1
106918 1
106932 1
106946 1
106961 1
106978 1
106993 1
107007 1
107026 1
107038 1
107056 1
107071 1
107086 1
107105 3
107137 1
107151 1
107170 1
107187 2
107209 1
107227 1
107244 1
107262 1
107277 1
107293 6
107343 9
107421 1
107441 1
107456 2
107479 1
107498 7
107554 3
107586 10
107670 1
107687 4
107729 1
107743 2
107765 1
107783 6
107835 87
108508 5
108557 1
108577 2
108602 1
108620 1
108638 1
108654 1
108672 1
108688 1
108705 1
108718 1
108731 1
108746 1
108765 1
108780 1
108794 1
108812 1
108825 1
108841 1
108853 1
108871 1
108891 1
108905 1
108920 1
108936 1
108950 1
108963 1
108977 1
108990 3
109021 1
109041 1
109058 1
109072 1
109086 2
109109 2
109133 1
109149 40
109464 1
109479 2
109504 1
109522 1
109537 1
109553 1
109569 1
109586 1
109599 1
109614 1
109631 1
109644 1
109658 1
109675 7
109737 1
109753 2
109780 3
109813 1
109833 6
109891 1
109910 1
109925 7
109986 8
110054 1
110070 1
110084 1
110101 1
110118 1
110131 3
110160 1
110173 1
110190 3
110223 1
110237 1
110250 1
110263 1
110277 1
110294 1
110313 1
110330 1
110346 1
110362 1
110379 1
110396 3
110428 3
110459 6
110513 1
110529 1
110547 1
110562 1
110576 1
110590 1
110607 1
110622 1
110641 1
110659 2
110681 1
110698 1
110717 1
110735 1
110753 2
110776 1
110793 4
110832 1
110851 3
110881 3
110911 5
110955 1
110970 1
110985 1
111004 2
111027 1
111041 14
111158 2
111180 1
111197 5
111245 107
112076 6
112131 1
112149 6
112206 2
112232 20
112393 1
112410 1
112424 1
112442 1
112457 1
112477 2
112503 1
112521 2
112545 1
112564 1
112581 1
112600 1
112614 1
112632 1
112647 1
112662 1
112678 2
112701 1
112718 1
112735 1
112748 10
112835 1
112848 1
112861 1
112873 1
112888 2
112911 2
112938 1
112951 3
112977 15
113101 5
113147 1
113162 1
113175 1
113191 1
113206 1
113223 1
113240 1
113254 1
113267 1
113282 3
113314 1
113330 1
113342 1
113358 1
113371 1
113385 3
113416 1
113434 1
113449 1
113463 1
113482 1
113498 1
113514 1
113532 1
113545 1
113562 1
113580 1
113593 1
113606 1
113620 1
113633 4
113674 1
113688 1
113705 1
113719 1
113736 1
113750 3
113781 1
113800 1
113815 1
113832 2
113858 1
113871 1
113884 1
113898 2
113919 1
113933 1
113948 1
113962 1
113979 8
114047 1
114065 1
114079 1
114093 11
114182 1
114201 2
114223 1
114241 3
114275 2
114300 1
114314 1
114330 1
114345 1
114362 1
114375 1
114390 1
114404 1
114421 2
114442 1
114456 1
114471 1
114485 1
114501 1
114518 1
114533 1
114547 1
114562 1
114575 1
114590 1
114606 2
114627 1
114640 1
114654 2
114676 5
114722 2
114742 1
114759 1
114776 1
114792 1
114805 1
114818 1
114831 1
114850 5
114891 1
114904 1
114916 4
114952 1
114965 2
114989 1
115006 2
115027 2
115050 4
115083 3
115113 2
115136 1
115152 1
115167 1
115183 1
115198 18
115341 1
115359 5
115406 3
115434 1
115448 1
115461 1
115478 1
115494 1
115507 2
115527 12
115624 6
115677 1
115692 1
115709 1
115726 5
115771 5
115818 2
115844 2
115866 2
115891 1
115905 1
115919 1
115933 1
115951 1
115965 1
115980 2
116000 3
116030 6
116083 1
116097 3
116130 1
116144 1
116160 1
116173 2
116196 1
116211 15
116337 1
116355 1
116373 2
116400 1
116418 7
116482 3
116518 1
116537 1
116554 1
116566 15
116691 1
116706 1
116722 1
116736 1
116752 2
116775 1
116791 5
116840 1
116857 1
116874 1
116888 1
116904 17
117042 1
117061 1
117076 1
117094 4
117134 1
117154 1
117171 1
117187 2
117208 1
117224 1
117240 1
117257 1
117273 27
117492 1
117510 1
117525 1
117542 1
117557 1
117573 2
117594 1
117611 1
117625 1
117638 2
117660 1
117674 2
117699 1
117715 1
117733 6
117789 1
117808 1
117823 2
117848 4
117886 1
117904 1
117923 1
117939 1
117956 2
117977 1
117991 1
118005 2
118028 1
118045 6
118098 1
118115 1
118129 1
118143 1
118156 1
118172 1
118190 1
118206 4
118241 1
118257 1
118276 1
118291 1
118304 1
118318 1
118331 6
118381 1
118394 8
118466 1
118483 1
118501 1
118515 1
118530 1
118543 1
118563 1
118579 1
118594 1
118612 1
118630 1
118648 1
118663 1
118676 1
118690 3
118720 1
118736 3
118767 1
118782 2
118804 2
118825 1
118839 3
118872 1
118886 1
118902 1
118915 5
118960 3
118994 2
119022 1
119036 1
119051 1
119067 1
119085 2
119107 1
119123 8
119191 1
119208 2
119232 1
119250 1
119264 1
119279 1
119296 3
119321 1
119335 2
119358 1
119371 4
119409 1
119425 1
119444 1
119456 1
119470 1
119481 7
119542 1
119557 2
119577 1
119590 1
119602 4
119644 3
119674 1
119689 2
119711 1
119724 1
119737 1
119752 1
119767 1
119780 1
119797 1
119813 1
119829 3
119860 1
119876 3
119904 1
119923 1
119938 2
119958 1
119969 1
119984 1
120000 1
120014 1
120029 1
120043 1
120057 1
120073 1
120085 5
120130 2
120149 2
120169 1
120187 1
120206 1
120222 1
120239 1
120255 2
120278 1
120292 1
120309 7
120368 1
120382 1
120401 1
120418 1
120432 1
120447 1
120467 1
120483 1
120500 1
120514 1
120529 1
120549 1
120566 1
120580 1
120599 1
120615 1
120629 1
120649 2
120674 1
120689 1
120707 1
120726 1
120740 1
120754 1
120767 1
120782 1
120794 1
120809 1
120821 1
120836 1
120850 1
120865 1
120879 1
120892 1
120908 3
120937 2
120961 1
120978 2
121001 1
121020 1
121038 2
121063 1
121081 24
121278 3
121312 1
121328 1
121344 1
121363 10
121444 1
121462 3
121496 3
121525 2
121552 1
121565 3
121598 1
121612 1
121630 1
121645 1
121660 1
121677 3
121712 1
121725 1
121741 1
121755 3
121784 1
121802 2
121828 1
121847 1
121862 28
122087 1
122106 1
122123 2
122150 59
122601 1
122619 1
122636 2
122656 3
122688 2
122715 1
122731 2
122758 3
122789 1
122807 3
122836 3
122864 1
122877 1
122894 1
122911 1
122928 1
122944 8
123014 7
123079 1
123092 1
123108 1
123123 2
123148 1
123164 3
123191 2
123214 1
123229 2
123251 1
123266 1
123280 1
123294 1
123310 1
123325 1
123342 1
123359 1
123376 1
123391 1
123406 1
123421 14
123533 1
123549 1
123564 2
123586 9
123661 2
123686 1
123703 1
123719 9
123794 2
123820 1
123835 1
123849 1
123864 1
123880 1
123896 1
123911 1
123925 2
123942 1
123954 1
123972 1
123985 1
123997 1
124011 1
124027 1
124041 1
124055 1
124071 1
124089 1
124109 1
124124 1
124141 1
124155 1
124171 1
124186 1
124201 1
124215 1
124231 1
124248 1
124262 1
124279 1
124298 1
124312 1
124329 1
124344 4
124381 1
124397 1
124414 3
124441 1
124455 3
124486 1
124505 1
124518 1
124533 1
124553 2
124576 1
124589 1
124603 5
124649 39
124959 1
124979 1
124995 1
125011 1
125030 5
125079 1
125096 1
125110 1
125125 10
125207 1
125224 1
125243 1
125261 3
125290 1
125308 3
125338 1
125354 1
125369 1
125382 1
125395 3
125424 2
125446 2
125468 1
125486 2
125512 2
125535 1
125549 2
125570 1
125583 1
125595 1
125609 1
125625 2
125646 2
125672 1
125687 1
125702 3
125732 1
125750 1
125769 1
125785 1
125801 1
125816 1
125829 115
126710 1
126726 1
126742 2
126761 1
126775 1
126790 3
126821 1
126834 1
126847 1
126865 1
126878 1
126893 1
126909 1
126925 3
126953 1
126972 1
126985 5
127030 1
127045 1
127057 2
127078 2
127101 1
127116 1
127133 1
127147 2
127169 1
127186 1
127200 1
127213 1
127227 1
127242 1
127255 7
127318 1
127336 6
127395 4
127433 17
127571 1
127585 1
127598 2
127623 1
127637 1
127649 1
127664 1
127677 2
127701 2
127723 1
127739 1
127754 2
127775 1
127791 5
127835 1
127853 1
127867 1
127881 1
127898 1
127913 1
127928 1
127942 1
127954 1
127972 1
127986 5
128036 7
128097 9
128173 1
128191 2
128216 2
128241 2
128268 1
128286 1
128302 1
128321 1
128336 1
128351 1
128366 1
128380 4
128420 1
128435 1
128450 1
128462 2
128481 1
128496 1
128513 1
128528 1
128541 3
128572 5
128620 1
128636 11
128732 1
128748 1
128761 1
128778 1
128795 1
128810 1
128825 1
128841 1
128858 2
128880 1
128893 1
128908 1
128921 40
129231 1
129249 1
129263 1
129281 1
129293 1
129307 1
129322 3
129355 1
129372 1
129389 1
129402 1
129417 1
129433 1
129451 3
129481 1
129500 1
129513 3
129540 1
129558 1
129574 1
129586 1
129602 1
129617 3
129649 6
129700 1
129714 2
129735 1
129755 1
129770 2
129793 2
129816 41
130125 3
130158 1
130176 1
130192 1
130209 2
130231 1
130248 1
130266 4
130303 41
130615 1
130635 63
131108 67
131627 1
131645 2
131671 2
131696 3
131727 13
131834 2
131858 1
131875 1
131891 1
131906 1
131921 4
131958 1
131975 3
132005 1
132019 1
132035 2
132062 1
132079 1
132096 1
132114 4
132152 1
132166 1
132181 2
132204 1
132221 4
132257 1
132271 1
132289 1
132303 1
132317 3
132347 1
132361 1
132377 1
132391 1
132406 2
132426 2
132449 12
132548 1
132564 1
132581 1
132595 1
132611 2
132637 9
132713 1
132730 4
132769 2
132793 1
132812 1
132829 1
132846 1
132862 1
132878 1
132894 1
132909 1
132927 1
132943 7
133007 4
133046 3
133078 1
133093 1
133112 4
133149 1
133162 2
133187 12
133286 1
133304 1
133320 2
133345 1
133360 1
133376 1
133390 1
133409 1
133425 2
133448 1
133466 1
133482 1
133496 2
133519 8
133591 1
133607 1
133620 1
133634 1
133651 2
133672 1
133690 2
133712 1
133729 1
133747 1
133765 1
133785 1
133804 1
133821 1
133840 1
133856 4
133895 1
133909 1
133925 1
133938 9
134013 1
134028 1
134046 2
134069 1
134087 3
134115 1
134129 1
134145 1
134161 1
134177 1
134193 1
134207 1
134220 1
134234 1
134248 1
134262 2
134285 1
134300 1
134320 1
134333 1
134349 3
134383 1
134400 1
134417 1
134436 1
134452 5
134497 1
134513 1
134528 1
134543 2
134569 3
134603 4
134644 1
134662 1
134677 2
134699 3
134731 1
134749 1
134767 3
134796 2
134817 2
134841 4
134882 1
134896 1
134910 1
134928 7
134987 1
135004 1
135017 1
135034 1
135050 1
135066 1
135082 4
135122 11
135213 2
135235 1
135252 1
135266 1
135285 1
135303 3
135333 2
135355 2
135378 1
135395 1
135408 1
135426 1
135439 1
135455 1
135471 1
135489 2
135511 1
135527 1
135542 2
135563 2
135584 2
135610 1
135625 2
135648 1
135666 2
135692 2
135715 1
135727 2
135747 2
135767 2
135789 2
135808 1
135825 1
135840 1
135857 36
136140 2
136165 2
136189 2
136211 1
136223 2
136242 5
136287 2
136312 3
136340 1
136358 1
136376 1
136391 1
136408 1
136424 1
136437 7
136503 3
136537 3
136567 1
136585 2
136606 2
136629 1
136643 2
136665 1
136677 1
136694 1
136708 1
136726 2
136749 1
136765 1
136779 1
136792 1
136806 1
136824 1
136840 1
136857 1
136874 1
136889 1
136907 1
136923 1
136938 1
136955 1
136967 1
136986 5
137032 14
137143 1
137161 1
137176 1
137192 1
137211 1
137224 1
137237 2
137259 2
137285 1
137300 1
137314 1
137332 1
137352 1
137365 1
137383 3
137414 1
137429 1
137448 1
137463 1
137480 5
137530 1
137547 1
137566 1
137582 1
137597 2
137621 2
137644 1
137659 2
137683 2
137705 1
137720 1
137735 1
137752 1
137769 1
137788 1
137803 1
137817 2
137839 1
137857 1
137873 22
138054 1
138072 1
138089 1
138104 1
138119 1
138136 1
138150 4
138189 1
138208 1
138225 1
138240 1
138257 1
138271 1
138288 1
138301 1
138318 1
138334 2
138355 1
138369 1
138386 1
138402 1
138418 1
138438 3
138467 1
138480 1
138496 2
138516 1
138531 2
138551 16
138676 1
138694 1
138711 1
138726 1
138740 2
138767 1
138782 2
138805 16
138934 1
138947 1
138960 1
138973 1
138988 2
139008 5
139055 1
139067 2
139089 3
139118 2
139141 1
139153 1
139167 1
139181 1
139197 1
139210 1
139223 2
139247 1
139266 3
139297 1
139315 1
139330 1
139344 1
139358 1
139372 5
139414 3
139444 1
139458 1
139478 1
139495 1
139507 1
139521 1
139537 7
139596 5
139643 1
139658 7
139722 1
139734 4
139772 8
139838 1
139855 1
139870 1
139885 1
139898 6
139951 1
139971 1
139986 6
140041 2
140066 2
140093 7
140152 1
140170 1
140185 1
140204 2
140231 2
140254 3
140287 1
140301 1
140316 1
140330 1
140345 5
140392 1
140407 2
140432 1
140451 2
140473 1
140486 1
140500 1
140515 2
140541 1
140558 1
140572 1
140587 1
140603 4
140642 1
140657 1
140671 1
140687 1
140701 1
140714 1
140731 1
140748 1
140763 2
140787 1
140801 13
140912 2
140935 1
140952 1
140970 6
141024 1
141039 1
141058 1
141075 1
141091 2
141113 1
141129 1
141143 1
141160 1
141175 1
141192 1
141209 1
141221 1
141236 1
141249 1
141263 2
141286 1
141303 1
141317 1
141332 2
141356 2
141377 1
141391 1
141407 2
141429 1
141445 1
141460 1
141472 1
141488 1
141504 1
141521 1
141536 1
141554 1
141574 1
141590 14
141703 4
141738 1
141751 1
141767 1
141784 1
141801 15
141919 1
141935 1
141949 1
141961 1
141978 1
141994 2
142014 1
142032 1
142045 1
142058 1
142071 4
142106 3
142138 1
142151 1
142164 1
142177 1
142191 1
142204 1
142222 1
142238 1
142252 1
142266 10
142350 1
142367 1
142380 2
142402 2
142429 1
142447 1
142463 3
142489 1
142503 1
142516 1
142532 1
142550 2
142569 1
142585 1
142600 1
142616 2
142640 1
142653 1
142671 1
142683 1
142698 1
142713 1
142729 1
142742 2
142762 2
142782 1
142796 1
142811 2
142831 1
142846 1
142861 1
142878 1
142895 3
142925 1
142938 1
142956 1
142971 13
143072 28
143295 1
143309 1
143328 1
143343 1
143357 3
143391 1
143406 6
143461 1
143475 1
143488 2
143511 2
143529 1
143543 3
143573 1
143588 7
143648 1
143662 1
143675 1
143690 1
143702 1
143715 2
143738 1
143752 1
143772 1
143785 1
143801 1
143817 6
143870 1
143887 2
143909 1
143926 14
144050 1
144067 2
144087 2
144113 13
144217 1
144233 1
144246 1
144261 1
144275 1
144291 11
144382 1
144395 1
144409 3
144438 1
144455 1
144472 1
144487 1
144500 1
144513 1
144527 1
144541 1
144558 1
144571 1
144583 1
144603 1
144619 1
144634 1
144647 1
144667 2
144690 1
144710 1
144729 1
144744 1
144756 1
144772 1
144790 2
144817 1
144833 1
144853 2
144874 1
144893 2
144918 1
144936 1
144952 1
144964 1
144980 1
144993 2
145017 1
145032 1
145051 1
145070 1
145083 1
145096 3
145124 1
145139 1
145159 2
145185 1
145199 1
145213 1
145229 1
145246 1
145262 1
145278 1
145293 1
145309 5
145356 1
145372 1
145388 1
145401 1
145417 1
145430 2
145451 7
145510 1
145525 1
145539 1
145555 1
145573 1
145587 16
145714 1
145729 1
145743 1
145757 4
145796 24
145984 1
146001 2
146024 1
146042 1
146058 1
146073 1
146087 1
146103 1
146121 1
146135 1
146150 3
146182 1
146197 1
146214 1
146232 1
146246 1
146262 1
146278 1
146295 1
146310 1
146328 1
146343 2
146368 1
146385 2
146409 5
146451 1
146469 1
146483 1
146499 1
146514 1
146528 1
146542 1
146560 1
146579 1
146598 1
146612 1
146626 2
146647 1
146662 5
146707 1
146721 7
146781 1
146796 10
146885 1
146904 5
146950 1
146966 1
146983 1
146996 1
147011 5
147051 1
147065 1
147084 1
147102 1
147121 1
147134 1
147151 1
147165 1
147179 1
147196 2
147216 3
147243 3
147273 1
147288 1
147303 3
147333 1
147349 3
147380 1
147400 2
147419 2
147441 1
147457 1
147475 2
147502 1
147519 1
147535 2
147560 1
147576 3
147612 35
147882 1
147896 1
147912 1
147927 1
147943 4
147978 2
148002 1
148015 1
148028 9
148106 1
148119 1
148136 191
149583 1
149599 1
149613 1
149629 1
149643 1
149659 8
149730 322
152168 1
152182 1
152194 1
152208 2
152229 2
152252 1
152269 1
152284 1
152300 1
152319 1
152335 1
152354 1
152372 1
152388 3
152418 1
152438 2
152459 2
152481 1
152495 2
152518 1
152536 1
152554 2
152575 1
152593 1
152606 8
152672 1
152692 5
152740 1
152760 1
152780 1
152796 1
152809 1
152826 1
152842 1
152858 3
152889 1
152906 1
152923 1
152938 1
152958 1
152978 1
152991 1
153005 1
153020 1
153035 2
153055 8
153124 2
153147 1
153164 1
153183 1
153200 3
153235 1
153248 1
153265 2
153290 1
153308 1
153322 6
153377 1
153397 1
153416 1
153436 2
153459 1
153476 1
153491 1
153509 10
153588 1
153605 1
153623 1
153640 1
153653 3
153682 2
153705 1
153722 1
153738 1
153753 1
153768 1
153781 1
153796 1
153811 1
153823 1
153836 1
153849 1
153862 1
153881 1
153895 1
153912 1
153928 1
153944 1
153961 4
153998 2
154021 16
154142 1
154157 2
154178 1
154195 1
154212 2
154234 5
154284 14
154397 2
154419 1
154439 27
154654 2
154679 1
154698 1
154715 1
154734 1
154752 1
154769 1
154781 1
154793 1
154811 1
154827 1
154842 1
154860 1
154877 3
154908 1
154923 2
154945 2
154968 1
154983 1
154996 1
155008 1
155025 1
155037 1
155050 1
155068 1
155082 1
155096 1
155116 1
155133 1
155149 1
155165 1
155183 1
155196 1
155210 3
155239 2
155260 1
155275 1
155292 3
155321 1
155335 1
155351 1
155366 2
155389 1
155402 1
155421 1
155434 1
155447 1
155463 1
155479 1
155494 8
155562 1
155576 6
155628 1
155641 1
155659 1
155676 1
155689 1
155704 1
155721 1
155734 1
155748 7
155807 1
155821 1
155834 1
155850 3
155880 1
155897 1
155913 4
155949 43
156280 1
156298 1
156316 2
156339 1
156354 1
156369 1
156384 1
156401 1
156414 1
156428 1
156444 1
156461 1
156474 1
156487 1
156501 1
156517 6
156578 1
156593 1
156605 1
156618 4
156659 1
156671 1
156688 1
156701 1
156721 1
156734 1
156747 1
156765 1
156783 1
156796 1
156812 1
156825 1
156844 1
156858 3
156888 1
156901 1
156913 1
156929 1
156942 1
156961 1
156978 1
